                 1         2         3         4         5         6         7         8         9        10
            Degree   EffSize Efficienc Constrain Hierarchy    EgoBet Ln(Constr Indirects   Density  Numholes
         --------- --------- --------- --------- --------- --------- --------- --------- --------- ---------
  1   0      9.000     6.508     0.723     0.613     0.266     7.000    -0.490     0.972     0.806    14.000
  2   1      1.000     0.000     1.000     0.000     1.000     0.000      -Inf     0.000               0.000
  3   2     14.000    11.978     0.856     0.352     0.275    64.667    -1.044     0.789     0.308   126.000
  4   3     21.000    16.901     0.805     0.453     0.485     1.055    -0.792     0.978     0.957    18.000
  5   4      8.000     5.953     0.744     0.718     0.328    12.000    -0.332     0.978     0.607    22.000
  6   5     51.000    35.116     0.689     0.371     0.593   109.565    -0.993     0.960     0.656   878.000
  7   6      2.000     1.000     0.500     1.952     0.000     0.000     0.669     0.976     1.000     0.000
  8   7     40.000    36.127     0.903     0.317     0.487    42.645    -1.148     0.841     0.738   408.000
  9   8     80.000    60.319     0.754     0.305     0.688   990.217    -1.187     0.805     0.388  3866.000
 10   9     38.000    28.864     0.760     0.303     0.516   182.638    -1.193     0.899     0.563   614.000
 11  10     13.000    10.655     0.820     0.504     0.511    31.536    -0.685     0.774     0.526    74.000
 12  11      0.000     0.000     0.820     0.000               0.000      -Inf     0.000               0.000
 13  12      3.000     1.229     0.410     1.356     0.192     0.000     0.305     0.901     1.000     0.000
 14  13      2.000     1.050     0.525     1.197     0.195     0.000     0.180     0.493     1.000     0.000
 15  14     76.000    59.070     0.777     0.264     0.631   607.975    -1.333     0.741     0.423  3288.000
 16  15     56.000    44.164     0.789     0.300     0.584   181.417    -1.203     0.797     0.617  1180.000
 17  16     37.000    23.523     0.636     0.415     0.566    25.813    -0.879     0.994     0.797   270.000
 18  17      1.000     0.000     1.000     0.000     1.000     0.000      -Inf     0.000               0.000
 19  18     57.000    37.659     0.661     0.383     0.599    96.067    -0.959     0.962     0.652  1110.000
 20  19     38.000    28.773     0.757     0.284     0.403    30.578    -1.258     0.977     0.799   282.000
 21  20      4.000     2.214     0.553     1.446     0.379     0.667     0.368     0.988     0.833     2.000
 22  21      9.000     7.064     0.785     0.566     0.217     1.986    -0.570     0.963     0.861    10.000
 23  22      5.000     2.991     0.598     1.026     0.269     0.000     0.026     0.994     1.000     0.000
 24  23     23.000    13.974     0.608     0.492     0.525     0.713    -0.710     0.992     0.972    14.000
 25  24     57.000    36.247     0.636     0.429     0.627    87.980    -0.847     0.945     0.650  1118.000
 26  25     11.000     8.103     0.737     0.578     0.348     0.000    -0.548     0.999     1.000     0.000
 27  26     53.000    32.798     0.619     0.390     0.639    66.939    -0.941     0.980     0.688   860.000
 28  27      6.000     4.642     0.774     0.945     0.332     0.000    -0.056     0.975     1.000     0.000
 29  28     16.000    12.308     0.769     0.445     0.340     0.593    -0.810     0.998     0.967     8.000
 30  29      7.000     5.426     0.775     0.894     0.314     0.000    -0.112     0.978     1.000     0.000
 31  30      2.000     1.000     0.500     1.938     0.001     0.000     0.661     0.968     1.000     0.000
 32  31     28.000    17.788     0.635     0.477     0.544     3.419    -0.741     0.997     0.913    66.000
 33  32     26.000    19.015     0.731     0.351     0.385     5.833    -1.048     0.990     0.883    76.000
 34  33     42.000    32.238     0.768     0.283     0.427    40.335    -1.263     0.973     0.791   360.000
 35  34     55.000    34.924     0.635     0.425     0.629    88.113    -0.856     0.958     0.673   970.000
 36  35     18.000    11.949     0.664     0.493     0.472     7.429    -0.708     0.992     0.889    34.000
 37  36     48.000    35.691     0.744     0.323     0.512    74.687    -1.132     0.965     0.690   700.000
 38  37     42.000    31.455     0.749     0.323     0.509    29.498    -1.129     0.984     0.822   306.000
 39  38     29.000    20.553     0.709     0.350     0.446     4.737    -1.051     0.992     0.899    82.000
 40  39     12.000     5.301     0.442     0.926     0.605     4.644    -0.077     0.997     0.833    22.000
 41  40     44.000    31.295     0.711     0.345     0.508    18.949    -1.064     0.972     0.800   378.000
 42  41     50.000    40.368     0.807     0.245     0.420    45.818    -1.406     0.932     0.731   660.000
 43  42      0.000     0.000     0.807     0.000               0.000      -Inf     0.000               0.000
 44  43     52.000    34.352     0.661     0.414     0.604    99.592    -0.883     0.969     0.707   778.000
 45  44     42.000    28.659     0.682     0.345     0.512    24.764    -1.065     0.989     0.792   358.000
 46  45     30.000    24.057     0.802     0.505     0.573     8.282    -0.683     0.990     0.880   104.000
 47  46     29.000    20.093     0.693     0.354     0.449     9.665    -1.038     0.992     0.855   118.000
 48  47     17.000    14.543     0.855     0.324     0.308    55.521    -1.126     0.734     0.485   140.000
 49  48     16.000     8.898     0.556     0.622     0.525     0.825    -0.474     0.997     0.958    10.000
 50  49     43.000    37.126     0.863     0.404     0.704   121.558    -0.906     0.757     0.616   694.000
 51  50      7.000     5.023     0.718     0.904     0.517    16.000    -0.100     0.766     0.476    22.000
 52  51      2.000     1.000     0.500     1.993     0.000     0.000     0.690     0.996     1.000     0.000
 53  52      7.000     5.726     0.818     0.435     0.194    19.333    -0.833     0.575     0.429    24.000
 54  53      7.000     4.484     0.641     0.869     0.346     2.067    -0.141     0.984     0.810     8.000
 55  54      5.000     2.987     0.597     1.041     0.254     3.000     0.040     0.961     0.700     6.000
 56  55     20.000    14.498     0.725     0.413     0.413     0.972    -0.885     0.989     0.958    16.000
 57  56     12.000    10.005     0.834     0.480     0.345    34.700    -0.733     0.862     0.470    70.000
 58  57     58.000    43.152     0.744     0.282     0.517    97.739    -1.266     0.931     0.644  1176.000
 59  58     19.000    15.640     0.823     0.404     0.397   108.338    -0.906     0.924     0.386   210.000
 60  59      8.000     6.194     0.774     1.000     0.525     1.200    -0.000     0.938     0.893     6.000
 61  60     15.000    10.709     0.714     0.817     0.602    11.233    -0.203     0.982     0.733    56.000
 62  61     49.000    35.391     0.722     0.288     0.510    91.429    -1.245     0.968     0.706   692.000
 63  62      6.000     4.698     0.783     1.177     0.468     0.000     0.163     0.975     1.000     0.000
 64  63      6.000     3.423     0.570     0.874     0.260     0.000    -0.135     0.999     1.000     0.000
 65  64     10.000     7.759     0.776     0.631     0.377     0.786    -0.460     0.994     0.933     6.000
 66  65     58.000    37.505     0.647     0.414     0.621   130.864    -0.882     0.949     0.610  1290.000
 67  66      3.000     2.333     0.778     0.878     0.103     4.000    -0.131     0.571     0.333     4.000
 68  67     67.000    41.160     0.614     0.431     0.710   333.131    -0.842     0.861     0.511  2164.000
 69  68      1.000     0.000     1.000     0.000     1.000     0.000      -Inf     0.000               0.000
 70  69     15.000    12.530     0.835     0.781     0.591    37.519    -0.247     0.946     0.648    74.000
 71  70     63.000    48.109     0.764     0.275     0.589   279.990    -1.290     0.914     0.524  1860.000
 72  71     57.000    38.515     0.676     0.386     0.617    89.483    -0.953     0.939     0.656  1098.000
 73  72     50.000    43.826     0.877     0.293     0.593   428.132    -1.229     0.738     0.506  1210.000
 74  73     58.000    40.713     0.702     0.350     0.589   109.206    -1.050     0.957     0.634  1210.000
 75  74     38.000    26.505     0.698     0.365     0.504    34.319    -1.007     0.994     0.815   260.000
 76  75     36.000    25.330     0.704     0.327     0.511    13.057    -1.117     0.991     0.849   190.000
 77  76     52.000    41.069     0.790     0.341     0.632    70.764    -1.076     0.813     0.676   860.000
 78  77     12.000    10.036     0.836     0.445     0.287    15.265    -0.809     0.859     0.636    48.000
 79  78      7.000     5.583     0.798     0.428     0.136    17.333    -0.849     0.611     0.429    24.000
 80  79     22.000    17.863     0.812     0.310     0.268     5.673    -1.172     0.992     0.887    52.000
 81  80     44.000    31.271     0.711     0.318     0.488    29.795    -1.147     0.988     0.781   414.000
 82  81     39.000    27.719     0.711     0.301     0.512    89.356    -1.202     0.983     0.825   260.000
 83  82      2.000     1.000     0.500     1.999     0.000     0.000     0.693     0.999     1.000     0.000
 84  83      1.000     0.000     1.000     0.000     1.000     0.000      -Inf     0.000               0.000
 85  84      1.000     0.000     1.000     0.000     1.000     0.000      -Inf     0.000               0.000
 86  85      1.000     0.000     1.000     0.000     1.000     0.000      -Inf     0.000               0.000
 87  86     31.000    19.850     0.640     0.421     0.515     7.325    -0.865     0.992     0.869   122.000
 88  87     55.000    42.834     0.779     0.258     0.486   178.594    -1.356     0.946     0.624  1118.000
 89  88      0.000     0.000     0.779     0.000               0.000      -Inf     0.000               0.000
 90  89     63.000    49.662     0.788     0.259     0.515   654.245    -1.353     0.946     0.480  2032.000
 91  90     50.000    31.579     0.632     0.385     0.609    66.538    -0.954     0.975     0.710   710.000
 92  91      5.000     3.161     0.632     0.740     0.116     0.500    -0.301     0.817     0.900     2.000
 93  92      9.000     7.627     0.847     0.467     0.177    19.333    -0.761     0.848     0.472    38.000
 94  93     50.000    41.562     0.831     0.291     0.484    95.318    -1.236     0.903     0.649   860.000
 95  94     11.000     6.566     0.597     0.609     0.350     0.200    -0.495     0.998     0.982     2.000
 96  95     51.000    32.649     0.640     0.438     0.620   113.410    -0.825     0.968     0.673   834.000
 97  96     28.000    17.995     0.643     0.392     0.484     1.630    -0.937     0.996     0.952    36.000
 98  97     35.000    22.268     0.636     0.409     0.541    19.926    -0.894     0.994     0.818   216.000
 99  98     26.000    14.790     0.569     0.509     0.559    27.119    -0.675     0.997     0.892    70.000
100  99     53.000    32.410     0.612     0.469     0.635   101.470    -0.757     0.971     0.642   988.000
101 100      9.000     7.486     0.832     0.896     0.579    15.833    -0.110     0.887     0.583    30.000
102 101     37.000    28.498     0.770     0.298     0.431     9.530    -1.210     0.985     0.862   184.000
103 102     14.000    10.504     0.750     0.532     0.408    26.600    -0.632     0.978     0.824    32.000
104 103      4.000     1.519     0.380     1.413     0.322     0.000     0.346     0.999     1.000     0.000
105 104      9.000     4.954     0.550     0.784     0.464     1.600    -0.244     0.957     0.889     8.000
106 105      2.000     1.000     0.500     1.601     0.013     0.000     0.471     0.786     1.000     0.000
107 106     55.000    41.957     0.763     0.341     0.537   208.949    -1.077     0.930     0.612  1152.000
108 107      8.000     4.556     0.570     0.718     0.301     0.000    -0.332     1.000     1.000     0.000
109 108      0.000     0.000     0.570     0.000               0.000      -Inf     0.000               0.000
110 109      0.000     0.000     0.570     0.000               0.000      -Inf     0.000               0.000
111 110      0.000     0.000     0.570     0.000               0.000      -Inf     0.000               0.000
112 111      0.000     0.000     0.570     0.000               0.000      -Inf     0.000               0.000
113 112      0.000     0.000     0.570     0.000               0.000      -Inf     0.000               0.000
114 113      0.000     0.000     0.570     0.000               0.000      -Inf     0.000               0.000
115 114      0.000     0.000     0.570     0.000               0.000      -Inf     0.000               0.000