145
1 95
95 1
1 14
14 1
1 15
15 1
1 12
12 1
1 141
141 1
1 2
2 1
1 140
140 1
1 96
96 1
2 91
91 2
2 92
92 2
2 95
95 2
2 96
96 2
2 97
97 2
2 98
98 2
2 14
14 2
2 93
93 2
2 12
12 2
2 77
77 2
2 141
141 2
2 140
140 2
91 92
92 91
91 93
93 91
91 4
4 91
91 7
7 91
91 95
95 91
91 96
96 91
91 97
97 91
91 98
98 91
91 8
8 91
91 14
14 91
91 6
6 91
92 93
93 92
92 6
6 92
92 7
7 92
92 8
8 92
92 4
4 92
92 94
94 92
92 95
95 92
92 96
96 92
92 11
11 92
92 97
97 92
92 98
98 92
92 14
14 92
92 5
5 92
99 3
3 99
99 93
93 99
99 94
94 99
99 97
97 99
99 12
12 99
99 98
98 99
99 27
27 99
99 18
18 99
99 48
48 99
99 117
117 99
99 126
126 99
99 42
42 99
99 14
14 99
99 116
116 99
99 44
44 99
99 57
57 99
99 33
33 99
99 9
9 99
99 115
115 99
99 58
58 99
99 4
4 99
99 121
121 99
3 93
93 3
3 4
4 3
3 94
94 3
3 12
12 3
3 98
98 3
3 126
126 3
3 48
48 3
3 49
49 3
3 121
121 3
3 125
125 3
3 27
27 3
3 97
97 3
3 124
124 3
3 57
57 3
3 13
13 3
3 29
29 3
3 5
5 3
3 18
18 3
3 108
108 3
3 117
117 3
3 42
42 3
93 4
4 93
93 94
94 93
93 7
7 93
93 96
96 93
93 97
97 93
93 98
98 93
93 8
8 93
93 95
95 93
93 14
14 93
93 6
6 93
93 49
49 93
4 94
94 4
4 6
6 4
4 8
8 4
4 96
96 4
4 97
97 4
4 98
98 4
4 49
49 4
4 121
121 4
4 50
50 4
4 48
48 4
4 7
7 4
4 52
52 4
4 120
120 4
4 51
51 4
4 5
5 4
4 13
13 4
4 79
79 4
5 7
7 5
5 13
13 5
5 51
51 5
5 49
49 5
5 94
94 5
94 7
7 94
94 97
97 94
94 98
98 94
94 48
48 94
94 49
49 94
94 96
96 94
94 126
126 94
94 8
8 94
94 6
6 94
94 95
95 94
94 14
14 94
94 12
12 94
6 49
49 6
6 50
50 6
6 8
8 6
6 96
96 6
6 52
52 6
6 7
7 6
7 49
49 7
7 52
52 7
7 51
51 7
7 8
8 7
7 95
95 7
7 96
96 7
8 95
95 8
8 96
96 8
8 14
14 8
8 97
97 8
95 96
96 95
95 97
97 95
95 14
14 95
95 12
12 95
95 98
98 95
95 141
141 95
95 140
140 95
95 77
77 95
95 76
76 95
95 28
28 95
96 14
14 96
96 76
76 96
96 77
77 96
96 140
140 96
96 89
89 96
96 141
141 96
96 97
97 96
96 98
98 96
96 12
12 96
9 10
10 9
9 11
11 9
9 12
12 9
9 14
14 9
9 44
44 9
9 15
15 9
9 42
42 9
9 98
98 9
9 97
97 9
10 12
12 10
10 14
14 10
10 15
15 10
10 42
42 10
10 44
44 10
10 45
45 10
11 14
14 11
11 44
44 11
97 12
12 97
97 98
98 97
97 14
14 97
97 42
42 97
97 48
48 97
97 117
117 97
12 98
98 12
12 14
14 12
12 18
18 12
12 27
27 12
12 108
108 12
12 117
117 12
12 126
126 12
12 28
28 12
12 42
42 12
12 48
48 12
12 116
116 12
12 33
33 12
12 39
39 12
12 115
115 12
12 44
44 12
12 15
15 12
12 40
40 12
98 42
42 98
98 44
44 98
98 48
48 98
98 58
58 98
98 14
14 98
98 117
117 98
13 27
27 13
13 29
29 13
13 104
104 13
13 126
126 13
13 125
125 13
14 18
18 14
14 28
28 14
14 117
117 14
14 39
39 14
14 41
41 14
14 116
116 14
14 42
42 14
14 40
40 14
14 15
15 14
14 141
141 14
15 45
45 15
15 40
40 15
16 104
104 16
16 29
29 16
16 30
30 16
16 27
27 16
16 17
17 16
16 105
105 16
17 100
100 17
17 101
101 17
17 104
104 17
17 105
105 17
17 106
106 17
17 107
107 17
17 29
29 17
17 102
102 17
17 27
27 17
100 101
101 100
100 102
102 100
100 19
19 100
100 22
22 100
100 104
104 100
100 105
105 100
100 106
106 100
100 107
107 100
100 23
23 100
100 29
29 100
100 21
21 100
101 102
102 101
101 21
21 101
101 22
22 101
101 23
23 101
101 19
19 101
101 103
103 101
101 104
104 101
101 105
105 101
101 26
26 101
101 106
106 101
101 107
107 101
101 29
29 101
101 20
20 101
108 18
18 108
108 102
102 108
108 103
103 108
108 106
106 108
108 27
27 108
108 107
107 108
108 33
33 108
108 117
117 108
108 126
126 108
108 57
57 108
108 29
29 108
108 125
125 108
108 59
59 108
108 42
42 108
108 48
48 108
108 24
24 108
108 124
124 108
108 43
43 108
108 19
19 108
108 112
112 108
18 102
102 18
18 19
19 18
18 103
103 18
18 27
27 18
18 107
107 18
18 117
117 18
18 33
33 18
18 34
34 18
18 112
112 18
18 116
116 18
18 106
106 18
18 115
115 18
18 42
42 18
18 28
28 18
18 20
20 18
18 126
126 18
102 19
19 102
102 103
103 102
102 22
22 102
102 105
105 102
102 106
106 102
102 107
107 102
102 23
23 102
102 104
104 102
102 29
29 102
102 21
21 102
102 34
34 102
19 103
103 19
19 21
21 19
19 23
23 19
19 105
105 19
19 106
106 19
19 107
107 19
19 34
34 19
19 112
112 19
19 35
35 19
19 33
33 19
19 22
22 19
19 37
37 19
19 111
111 19
19 36
36 19
19 20
20 19
19 28
28 19
20 22
22 20
20 28
28 20
20 36
36 20
20 34
34 20
20 103
103 20
103 22
22 103
103 106
106 103
103 107
107 103
103 33
33 103
103 34
34 103
103 105
105 103
103 117
117 103
103 23
23 103
103 21
21 103
103 104
104 103
103 29
29 103
103 27
27 103
21 34
34 21
21 35
35 21
21 23
23 21
21 105
105 21
21 37
37 21
21 22
22 21
22 34
34 22
22 37
37 22
22 36
36 22
22 23
23 22
22 104
104 22
22 105
105 22
23 104
104 23
23 105
105 23
23 29
29 23
23 106
106 23
104 105
105 104
104 106
106 104
104 29
29 104
104 27
27 104
104 107
107 104
105 29
29 105
105 106
106 105
105 107
107 105
105 27
27 105
24 25
25 24
24 26
26 24
24 27
27 24
24 29
29 24
24 59
59 24
24 30
30 24
24 57
57 24
24 107
107 24
24 106
106 24
25 27
27 25
25 29
29 25
25 30
30 25
25 57
57 25
25 59
59 25
25 60
60 25
26 29
29 26
26 59
59 26
106 27
27 106
106 107
107 106
106 29
29 106
106 57
57 106
106 33
33 106
106 126
126 106
27 107
107 27
27 29
29 27
27 126
126 27
27 117
117 27
27 57
57 27
27 33
33 27
27 125
125 27
27 54
54 27
27 124
124 27
27 59
59 27
27 30
30 27
27 55
55 27
107 33
33 107
107 43
43 107
107 57
57 107
107 59
59 107
107 29
29 107
107 126
126 107
28 117
117 28
28 116
116 28
29 126
126 29
29 54
54 29
29 56
56 29
29 125
125 29
29 57
57 29
29 55
55 29
29 30
30 29
30 60
60 30
30 55
55 30
31 113
113 31
31 44
44 31
31 45
45 31
31 32
32 31
31 114
114 31
31 42
42 31
32 109
109 32
32 110
110 32
32 113
113 32
32 114
114 32
32 115
115 32
32 116
116 32
32 44
44 32
32 111
111 32
32 42
42 32
109 110
110 109
109 111
111 109
109 34
34 109
109 37
37 109
109 113
113 109
109 114
114 109
109 115
115 109
109 116
116 109
109 38
38 109
109 44
44 109
109 36
36 109
110 111
111 110
110 36
36 110
110 37
37 110
110 38
38 110
110 34
34 110
110 112
112 110
110 113
113 110
110 114
114 110
110 41
41 110
110 115
115 110
110 116
116 110
110 44
44 110
110 35
35 110
117 33
33 117
117 111
111 117
117 112
112 117
117 115
115 117
117 42
42 117
117 116
116 117
117 57
57 117
117 48
48 117
117 44
44 117
117 39
39 117
117 34
34 117
33 111
111 33
33 34
34 33
33 112
112 33
33 42
42 33
33 116
116 33
33 57
57 33
33 115
115 33
33 43
43 33
33 59
59 33
33 35
35 33
33 48
48 33
33 126
126 33
111 34
34 111
111 112
112 111
111 37
37 111
111 114
114 111
111 115
115 111
111 116
116 111
111 38
38 111
111 113
113 111
111 44
44 111
111 36
36 111
34 112
112 34
34 36
36 34
34 38
38 34
34 114
114 34
34 115
115 34
34 116
116 34
34 37
37 34
34 35
35 34
34 43
43 34
35 37
37 35
35 43
43 35
35 112
112 35
112 37
37 112
112 115
115 112
112 116
116 112
112 114
114 112
112 38
38 112
112 36
36 112
112 113
113 112
112 44
44 112
112 42
42 112
36 38
38 36
36 114
114 36
36 37
37 36
37 38
38 37
37 113
113 37
37 114
114 37
38 113
113 38
38 114
114 38
38 44
44 38
38 115
115 38
113 114
114 113
113 115
115 113
113 44
44 113
113 42
42 113
113 116
116 113
113 58
58 113
114 44
44 114
114 115
115 114
114 116
116 114
114 42
42 114
39 40
40 39
39 41
41 39
39 42
42 39
39 44
44 39
39 45
45 39
39 116
116 39
39 115
115 39
40 42
42 40
40 44
44 40
40 45
45 40
41 44
44 41
115 42
42 115
115 116
116 115
115 44
44 115
42 116
116 42
42 44
44 42
42 48
48 42
42 57
57 42
42 126
126 42
42 58
58 42
42 45
45 42
116 44
44 116
43 57
57 43
43 59
59 43
43 122
122 43
44 48
48 44
44 58
58 44
44 45
45 44
46 122
122 46
46 59
59 46
46 60
60 46
46 57
57 46
46 47
47 46
46 123
123 46
47 118
118 47
47 119
119 47
47 122
122 47
47 123
123 47
47 124
124 47
47 125
125 47
47 59
59 47
47 120
120 47
47 57
57 47
118 119
119 118
118 120
120 118
118 49
49 118
118 52
52 118
118 122
122 118
118 123
123 118
118 124
124 118
118 125
125 118
118 53
53 118
118 59
59 118
118 51
51 118
119 120
120 119
119 51
51 119
119 52
52 119
119 53
53 119
119 49
49 119
119 121
121 119
119 122
122 119
119 123
123 119
119 56
56 119
119 124
124 119
119 125
125 119
119 59
59 119
119 50
50 119
126 48
48 126
126 120
120 126
126 121
121 126
126 124
124 126
126 57
57 126
126 125
125 126
126 59
59 126
126 54
54 126
126 49
49 126
48 120
120 48
48 49
49 48
48 121
121 48
48 57
57 48
48 125
125 48
48 124
124 48
48 58
58 48
48 50
50 48
120 49
49 120
120 121
121 120
120 52
52 120
120 123
123 120
120 124
124 120
120 125
125 120
120 53
53 120
120 122
122 120
120 59
59 120
120 51
51 120
49 121
121 49
49 51
51 49
49 53
53 49
49 123
123 49
49 124
124 49
49 125
125 49
49 52
52 49
49 50
50 49
49 58
58 49
50 52
52 50
50 58
58 50
50 121
121 50
121 52
52 121
121 124
124 121
121 125
125 121
121 123
123 121
121 53
53 121
121 51
51 121
121 122
122 121
121 59
59 121
121 57
57 121
51 53
53 51
51 123
123 51
51 52
52 51
52 53
53 52
52 122
122 52
52 123
123 52
53 122
122 53
53 123
123 53
53 59
59 53
53 124
124 53
122 123
123 122
122 124
124 122
122 59
59 122
122 57
57 122
122 125
125 122
123 59
59 123
123 124
124 123
123 125
125 123
123 57
57 123
54 55
55 54
54 56
56 54
54 57
57 54
54 59
59 54
54 60
60 54
54 125
125 54
54 124
124 54
55 57
57 55
55 59
59 55
55 60
60 55
56 59
59 56
124 57
57 124
124 125
125 124
124 59
59 124
57 125
125 57
57 59
59 57
57 60
60 57
125 59
59 125
59 60
60 59
61 131
131 61
61 74
74 61
61 75
75 61
61 72
72 61
61 62
62 61
61 132
132 61
62 127
127 62
62 128
128 62
62 131
131 62
62 132
132 62
62 133
133 62
62 134
134 62
62 74
74 62
62 129
129 62
62 72
72 62
127 128
128 127
127 129
129 127
127 64
64 127
127 67
67 127
127 131
131 127
127 132
132 127
127 133
133 127
127 134
134 127
127 68
68 127
127 74
74 127
127 66
66 127
128 129
129 128
128 66
66 128
128 67
67 128
128 68
68 128
128 64
64 128
128 130
130 128
128 131
131 128
128 132
132 128
128 71
71 128
128 133
133 128
128 134
134 128
128 74
74 128
128 65
65 128
135 63
63 135
135 129
129 135
135 130
130 135
135 133
133 135
135 72
72 135
135 134
134 135
135 144
144 135
135 87
87 135
135 74
74 135
135 143
143 135
135 89
89 135
135 78
78 135
135 69
69 135
135 142
142 135
135 64
64 135
63 129
129 63
63 64
64 63
63 130
130 63
63 72
72 63
63 134
134 63
63 133
133 63
63 73
73 63
63 65
65 63
63 144
144 63
129 64
64 129
129 130
130 129
129 67
67 129
129 132
132 129
129 133
133 129
129 134
134 129
129 68
68 129
129 131
131 129
129 74
74 129
129 66
66 129
64 130
130 64
64 66
66 64
64 68
68 64
64 132
132 64
64 133
133 64
64 134
134 64
64 67
67 64
64 65
65 64
64 73
73 64
65 67
67 65
65 73
73 65
65 130
130 65
130 67
67 130
130 133
133 130
130 134
134 130
130 132
132 130
130 68
68 130
130 66
66 130
130 131
131 130
130 74
74 130
130 72
72 130
66 68
68 66
66 132
132 66
66 67
67 66
67 68
68 67
67 131
131 67
67 132
132 67
68 131
131 68
68 132
132 68
68 133
133 68
68 74
74 68
131 132
132 131
131 133
133 131
131 74
74 131
131 72
72 131
131 134
134 131
132 74
74 132
132 133
133 132
132 134
134 132
132 72
72 132
69 70
70 69
69 71
71 69
69 72
72 69
69 74
74 69
69 89
89 69
69 75
75 69
69 87
87 69
69 134
134 69
69 133
133 69
70 72
72 70
70 74
74 70
70 75
75 70
70 87
87 70
70 89
89 70
70 90
90 70
71 74
74 71
71 89
89 71
133 72
72 133
133 134
134 133
133 74
74 133
133 87
87 133
133 144
144 133
72 134
134 72
72 74
74 72
72 144
144 72
72 87
87 72
72 143
143 72
72 84
84 72
72 142
142 72
72 89
89 72
72 75
75 72
72 85
85 72
134 87
87 134
134 89
89 134
134 74
74 134
134 144
144 134
74 144
144 74
74 84
84 74
74 86
86 74
74 143
143 74
74 87
87 74
74 85
85 74
74 75
75 74
75 90
90 75
75 85
85 75
76 140
140 76
76 89
89 76
76 90
90 76
76 77
77 76
76 141
141 76
76 87
87 76
77 136
136 77
77 137
137 77
77 140
140 77
77 141
141 77
77 142
142 77
77 143
143 77
77 89
89 77
77 138
138 77
77 87
87 77
136 137
137 136
136 138
138 136
136 79
79 136
136 82
82 136
136 140
140 136
136 141
141 136
136 142
142 136
136 143
143 136
136 83
83 136
136 89
89 136
136 81
81 136
137 138
138 137
137 81
81 137
137 82
82 137
137 83
83 137
137 79
79 137
137 139
139 137
137 140
140 137
137 141
141 137
137 86
86 137
137 142
142 137
137 143
143 137
137 89
89 137
137 80
80 137
144 78
78 144
144 138
138 144
144 139
139 144
144 142
142 144
144 87
87 144
144 143
143 144
144 89
89 144
144 84
84 144
144 79
79 144
78 138
138 78
78 79
79 78
78 139
139 78
78 87
87 78
78 143
143 78
78 142
142 78
78 88
88 78
78 80
80 78
138 79
79 138
138 139
139 138
138 82
82 138
138 141
141 138
138 142
142 138
138 143
143 138
138 83
83 138
138 140
140 138
138 89
89 138
138 81
81 138
79 139
139 79
79 81
81 79
79 83
83 79
79 141
141 79
79 142
142 79
79 143
143 79
79 82
82 79
79 80
80 79
79 88
88 79
80 82
82 80
80 88
88 80
80 139
139 80
139 82
82 139
139 142
142 139
139 143
143 139
139 141
141 139
139 83
83 139
139 81
81 139
139 140
140 139
139 89
89 139
139 87
87 139
81 83
83 81
81 141
141 81
81 82
82 81
82 83
83 82
82 140
140 82
82 141
141 82
83 140
140 83
83 141
141 83
83 89
89 83
83 142
142 83
140 141
141 140
140 142
142 140
140 89
89 140
140 87
87 140
140 143
143 140
141 89
89 141
141 142
142 141
141 143
143 141
141 87
87 141
84 85
85 84
84 86
86 84
84 87
87 84
84 89
89 84
84 90
90 84
84 143
143 84
84 142
142 84
85 87
87 85
85 89
89 85
85 90
90 85
86 89
89 86
142 87
87 142
142 143
143 142
142 89
89 142
87 143
143 87
87 89
89 87
87 90
90 87
143 89
89 143
89 90
90 89
