59
51 1
1 51
51 52
52 51
51 4
4 51
51 50
50 51
51 49
49 51
51 53
53 51
51 3
3 51
51 5
5 51
51 9
9 51
51 2
2 51
51 7
7 51
1 50
50 1
1 49
49 1
1 7
7 1
1 10
10 1
1 52
52 1
1 3
3 1
1 5
5 1
1 53
53 1
52 53
53 52
52 4
4 52
52 50
50 52
52 3
3 52
52 2
2 52
52 5
5 52
52 9
9 52
52 39
39 52
2 3
3 2
2 53
53 2
2 4
4 2
2 5
5 2
2 39
39 2
2 48
48 2
2 18
18 2
2 19
19 2
2 13
13 2
2 9
9 2
3 9
9 3
3 16
16 3
3 18
18 3
3 39
39 3
3 17
17 3
3 21
21 3
3 40
40 3
3 15
15 3
3 46
46 3
3 19
19 3
3 5
5 3
3 12
12 3
3 4
4 3
3 53
53 3
3 47
47 3
3 7
7 3
3 10
10 3
3 50
50 3
53 4
4 53
53 50
50 53
53 48
48 53
53 39
39 53
53 5
5 53
4 5
5 4
4 19
19 4
4 13
13 4
4 50
50 4
4 49
49 4
50 49
49 50
50 5
5 50
50 10
10 50
50 9
9 50
50 12
12 50
5 12
12 5
5 13
13 5
5 19
19 5
5 49
49 5
5 9
9 5
5 18
18 5
49 10
10 49
49 12
12 49
6 12
12 6
6 19
19 6
6 11
11 6
6 10
10 6
6 8
8 6
7 9
9 7
7 10
10 7
7 12
12 7
7 8
8 7
7 11
11 7
8 10
10 8
8 12
12 8
8 11
11 8
8 17
17 8
8 20
20 8
8 9
9 8
8 21
21 8
9 10
10 9
9 12
12 9
9 17
17 9
9 19
19 9
9 16
16 9
9 18
18 9
10 12
12 10
10 11
11 10
11 12
12 11
12 17
17 12
12 19
19 12
12 13
13 12
12 18
18 12
13 19
19 13
13 18
18 13
13 14
14 13
14 18
18 14
14 19
19 14
14 24
24 14
14 17
17 14
15 17
17 15
15 18
18 15
15 26
26 15
15 27
27 15
15 42
42 15
15 57
57 15
15 16
16 15
15 19
19 15
15 24
24 15
15 58
58 15
15 39
39 15
15 40
40 15
15 22
22 15
15 20
20 15
15 21
21 15
16 17
17 16
16 20
20 16
16 21
21 16
16 22
22 16
16 23
23 16
16 24
24 16
16 18
18 16
16 19
19 16
16 39
39 16
16 27
27 16
16 40
40 16
16 42
42 16
17 18
18 17
17 19
19 17
17 20
20 17
17 21
21 17
17 23
23 17
17 24
24 17
18 19
19 18
18 24
24 18
18 39
39 18
18 42
42 18
18 40
40 18
19 24
24 19
19 20
20 19
20 21
21 20
20 23
23 20
20 24
24 20
21 22
22 21
21 23
23 21
22 23
23 22
22 27
27 22
23 24
24 23
23 27
27 23
24 58
58 24
24 26
26 24
56 25
25 56
56 57
57 56
56 28
28 56
56 55
55 56
56 54
54 56
56 58
58 56
56 27
27 56
56 29
29 56
56 33
33 56
56 26
26 56
56 31
31 56
25 55
55 25
25 54
54 25
25 31
31 25
25 34
34 25
25 57
57 25
25 27
27 25
25 29
29 25
25 58
58 25
57 58
58 57
57 28
28 57
57 55
55 57
57 27
27 57
57 26
26 57
57 29
29 57
57 33
33 57
26 27
27 26
26 58
58 26
26 28
28 26
26 29
29 26
26 42
42 26
26 43
43 26
26 37
37 26
26 33
33 26
27 33
33 27
27 40
40 27
27 42
42 27
27 41
41 27
27 45
45 27
27 39
39 27
27 43
43 27
27 29
29 27
27 36
36 27
27 28
28 27
27 58
58 27
27 31
31 27
27 34
34 27
27 55
55 27
58 28
28 58
58 55
55 58
58 29
29 58
28 29
29 28
28 43
43 28
28 37
37 28
28 55
55 28
28 54
54 28
55 54
54 55
55 29
29 55
55 34
34 55
55 33
33 55
55 36
36 55
29 36
36 29
29 37
37 29
29 43
43 29
29 54
54 29
29 33
33 29
29 42
42 29
54 34
34 54
54 36
36 54
30 36
36 30
30 43
43 30
30 35
35 30
30 34
34 30
30 32
32 30
31 33
33 31
31 34
34 31
31 36
36 31
31 32
32 31
31 35
35 31
32 34
34 32
32 36
36 32
32 35
35 32
32 41
41 32
32 44
44 32
32 33
33 32
32 45
45 32
33 34
34 33
33 36
36 33
33 41
41 33
33 43
43 33
33 40
40 33
33 42
42 33
34 36
36 34
34 35
35 34
35 36
36 35
36 41
41 36
36 43
43 36
36 37
37 36
36 42
42 36
37 43
43 37
37 42
42 37
37 38
38 37
38 42
42 38
38 43
43 38
38 48
48 38
38 41
41 38
39 41
41 39
39 42
42 39
39 40
40 39
39 43
43 39
39 48
48 39
39 46
46 39
39 44
44 39
39 45
45 39
40 41
41 40
40 44
44 40
40 45
45 40
40 46
46 40
40 47
47 40
40 48
48 40
40 42
42 40
40 43
43 40
41 42
42 41
41 43
43 41
41 44
44 41
41 45
45 41
41 47
47 41
41 48
48 41
42 43
43 42
42 48
48 42
43 48
48 43
43 44
44 43
44 45
45 44
44 47
47 44
44 48
48 44
45 46
46 45
45 47
47 45
46 47
47 46
47 48
48 47
