87
15 1
1 15
15 17
17 15
15 16
16 15
15 22
22 15
15 21
21 15
15 18
18 15
15 19
19 15
15 20
20 15
1 17
17 1
1 16
16 1
1 18
18 1
1 22
22 1
1 21
21 1
1 23
23 1
1 20
20 1
1 24
24 1
1 30
30 1
23 17
17 23
23 16
16 23
23 30
30 23
23 24
24 23
23 25
25 23
23 26
26 23
23 18
18 23
23 27
27 23
23 19
19 23
23 29
29 23
23 28
28 23
23 2
2 23
23 3
3 23
2 29
29 2
2 30
30 2
2 24
24 2
2 25
25 2
2 28
28 2
2 4
4 2
2 48
48 2
2 34
34 2
2 19
19 2
2 27
27 2
2 3
3 2
2 26
26 2
2 41
41 2
2 62
62 2
2 61
61 2
2 63
63 2
27 28
28 27
27 3
3 27
27 26
26 27
27 25
25 27
27 62
62 27
27 60
60 27
27 61
61 27
27 24
24 27
27 8
8 27
27 54
54 27
27 52
52 27
27 51
51 27
27 29
29 27
27 30
30 27
28 29
29 28
28 26
26 28
28 30
30 28
28 24
24 28
28 25
25 28
28 3
3 28
3 53
53 3
3 54
54 3
3 26
26 3
3 61
61 3
3 52
52 3
3 29
29 3
3 44
44 3
29 30
30 29
29 26
26 29
29 24
24 29
29 25
25 29
29 16
16 29
29 17
17 29
29 19
19 29
17 16
16 17
17 30
30 17
17 18
18 17
17 19
19 17
17 24
24 17
17 20
20 17
17 21
21 17
17 22
22 17
17 25
25 17
16 18
18 16
16 22
22 16
16 21
21 16
16 19
19 16
16 24
24 16
16 20
20 16
16 25
25 16
16 30
30 16
30 18
18 30
30 24
24 30
30 25
25 30
30 26
26 30
30 19
19 30
26 25
25 26
26 24
24 26
26 8
8 26
26 18
18 26
26 60
60 26
18 25
25 18
18 19
19 18
18 24
24 18
18 22
22 18
18 21
21 18
18 20
20 18
22 21
21 22
22 20
20 22
22 19
19 22
31 32
32 31
21 20
20 21
21 19
19 21
20 19
19 20
24 25
25 24
24 19
19 24
24 4
4 24
25 19
19 25
19 4
4 19
33 4
4 33
33 35
35 33
33 34
34 33
33 40
40 33
33 39
39 33
33 36
36 33
33 37
37 33
33 38
38 33
4 35
35 4
4 34
34 4
4 36
36 4
4 40
40 4
4 39
39 4
4 41
41 4
4 38
38 4
4 63
63 4
4 42
42 4
4 48
48 4
41 35
35 41
41 34
34 41
41 48
48 41
41 42
42 41
41 43
43 41
41 36
36 41
41 45
45 41
41 44
44 41
41 47
47 41
41 37
37 41
41 46
46 41
41 5
5 41
5 47
47 5
5 48
48 5
5 42
42 5
5 43
43 5
5 46
46 5
5 6
6 5
5 45
45 5
5 44
44 5
5 81
81 5
5 80
80 5
45 46
46 45
45 6
6 45
45 44
44 45
45 43
43 45
45 80
80 45
45 79
79 45
45 42
42 45
45 12
12 45
45 47
47 45
45 48
48 45
46 47
47 46
46 44
44 46
46 48
48 46
46 42
42 46
46 43
43 46
46 6
6 46
6 44
44 6
6 71
71 6
6 79
79 6
6 72
72 6
6 47
47 6
47 48
48 47
47 44
44 47
47 42
42 47
47 43
43 47
47 34
34 47
47 35
35 47
47 37
37 47
35 34
34 35
35 48
48 35
35 36
36 35
35 37
37 35
35 42
42 35
35 38
38 35
35 39
39 35
35 40
40 35
35 43
43 35
34 36
36 34
34 40
40 34
34 39
39 34
34 37
37 34
34 42
42 34
34 38
38 34
34 43
43 34
34 48
48 34
48 36
36 48
48 42
42 48
48 43
43 48
48 37
37 48
48 44
44 48
44 43
43 44
44 42
42 44
44 36
36 44
44 12
12 44
36 43
43 36
36 42
42 36
36 37
37 36
36 10
10 36
36 40
40 36
36 39
39 36
36 38
38 36
40 39
39 40
40 38
38 40
40 37
37 40
40 7
7 40
49 50
50 49
49 7
7 49
50 7
7 50
39 38
38 39
39 37
37 39
39 7
7 39
38 37
37 38
38 7
7 38
42 43
43 42
42 37
37 42
43 37
37 43
37 7
7 37
51 8
8 51
51 53
53 51
51 52
52 51
51 58
58 51
51 57
57 51
51 54
54 51
51 55
55 51
51 56
56 51
8 53
53 8
8 52
52 8
8 54
54 8
8 58
58 8
8 57
57 8
8 59
59 8
8 56
56 8
8 60
60 8
8 66
66 8
59 53
53 59
59 52
52 59
59 66
66 59
59 60
60 59
59 61
61 59
59 54
54 59
59 63
63 59
59 55
55 59
59 65
65 59
59 64
64 59
59 9
9 59
59 62
62 59
9 65
65 9
9 66
66 9
9 60
60 9
9 61
61 9
9 12
12 9
9 64
64 9
9 55
55 9
9 63
63 9
9 10
10 9
9 62
62 9
9 77
77 9
9 70
70 9
9 84
84 9
63 64
64 63
63 10
10 63
63 62
62 63
63 61
61 63
63 60
60 63
63 65
65 63
63 66
66 63
64 65
65 64
64 62
62 64
64 66
66 64
64 61
61 64
64 60
60 64
64 10
10 64
10 62
62 10
10 65
65 10
10 78
78 10
10 81
81 10
10 80
80 10
65 66
66 65
65 62
62 65
65 60
60 65
65 61
61 65
65 52
52 65
65 53
53 65
65 55
55 65
53 52
52 53
53 66
66 53
53 54
54 53
53 55
55 53
53 60
60 53
53 56
56 53
53 57
57 53
53 58
58 53
53 61
61 53
52 54
54 52
52 58
58 52
52 57
57 52
52 55
55 52
52 60
60 52
52 56
56 52
52 61
61 52
52 66
66 52
66 54
54 66
66 60
60 66
66 61
61 66
66 55
55 66
66 62
62 66
62 60
60 62
62 61
61 62
62 54
54 62
54 61
61 54
54 55
55 54
54 60
60 54
54 57
57 54
54 58
58 54
54 12
12 54
54 56
56 54
58 57
57 58
58 56
56 58
58 55
55 58
58 11
11 58
67 68
68 67
67 11
11 67
68 11
11 68
68 74
74 68
57 56
56 57
57 55
55 57
57 11
11 57
56 55
55 56
56 11
11 56
60 55
55 60
60 61
61 60
60 12
12 60
61 55
55 61
55 11
11 55
55 12
12 55
11 74
74 11
11 75
75 11
69 12
12 69
69 71
71 69
69 70
70 69
69 76
76 69
69 75
75 69
69 72
72 69
69 73
73 69
69 74
74 69
12 71
71 12
12 70
70 12
12 72
72 12
12 76
76 12
12 75
75 12
12 74
74 12
12 77
77 12
12 78
78 12
12 84
84 12
77 71
71 77
77 70
70 77
77 84
84 77
77 78
78 77
77 79
79 77
77 72
72 77
77 81
81 77
77 73
73 77
77 83
83 77
77 82
82 77
77 13
13 77
77 80
80 77
13 83
83 13
13 84
84 13
13 78
78 13
13 79
79 13
13 82
82 13
13 73
73 13
13 14
14 13
13 81
81 13
13 80
80 13
81 82
82 81
81 14
14 81
81 80
80 81
81 79
79 81
81 78
78 81
81 83
83 81
81 84
84 81
82 83
83 82
82 84
84 82
82 80
80 82
82 79
79 82
82 78
78 82
82 14
14 82
14 80
80 14
14 83
83 14
83 84
84 83
83 80
80 83
83 78
78 83
83 79
79 83
83 70
70 83
83 71
71 83
83 73
73 83
71 70
70 71
71 84
84 71
71 72
72 71
71 73
73 71
71 78
78 71
71 74
74 71
71 75
75 71
71 76
76 71
71 79
79 71
70 72
72 70
70 76
76 70
70 75
75 70
70 73
73 70
70 78
78 70
70 74
74 70
70 79
79 70
70 84
84 70
84 72
72 84
84 78
78 84
84 79
79 84
84 73
73 84
84 80
80 84
80 78
78 80
80 79
79 80
80 72
72 80
72 75
75 72
72 78
78 72
72 79
79 72
72 73
73 72
72 76
76 72
72 74
74 72
76 75
75 76
76 74
74 76
76 73
73 76
85 86
86 85
75 74
74 75
75 73
73 75
74 73
73 74
78 79
79 78
78 73
73 78
79 73
73 79
