561
295 3
3 295
295 296
296 295
295 127
127 295
295 128
128 295
295 129
129 295
295 411
411 295
295 1
1 295
295 21
21 295
295 412
412 295
295 4
4 295
295 5
5 295
295 130
130 295
295 145
145 295
1 3
3 1
1 4
4 1
1 5
5 1
1 21
21 1
1 296
296 1
1 127
127 1
1 411
411 1
1 128
128 1
1 412
412 1
1 2
2 1
1 314
314 1
1 18
18 1
1 315
315 1
1 19
19 1
1 22
22 1
1 297
297 1
1 24
24 1
1 298
298 1
1 42
42 1
1 26
26 1
1 20
20 1
1 25
25 1
297 298
298 297
297 2
2 297
297 19
19 297
297 314
314 297
297 22
22 297
297 24
24 297
297 25
25 297
297 26
26 297
297 42
42 297
297 315
315 297
297 4
4 297
297 3
3 297
298 2
2 298
298 22
22 298
298 24
24 298
298 42
42 298
298 315
315 298
298 314
314 298
298 26
26 298
298 25
25 298
298 4
4 298
298 19
19 298
2 4
4 2
2 19
19 2
2 26
26 2
2 42
42 2
2 315
315 2
2 3
3 2
2 15
15 2
2 314
314 2
2 22
22 2
2 24
24 2
3 296
296 3
3 314
314 3
3 315
315 3
3 411
411 3
3 21
21 3
3 4
4 3
3 412
412 3
3 127
127 3
3 128
128 3
3 15
15 3
3 5
5 3
3 6
6 3
3 311
311 3
4 6
6 4
4 15
15 4
4 19
19 4
4 311
311 4
4 21
21 4
4 16
16 4
4 18
18 4
4 310
310 4
4 5
5 4
4 314
314 4
4 411
411 4
4 412
412 4
4 296
296 4
4 256
256 4
4 253
253 4
4 145
145 4
4 127
127 4
4 270
270 4
5 18
18 5
5 21
21 5
5 145
145 5
5 127
127 5
5 146
146 5
5 426
426 5
5 411
411 5
5 412
412 5
5 296
296 5
5 128
128 5
5 17
17 5
5 16
16 5
5 310
310 5
5 19
19 5
5 311
311 5
5 15
15 5
5 6
6 5
5 313
313 5
5 312
312 5
6 7
7 6
6 15
15 6
6 311
311 6
6 310
310 6
6 21
21 6
6 299
299 6
6 300
300 6
6 313
313 6
7 15
15 7
7 311
311 7
7 21
21 7
7 300
300 7
7 301
301 7
7 299
299 7
7 14
14 7
7 13
13 7
299 301
301 299
299 14
14 299
299 300
300 299
299 15
15 299
299 309
309 299
299 11
11 299
299 13
13 299
299 303
303 299
299 302
302 299
301 300
300 301
301 15
15 301
301 32
32 301
301 14
14 301
301 309
309 301
301 13
13 301
301 11
11 301
301 303
303 301
302 305
305 302
302 306
306 302
302 303
303 302
302 309
309 302
302 31
31 302
302 10
10 302
302 304
304 302
302 15
15 302
302 33
33 302
302 9
9 302
302 29
29 302
302 324
324 302
304 9
9 304
304 305
305 304
304 306
306 304
304 11
11 304
304 303
303 304
304 309
309 304
304 33
33 304
304 29
29 304
304 12
12 304
304 10
10 304
304 8
8 304
304 13
13 304
8 9
9 8
8 305
305 8
8 10
10 8
8 12
12 8
8 135
135 8
8 136
136 8
8 306
306 8
8 416
416 8
8 418
418 8
8 419
419 8
8 417
417 8
9 305
305 9
9 10
10 9
9 306
306 9
9 12
12 9
9 135
135 9
9 303
303 9
9 29
29 9
9 33
33 9
9 30
30 9
305 10
10 305
305 306
306 305
305 303
303 305
305 29
29 305
305 11
11 305
305 309
309 305
305 12
12 305
305 416
416 305
10 306
306 10
10 416
416 10
10 136
136 10
10 417
417 10
10 12
12 10
10 420
420 10
10 303
303 10
10 31
31 10
10 29
29 10
306 303
303 306
306 31
31 306
306 309
309 306
306 11
11 306
306 141
141 306
11 141
141 11
11 12
12 11
11 414
414 11
11 14
14 11
11 415
415 11
11 13
13 11
11 309
309 11
11 303
303 11
11 300
300 11
12 416
416 12
12 417
417 12
12 423
423 12
12 135
135 12
12 418
418 12
303 309
309 303
303 13
13 303
303 33
33 303
303 29
29 303
303 300
300 303
303 15
15 303
303 31
31 303
309 14
14 309
309 300
300 309
309 15
15 309
309 13
13 309
309 33
33 309
13 14
14 13
13 300
300 13
14 15
15 14
14 141
141 14
14 300
300 14
300 15
15 300
300 32
32 300
15 325
325 15
15 32
32 15
15 35
35 15
15 21
21 15
15 311
311 15
15 310
310 15
310 16
16 310
310 313
313 310
310 311
311 310
310 21
21 310
310 312
312 310
310 18
18 310
310 19
19 310
310 20
20 310
16 18
18 16
16 19
19 16
16 20
20 16
16 312
312 16
16 313
313 16
16 311
311 16
16 21
21 16
16 17
17 16
17 18
18 17
17 19
19 17
17 20
20 17
17 270
270 17
17 21
21 17
18 145
145 18
18 427
427 18
18 270
270 18
18 269
269 18
18 21
21 18
18 256
256 18
18 19
19 18
18 20
20 18
18 251
251 18
18 250
250 18
18 311
311 18
19 20
20 19
19 21
21 19
19 251
251 19
19 312
312 19
19 311
311 19
19 313
313 19
19 26
26 19
19 314
314 19
19 39
39 19
19 42
42 19
19 25
25 19
19 249
249 19
20 312
312 20
20 313
313 20
20 26
26 20
20 250
250 20
20 251
251 20
20 249
249 20
20 247
247 20
20 526
526 20
20 525
525 20
312 313
313 312
312 311
311 312
312 251
251 312
312 26
26 312
313 39
39 313
313 251
251 313
313 311
311 313
311 21
21 311
21 412
412 21
21 411
411 21
21 296
296 21
21 127
127 21
21 128
128 21
21 145
145 21
296 127
127 296
296 411
411 296
296 412
412 296
296 128
128 296
296 129
129 296
314 24
24 314
314 315
315 314
314 22
22 314
314 42
42 314
314 25
25 314
314 26
26 314
22 24
24 22
22 25
25 22
22 26
26 22
22 42
42 22
22 315
315 22
22 23
23 22
22 333
333 22
22 39
39 22
22 334
334 22
22 40
40 22
22 43
43 22
22 316
316 22
22 45
45 22
22 317
317 22
22 63
63 22
22 47
47 22
22 41
41 22
22 46
46 22
316 317
317 316
316 23
23 316
316 40
40 316
316 333
333 316
316 43
43 316
316 45
45 316
316 46
46 316
316 47
47 316
316 63
63 316
316 334
334 316
316 25
25 316
316 24
24 316
317 23
23 317
317 43
43 317
317 45
45 317
317 63
63 317
317 334
334 317
317 333
333 317
317 47
47 317
317 46
46 317
317 25
25 317
317 40
40 317
23 25
25 23
23 40
40 23
23 47
47 23
23 63
63 23
23 334
334 23
23 24
24 23
23 36
36 23
23 333
333 23
23 43
43 23
23 45
45 23
24 315
315 24
24 333
333 24
24 334
334 24
24 42
42 24
24 25
25 24
24 36
36 24
24 26
26 24
24 27
27 24
24 330
330 24
25 27
27 25
25 36
36 25
25 40
40 25
25 330
330 25
25 42
42 25
25 37
37 25
25 39
39 25
25 329
329 25
25 26
26 25
25 333
333 25
25 315
315 25
25 235
235 25
25 232
232 25
25 249
249 25
26 39
39 26
26 42
42 26
26 315
315 26
26 38
38 26
26 37
37 26
26 329
329 26
26 40
40 26
26 330
330 26
26 36
36 26
26 27
27 26
26 332
332 26
26 331
331 26
27 28
28 27
27 36
36 27
27 330
330 27
27 329
329 27
27 42
42 27
27 318
318 27
27 319
319 27
27 332
332 27
28 36
36 28
28 330
330 28
28 42
42 28
28 319
319 28
28 320
320 28
28 318
318 28
28 35
35 28
28 34
34 28
318 320
320 318
318 35
35 318
318 319
319 318
318 36
36 318
318 328
328 318
318 32
32 318
318 34
34 318
318 322
322 318
318 321
321 318
320 319
319 320
320 36
36 320
320 53
53 320
320 35
35 320
320 328
328 320
320 34
34 320
320 32
32 320
320 322
322 320
321 324
324 321
321 325
325 321
321 322
322 321
321 328
328 321
321 52
52 321
321 31
31 321
321 323
323 321
321 36
36 321
321 54
54 321
321 30
30 321
321 50
50 321
321 343
343 321
323 30
30 323
323 324
324 323
323 325
325 323
323 32
32 323
323 322
322 323
323 328
328 323
323 54
54 323
323 50
50 323
323 33
33 323
323 31
31 323
323 29
29 323
323 34
34 323
29 30
30 29
29 324
324 29
29 31
31 29
29 33
33 29
29 325
325 29
30 324
324 30
30 31
31 30
30 325
325 30
30 33
33 30
30 322
322 30
30 50
50 30
30 54
54 30
30 51
51 30
324 31
31 324
324 325
325 324
324 322
322 324
324 50
50 324
324 32
32 324
324 328
328 324
324 33
33 324
31 325
325 31
31 33
33 31
31 322
322 31
31 52
52 31
31 50
50 31
325 322
322 325
325 52
52 325
325 328
328 325
325 32
32 325
32 33
33 32
32 35
35 32
32 34
34 32
32 328
328 32
32 322
322 32
32 319
319 32
322 328
328 322
322 34
34 322
322 54
54 322
322 50
50 322
322 319
319 322
322 36
36 322
322 52
52 322
328 35
35 328
328 319
319 328
328 36
36 328
328 34
34 328
328 54
54 328
34 35
35 34
34 319
319 34
35 36
36 35
35 319
319 35
319 36
36 319
319 53
53 319
36 344
344 36
36 53
53 36
36 56
56 36
36 42
42 36
36 330
330 36
36 329
329 36
329 37
37 329
329 332
332 329
329 330
330 329
329 42
42 329
329 331
331 329
329 39
39 329
329 40
40 329
329 41
41 329
37 39
39 37
37 40
40 37
37 41
41 37
37 331
331 37
37 332
332 37
37 330
330 37
37 42
42 37
37 38
38 37
38 39
39 38
38 40
40 38
38 41
41 38
38 249
249 38
38 42
42 38
39 249
249 39
39 248
248 39
39 42
42 39
39 235
235 39
39 40
40 39
39 41
41 39
39 230
230 39
39 229
229 39
39 330
330 39
40 41
41 40
40 42
42 40
40 230
230 40
40 331
331 40
40 330
330 40
40 332
332 40
40 47
47 40
40 333
333 40
40 60
60 40
40 63
63 40
40 46
46 40
40 228
228 40
41 331
331 41
41 332
332 41
41 47
47 41
41 229
229 41
41 230
230 41
41 228
228 41
41 226
226 41
41 507
507 41
41 506
506 41
331 332
332 331
331 330
330 331
331 230
230 331
331 47
47 331
332 60
60 332
332 230
230 332
332 330
330 332
330 42
42 330
42 315
315 42
333 45
45 333
333 334
334 333
333 43
43 333
333 63
63 333
333 46
46 333
333 47
47 333
43 45
45 43
43 46
46 43
43 47
47 43
43 63
63 43
43 334
334 43
43 44
44 43
43 352
352 43
43 60
60 43
43 353
353 43
43 61
61 43
43 64
64 43
43 335
335 43
43 66
66 43
43 336
336 43
43 84
84 43
43 68
68 43
43 62
62 43
43 67
67 43
335 336
336 335
335 44
44 335
335 61
61 335
335 352
352 335
335 64
64 335
335 66
66 335
335 67
67 335
335 68
68 335
335 84
84 335
335 353
353 335
335 46
46 335
335 45
45 335
336 44
44 336
336 64
64 336
336 66
66 336
336 84
84 336
336 353
353 336
336 352
352 336
336 68
68 336
336 67
67 336
336 46
46 336
336 61
61 336
44 46
46 44
44 61
61 44
44 68
68 44
44 84
84 44
44 353
353 44
44 45
45 44
44 57
57 44
44 352
352 44
44 64
64 44
44 66
66 44
45 334
334 45
45 352
352 45
45 353
353 45
45 63
63 45
45 46
46 45
45 57
57 45
45 47
47 45
45 48
48 45
45 349
349 45
46 48
48 46
46 57
57 46
46 61
61 46
46 349
349 46
46 63
63 46
46 58
58 46
46 60
60 46
46 348
348 46
46 47
47 46
46 352
352 46
46 334
334 46
46 214
214 46
46 211
211 46
46 228
228 46
47 60
60 47
47 63
63 47
47 334
334 47
47 59
59 47
47 58
58 47
47 348
348 47
47 61
61 47
47 349
349 47
47 57
57 47
47 48
48 47
47 351
351 47
47 350
350 47
48 49
49 48
48 57
57 48
48 349
349 48
48 348
348 48
48 63
63 48
48 337
337 48
48 338
338 48
48 351
351 48
49 57
57 49
49 349
349 49
49 63
63 49
49 338
338 49
49 339
339 49
49 337
337 49
49 56
56 49
49 55
55 49
337 339
339 337
337 56
56 337
337 338
338 337
337 57
57 337
337 347
347 337
337 53
53 337
337 55
55 337
337 341
341 337
337 340
340 337
339 338
338 339
339 57
57 339
339 74
74 339
339 56
56 339
339 347
347 339
339 55
55 339
339 53
53 339
339 341
341 339
340 343
343 340
340 344
344 340
340 341
341 340
340 347
347 340
340 73
73 340
340 52
52 340
340 342
342 340
340 57
57 340
340 75
75 340
340 51
51 340
340 71
71 340
340 362
362 340
342 51
51 342
342 343
343 342
342 344
344 342
342 53
53 342
342 341
341 342
342 347
347 342
342 75
75 342
342 71
71 342
342 54
54 342
342 52
52 342
342 50
50 342
342 55
55 342
50 51
51 50
50 343
343 50
50 52
52 50
50 54
54 50
50 344
344 50
51 343
343 51
51 52
52 51
51 344
344 51
51 54
54 51
51 341
341 51
51 71
71 51
51 75
75 51
51 72
72 51
343 52
52 343
343 344
344 343
343 341
341 343
343 71
71 343
343 53
53 343
343 347
347 343
343 54
54 343
52 344
344 52
52 54
54 52
52 341
341 52
52 73
73 52
52 71
71 52
344 341
341 344
344 73
73 344
344 347
347 344
344 53
53 344
53 54
54 53
53 56
56 53
53 55
55 53
53 347
347 53
53 341
341 53
53 338
338 53
341 347
347 341
341 55
55 341
341 75
75 341
341 71
71 341
341 338
338 341
341 57
57 341
341 73
73 341
347 56
56 347
347 338
338 347
347 57
57 347
347 55
55 347
347 75
75 347
55 56
56 55
55 338
338 55
56 57
57 56
56 338
338 56
338 57
57 338
338 74
74 338
57 363
363 57
57 74
74 57
57 77
77 57
57 63
63 57
57 349
349 57
57 348
348 57
348 58
58 348
348 351
351 348
348 349
349 348
348 63
63 348
348 350
350 348
348 60
60 348
348 61
61 348
348 62
62 348
58 60
60 58
58 61
61 58
58 62
62 58
58 350
350 58
58 351
351 58
58 349
349 58
58 63
63 58
58 59
59 58
59 60
60 59
59 61
61 59
59 62
62 59
59 228
228 59
59 63
63 59
60 228
228 60
60 227
227 60
60 63
63 60
60 214
214 60
60 61
61 60
60 62
62 60
60 209
209 60
60 208
208 60
60 349
349 60
61 62
62 61
61 63
63 61
61 209
209 61
61 350
350 61
61 349
349 61
61 351
351 61
61 68
68 61
61 352
352 61
61 81
81 61
61 84
84 61
61 67
67 61
61 207
207 61
62 350
350 62
62 351
351 62
62 68
68 62
62 208
208 62
62 209
209 62
62 207
207 62
62 205
205 62
62 488
488 62
62 487
487 62
350 351
351 350
350 349
349 350
350 209
209 350
350 68
68 350
351 81
81 351
351 209
209 351
351 349
349 351
349 63
63 349
63 334
334 63
352 66
66 352
352 353
353 352
352 64
64 352
352 84
84 352
352 67
67 352
352 68
68 352
64 66
66 64
64 67
67 64
64 68
68 64
64 84
84 64
64 353
353 64
64 65
65 64
64 371
371 64
64 81
81 64
64 372
372 64
64 82
82 64
64 85
85 64
64 354
354 64
64 87
87 64
64 355
355 64
64 105
105 64
64 89
89 64
64 83
83 64
64 88
88 64
354 355
355 354
354 65
65 354
354 82
82 354
354 371
371 354
354 85
85 354
354 87
87 354
354 88
88 354
354 89
89 354
354 105
105 354
354 372
372 354
354 67
67 354
354 66
66 354
355 65
65 355
355 85
85 355
355 87
87 355
355 105
105 355
355 372
372 355
355 371
371 355
355 89
89 355
355 88
88 355
355 67
67 355
355 82
82 355
65 67
67 65
65 82
82 65
65 89
89 65
65 105
105 65
65 372
372 65
65 66
66 65
65 78
78 65
65 371
371 65
65 85
85 65
65 87
87 65
66 353
353 66
66 371
371 66
66 372
372 66
66 84
84 66
66 67
67 66
66 78
78 66
66 68
68 66
66 69
69 66
66 368
368 66
67 69
69 67
67 78
78 67
67 82
82 67
67 368
368 67
67 84
84 67
67 79
79 67
67 81
81 67
67 367
367 67
67 68
68 67
67 371
371 67
67 353
353 67
67 193
193 67
67 190
190 67
67 207
207 67
68 81
81 68
68 84
84 68
68 353
353 68
68 80
80 68
68 79
79 68
68 367
367 68
68 82
82 68
68 368
368 68
68 78
78 68
68 69
69 68
68 370
370 68
68 369
369 68
69 70
70 69
69 78
78 69
69 368
368 69
69 367
367 69
69 84
84 69
69 356
356 69
69 357
357 69
69 370
370 69
70 78
78 70
70 368
368 70
70 84
84 70
70 357
357 70
70 358
358 70
70 356
356 70
70 77
77 70
70 76
76 70
356 358
358 356
356 77
77 356
356 357
357 356
356 78
78 356
356 366
366 356
356 74
74 356
356 76
76 356
356 360
360 356
356 359
359 356
358 357
357 358
358 78
78 358
358 95
95 358
358 77
77 358
358 366
366 358
358 76
76 358
358 74
74 358
358 360
360 358
359 362
362 359
359 363
363 359
359 360
360 359
359 366
366 359
359 94
94 359
359 73
73 359
359 361
361 359
359 78
78 359
359 96
96 359
359 72
72 359
359 92
92 359
359 381
381 359
361 72
72 361
361 362
362 361
361 363
363 361
361 74
74 361
361 360
360 361
361 366
366 361
361 96
96 361
361 92
92 361
361 75
75 361
361 73
73 361
361 71
71 361
361 76
76 361
71 72
72 71
71 362
362 71
71 73
73 71
71 75
75 71
71 363
363 71
72 362
362 72
72 73
73 72
72 363
363 72
72 75
75 72
72 360
360 72
72 92
92 72
72 96
96 72
72 93
93 72
362 73
73 362
362 363
363 362
362 360
360 362
362 92
92 362
362 74
74 362
362 366
366 362
362 75
75 362
73 363
363 73
73 75
75 73
73 360
360 73
73 94
94 73
73 92
92 73
363 360
360 363
363 94
94 363
363 366
366 363
363 74
74 363
74 75
75 74
74 77
77 74
74 76
76 74
74 366
366 74
74 360
360 74
74 357
357 74
360 366
366 360
360 76
76 360
360 96
96 360
360 92
92 360
360 357
357 360
360 78
78 360
360 94
94 360
366 77
77 366
366 357
357 366
366 78
78 366
366 76
76 366
366 96
96 366
76 77
77 76
76 357
357 76
77 78
78 77
77 357
357 77
357 78
78 357
357 95
95 357
78 382
382 78
78 95
95 78
78 98
98 78
78 84
84 78
78 368
368 78
78 367
367 78
367 79
79 367
367 370
370 367
367 368
368 367
367 84
84 367
367 369
369 367
367 81
81 367
367 82
82 367
367 83
83 367
79 81
81 79
79 82
82 79
79 83
83 79
79 369
369 79
79 370
370 79
79 368
368 79
79 84
84 79
79 80
80 79
80 81
81 80
80 82
82 80
80 83
83 80
80 207
207 80
80 84
84 80
81 207
207 81
81 206
206 81
81 84
84 81
81 193
193 81
81 82
82 81
81 83
83 81
81 188
188 81
81 187
187 81
81 368
368 81
82 83
83 82
82 84
84 82
82 188
188 82
82 369
369 82
82 368
368 82
82 370
370 82
82 89
89 82
82 371
371 82
82 102
102 82
82 105
105 82
82 88
88 82
82 186
186 82
83 369
369 83
83 370
370 83
83 89
89 83
83 187
187 83
83 188
188 83
83 186
186 83
83 184
184 83
83 469
469 83
83 468
468 83
369 370
370 369
369 368
368 369
369 188
188 369
369 89
89 369
370 102
102 370
370 188
188 370
370 368
368 370
368 84
84 368
84 353
353 84
371 87
87 371
371 372
372 371
371 85
85 371
371 105
105 371
371 88
88 371
371 89
89 371
85 87
87 85
85 88
88 85
85 89
89 85
85 105
105 85
85 372
372 85
85 86
86 85
85 390
390 85
85 102
102 85
85 391
391 85
85 103
103 85
85 106
106 85
85 373
373 85
85 108
108 85
85 374
374 85
85 126
126 85
85 110
110 85
85 104
104 85
85 109
109 85
373 374
374 373
373 86
86 373
373 103
103 373
373 390
390 373
373 106
106 373
373 108
108 373
373 109
109 373
373 110
110 373
373 126
126 373
373 391
391 373
373 88
88 373
373 87
87 373
374 86
86 374
374 106
106 374
374 108
108 374
374 126
126 374
374 391
391 374
374 390
390 374
374 110
110 374
374 109
109 374
374 88
88 374
374 103
103 374
86 88
88 86
86 103
103 86
86 110
110 86
86 126
126 86
86 391
391 86
86 87
87 86
86 99
99 86
86 390
390 86
86 106
106 86
86 108
108 86
87 372
372 87
87 390
390 87
87 391
391 87
87 105
105 87
87 88
88 87
87 99
99 87
87 89
89 87
87 90
90 87
87 387
387 87
88 90
90 88
88 99
99 88
88 103
103 88
88 387
387 88
88 105
105 88
88 100
100 88
88 102
102 88
88 386
386 88
88 89
89 88
88 390
390 88
88 372
372 88
88 172
172 88
88 169
169 88
88 186
186 88
89 102
102 89
89 105
105 89
89 372
372 89
89 101
101 89
89 100
100 89
89 386
386 89
89 103
103 89
89 387
387 89
89 99
99 89
89 90
90 89
89 389
389 89
89 388
388 89
90 91
91 90
90 99
99 90
90 387
387 90
90 386
386 90
90 105
105 90
90 375
375 90
90 376
376 90
90 389
389 90
91 99
99 91
91 387
387 91
91 105
105 91
91 376
376 91
91 377
377 91
91 375
375 91
91 98
98 91
91 97
97 91
375 377
377 375
375 98
98 375
375 376
376 375
375 99
99 375
375 385
385 375
375 95
95 375
375 97
97 375
375 379
379 375
375 378
378 375
377 376
376 377
377 99
99 377
377 116
116 377
377 98
98 377
377 385
385 377
377 97
97 377
377 95
95 377
377 379
379 377
378 381
381 378
378 382
382 378
378 379
379 378
378 385
385 378
378 115
115 378
378 94
94 378
378 380
380 378
378 99
99 378
378 117
117 378
378 93
93 378
378 113
113 378
378 400
400 378
380 93
93 380
380 381
381 380
380 382
382 380
380 95
95 380
380 379
379 380
380 385
385 380
380 117
117 380
380 113
113 380
380 96
96 380
380 94
94 380
380 92
92 380
380 97
97 380
92 93
93 92
92 381
381 92
92 94
94 92
92 96
96 92
92 382
382 92
93 381
381 93
93 94
94 93
93 382
382 93
93 96
96 93
93 379
379 93
93 113
113 93
93 117
117 93
93 114
114 93
381 94
94 381
381 382
382 381
381 379
379 381
381 113
113 381
381 95
95 381
381 385
385 381
381 96
96 381
94 382
382 94
94 96
96 94
94 379
379 94
94 115
115 94
94 113
113 94
382 379
379 382
382 115
115 382
382 385
385 382
382 95
95 382
95 96
96 95
95 98
98 95
95 97
97 95
95 385
385 95
95 379
379 95
95 376
376 95
379 385
385 379
379 97
97 379
379 117
117 379
379 113
113 379
379 376
376 379
379 99
99 379
379 115
115 379
385 98
98 385
385 376
376 385
385 99
99 385
385 97
97 385
385 117
117 385
97 98
98 97
97 376
376 97
98 99
99 98
98 376
376 98
376 99
99 376
376 116
116 376
99 401
401 99
99 116
116 99
99 119
119 99
99 105
105 99
99 387
387 99
99 386
386 99
386 100
100 386
386 389
389 386
386 387
387 386
386 105
105 386
386 388
388 386
386 102
102 386
386 103
103 386
386 104
104 386
100 102
102 100
100 103
103 100
100 104
104 100
100 388
388 100
100 389
389 100
100 387
387 100
100 105
105 100
100 101
101 100
101 102
102 101
101 103
103 101
101 104
104 101
101 186
186 101
101 105
105 101
102 186
186 102
102 185
185 102
102 105
105 102
102 172
172 102
102 103
103 102
102 104
104 102
102 167
167 102
102 166
166 102
102 387
387 102
103 104
104 103
103 105
105 103
103 167
167 103
103 388
388 103
103 387
387 103
103 389
389 103
103 110
110 103
103 390
390 103
103 123
123 103
103 126
126 103
103 109
109 103
103 165
165 103
104 388
388 104
104 389
389 104
104 110
110 104
104 166
166 104
104 167
167 104
104 165
165 104
104 163
163 104
104 450
450 104
104 449
449 104
388 389
389 388
388 387
387 388
388 167
167 388
388 110
110 388
389 123
123 389
389 167
167 389
389 387
387 389
387 105
105 387
105 372
372 105
390 108
108 390
390 391
391 390
390 106
106 390
390 126
126 390
390 109
109 390
390 110
110 390
106 108
108 106
106 109
109 106
106 110
110 106
106 126
126 106
106 391
391 106
106 107
107 106
106 409
409 106
106 123
123 106
106 410
410 106
106 124
124 106
106 127
127 106
106 392
392 106
106 129
129 106
106 393
393 106
106 147
147 106
106 131
131 106
106 125
125 106
106 130
130 106
392 393
393 392
392 107
107 392
392 124
124 392
392 409
409 392
392 127
127 392
392 129
129 392
392 130
130 392
392 131
131 392
392 147
147 392
392 410
410 392
392 109
109 392
392 108
108 392
393 107
107 393
393 127
127 393
393 129
129 393
393 147
147 393
393 410
410 393
393 409
409 393
393 131
131 393
393 130
130 393
393 109
109 393
393 124
124 393
107 109
109 107
107 124
124 107
107 131
131 107
107 147
147 107
107 410
410 107
107 108
108 107
107 120
120 107
107 409
409 107
107 127
127 107
107 129
129 107
108 391
391 108
108 409
409 108
108 410
410 108
108 126
126 108
108 109
109 108
108 120
120 108
108 110
110 108
108 111
111 108
108 406
406 108
109 111
111 109
109 120
120 109
109 124
124 109
109 406
406 109
109 126
126 109
109 121
121 109
109 123
123 109
109 405
405 109
109 110
110 109
109 409
409 109
109 391
391 109
109 151
151 109
109 148
148 109
109 165
165 109
110 123
123 110
110 126
126 110
110 391
391 110
110 122
122 110
110 121
121 110
110 405
405 110
110 124
124 110
110 406
406 110
110 120
120 110
110 111
111 110
110 408
408 110
110 407
407 110
111 112
112 111
111 120
120 111
111 406
406 111
111 405
405 111
111 126
126 111
111 394
394 111
111 395
395 111
111 408
408 111
112 120
120 112
112 406
406 112
112 126
126 112
112 395
395 112
112 396
396 112
112 394
394 112
112 119
119 112
112 118
118 112
394 396
396 394
394 119
119 394
394 395
395 394
394 120
120 394
394 404
404 394
394 116
116 394
394 118
118 394
394 398
398 394
394 397
397 394
396 395
395 396
396 120
120 396
396 137
137 396
396 119
119 396
396 404
404 396
396 118
118 396
396 116
116 396
396 398
398 396
397 400
400 397
397 401
401 397
397 398
398 397
397 404
404 397
397 136
136 397
397 115
115 397
397 399
399 397
397 120
120 397
397 138
138 397
397 114
114 397
397 134
134 397
397 419
419 397
399 114
114 399
399 400
400 399
399 401
401 399
399 116
116 399
399 398
398 399
399 404
404 399
399 138
138 399
399 134
134 399
399 117
117 399
399 115
115 399
399 113
113 399
399 118
118 399
113 114
114 113
113 400
400 113
113 115
115 113
113 117
117 113
113 401
401 113
114 400
400 114
114 115
115 114
114 401
401 114
114 117
117 114
114 398
398 114
114 134
134 114
114 138
138 114
114 135
135 114
400 115
115 400
400 401
401 400
400 398
398 400
400 134
134 400
400 116
116 400
400 404
404 400
400 117
117 400
115 401
401 115
115 117
117 115
115 398
398 115
115 136
136 115
115 134
134 115
401 398
398 401
401 136
136 401
401 404
404 401
401 116
116 401
116 117
117 116
116 119
119 116
116 118
118 116
116 404
404 116
116 398
398 116
116 395
395 116
398 404
404 398
398 118
118 398
398 138
138 398
398 134
134 398
398 395
395 398
398 120
120 398
398 136
136 398
404 119
119 404
404 395
395 404
404 120
120 404
404 118
118 404
404 138
138 404
118 119
119 118
118 395
395 118
119 120
120 119
119 395
395 119
395 120
120 395
395 137
137 395
120 420
420 120
120 137
137 120
120 140
140 120
120 126
126 120
120 406
406 120
120 405
405 120
405 121
121 405
405 408
408 405
405 406
406 405
405 126
126 405
405 407
407 405
405 123
123 405
405 124
124 405
405 125
125 405
121 123
123 121
121 124
124 121
121 125
125 121
121 407
407 121
121 408
408 121
121 406
406 121
121 126
126 121
121 122
122 121
122 123
123 122
122 124
124 122
122 125
125 122
122 165
165 122
122 126
126 122
123 165
165 123
123 164
164 123
123 126
126 123
123 151
151 123
123 124
124 123
123 125
125 123
123 293
293 123
123 292
292 123
123 406
406 123
124 125
125 124
124 126
126 124
124 293
293 124
124 407
407 124
124 406
406 124
124 408
408 124
124 131
131 124
124 409
409 124
124 144
144 124
124 147
147 124
124 130
130 124
124 291
291 124
125 407
407 125
125 408
408 125
125 131
131 125
125 292
292 125
125 293
293 125
125 291
291 125
125 289
289 125
125 560
560 125
125 559
559 125
407 408
408 407
407 406
406 407
407 293
293 407
407 131
131 407
408 144
144 408
408 293
293 408
408 406
406 408
406 126
126 406
126 391
391 126
409 129
129 409
409 410
410 409
409 127
127 409
409 147
147 409
409 130
130 409
409 131
131 409
127 129
129 127
127 130
130 127
127 131
131 127
127 147
147 127
127 410
410 127
127 128
128 127
127 144
144 127
127 145
145 127
127 411
411 127
127 412
412 127
127 146
146 127
411 412
412 411
411 128
128 411
411 145
145 411
411 130
130 411
411 129
129 411
412 128
128 412
412 130
130 412
412 145
145 412
128 130
130 128
128 145
145 128
128 129
129 128
128 141
141 128
129 410
410 129
129 147
147 129
129 130
130 129
129 141
141 129
129 131
131 129
129 132
132 129
129 425
425 129
130 132
132 130
130 141
141 130
130 145
145 130
130 425
425 130
130 147
147 130
130 142
142 130
130 144
144 130
130 424
424 130
130 131
131 130
130 410
410 130
130 277
277 130
130 274
274 130
130 291
291 130
131 144
144 131
131 147
147 131
131 410
410 131
131 143
143 131
131 142
142 131
131 424
424 131
131 145
145 131
131 425
425 131
131 141
141 131
131 132
132 131
131 427
427 131
131 426
426 131
132 133
133 132
132 141
141 132
132 425
425 132
132 424
424 132
132 147
147 132
132 413
413 132
132 414
414 132
132 427
427 132
133 141
141 133
133 425
425 133
133 147
147 133
133 414
414 133
133 415
415 133
133 413
413 133
133 140
140 133
133 139
139 133
413 415
415 413
413 140
140 413
413 414
414 413
413 141
141 413
413 423
423 413
413 137
137 413
413 139
139 413
413 417
417 413
413 416
416 413
415 414
414 415
415 141
141 415
415 140
140 415
415 423
423 415
415 139
139 415
415 137
137 415
415 417
417 415
416 419
419 416
416 420
420 416
416 417
417 416
416 423
423 416
416 136
136 416
416 418
418 416
416 141
141 416
416 135
135 416
418 135
135 418
418 419
419 418
418 420
420 418
418 137
137 418
418 417
417 418
418 423
423 418
418 138
138 418
418 136
136 418
418 134
134 418
418 139
139 418
134 135
135 134
134 419
419 134
134 136
136 134
134 138
138 134
134 420
420 134
135 419
419 135
135 136
136 135
135 420
420 135
135 138
138 135
135 417
417 135
419 136
136 419
419 420
420 419
419 417
417 419
419 137
137 419
419 423
423 419
419 138
138 419
136 420
420 136
136 138
138 136
136 417
417 136
420 417
417 420
420 423
423 420
420 137
137 420
137 138
138 137
137 140
140 137
137 139
139 137
137 423
423 137
137 417
417 137
137 414
414 137
417 423
423 417
417 139
139 417
417 414
414 417
417 141
141 417
423 140
140 423
423 414
414 423
423 141
141 423
423 139
139 423
139 140
140 139
139 414
414 139
140 141
141 140
140 414
414 140
414 141
141 414
141 147
147 141
141 425
425 141
141 424
424 141
424 142
142 424
424 427
427 424
424 425
425 424
424 147
147 424
424 426
426 424
424 144
144 424
424 145
145 424
424 146
146 424
142 144
144 142
142 145
145 142
142 146
146 142
142 426
426 142
142 427
427 142
142 425
425 142
142 147
147 142
142 143
143 142
143 144
144 143
143 145
145 143
143 146
146 143
143 291
291 143
143 147
147 143
144 291
291 144
144 290
290 144
144 147
147 144
144 277
277 144
144 145
145 144
144 146
146 144
144 272
272 144
144 271
271 144
144 425
425 144
145 146
146 145
145 147
147 145
145 272
272 145
145 426
426 145
145 425
425 145
145 427
427 145
145 270
270 145
146 426
426 146
146 427
427 146
146 271
271 146
146 272
272 146
146 270
270 146
146 268
268 146
146 545
545 146
146 544
544 146
426 427
427 426
426 425
425 426
426 272
272 426
427 272
272 427
427 425
425 427
425 147
147 425
147 410
410 147
428 150
150 428
428 429
429 428
428 274
274 428
428 430
430 428
428 275
275 428
428 276
276 428
428 431
431 428
428 148
148 428
428 168
168 428
428 151
151 428
428 292
292 428
428 152
152 428
428 277
277 428
148 150
150 148
148 151
151 148
148 152
152 148
148 168
168 148
148 429
429 148
148 274
274 148
148 430
430 148
148 292
292 148
148 431
431 148
148 149
149 148
148 165
165 148
148 435
435 148
148 166
166 148
148 434
434 148
148 433
433 148
148 171
171 148
148 169
169 148
148 432
432 148
148 189
189 148
148 167
167 148
148 173
173 148
433 432
432 433
433 149
149 433
433 166
166 433
433 435
435 433
433 169
169 433
433 171
171 433
433 172
172 433
433 173
173 433
433 189
189 433
433 434
434 433
433 151
151 433
433 150
150 433
432 149
149 432
432 435
435 432
432 169
169 432
432 171
171 432
432 189
189 432
432 434
434 432
432 173
173 432
432 172
172 432
432 151
151 432
432 166
166 432
149 151
151 149
149 166
166 149
149 189
189 149
149 434
434 149
149 150
150 149
149 162
162 149
149 435
435 149
149 171
171 149
150 429
429 150
150 435
435 150
150 430
430 150
150 168
168 150
150 431
431 150
150 151
151 150
150 274
274 150
150 275
275 150
150 162
162 150
150 152
152 150
150 154
154 150
150 153
153 150
150 448
448 150
151 153
153 151
151 162
162 151
151 166
166 151
151 448
448 151
151 168
168 151
151 163
163 151
151 165
165 151
151 435
435 151
151 447
447 151
151 152
152 151
151 429
429 151
151 431
431 151
151 430
430 151
151 292
292 151
152 165
165 152
152 168
168 152
152 429
429 152
152 292
292 152
152 293
293 152
152 559
559 152
152 430
430 152
152 274
274 152
152 431
431 152
152 560
560 152
152 164
164 152
152 163
163 152
152 447
447 152
152 166
166 152
152 448
448 152
152 162
162 152
152 450
450 152
152 449
449 152
152 153
153 152
153 154
154 153
153 162
162 153
153 168
168 153
153 448
448 153
153 447
447 153
153 436
436 153
153 438
438 153
153 437
437 153
154 162
162 154
154 437
437 154
154 438
438 154
154 436
436 154
154 168
168 154
154 161
161 154
154 446
446 154
436 438
438 436
436 158
158 436
436 440
440 436
436 446
446 436
436 161
161 436
436 437
437 436
436 162
162 436
436 439
439 436
436 179
179 436
436 180
180 436
438 437
437 438
438 162
162 438
438 179
179 438
438 440
440 438
438 446
446 438
438 161
161 438
438 160
160 438
438 158
158 438
439 442
442 439
439 443
443 439
439 440
440 439
439 446
446 439
439 178
178 439
439 157
157 439
439 162
162 439
439 441
441 439
439 180
180 439
439 437
437 439
439 156
156 439
439 176
176 439
439 461
461 439
441 156
156 441
441 442
442 441
441 443
443 441
441 158
158 441
441 440
440 441
441 446
446 441
441 180
180 441
441 176
176 441
441 159
159 441
441 437
437 441
441 157
157 441
441 155
155 441
441 160
160 441
155 156
156 155
155 442
442 155
155 157
157 155
155 159
159 155
155 282
282 155
155 283
283 155
155 443
443 155
155 549
549 155
155 551
551 155
155 552
552 155
155 550
550 155
156 442
442 156
156 157
157 156
156 443
443 156
156 159
159 156
156 282
282 156
156 440
440 156
156 176
176 156
156 180
180 156
156 177
177 156
442 157
157 442
442 443
443 442
442 440
440 442
442 176
176 442
442 158
158 442
442 446
446 442
442 159
159 442
442 288
288 442
442 549
549 442
157 443
443 157
157 549
549 157
157 550
550 157
157 283
283 157
157 159
159 157
157 553
553 157
157 440
440 157
157 178
178 157
157 176
176 157
443 440
440 443
443 178
178 443
443 446
446 443
443 158
158 443
443 288
288 443
158 546
546 158
158 547
547 158
158 288
288 158
158 159
159 158
158 548
548 158
158 161
161 158
158 160
160 158
158 446
446 158
158 440
440 158
158 437
437 158
159 549
549 159
159 550
550 159
159 546
546 159
159 547
547 159
159 288
288 159
159 556
556 159
159 282
282 159
159 551
551 159
440 446
446 440
440 160
160 440
440 437
437 440
440 180
180 440
440 176
176 440
440 162
162 440
440 178
178 440
446 161
161 446
446 437
437 446
446 162
162 446
446 160
160 446
446 180
180 446
160 161
161 160
160 437
437 160
161 288
288 161
161 437
437 161
437 162
162 437
437 179
179 437
437 180
180 437
162 179
179 162
162 182
182 162
162 462
462 162
162 461
461 162
162 180
180 162
162 168
168 162
162 448
448 162
162 447
447 162
447 163
163 447
447 450
450 447
447 448
448 447
447 168
168 447
447 449
449 447
447 165
165 447
447 166
166 447
447 167
167 447
163 165
165 163
163 166
166 163
163 167
167 163
163 449
449 163
163 450
450 163
163 448
448 163
163 168
168 163
163 164
164 163
164 165
165 164
164 166
166 164
164 167
167 164
164 168
168 164
165 560
560 165
165 292
292 165
165 168
168 165
165 166
166 165
165 167
167 165
165 448
448 165
166 167
167 166
166 168
168 166
166 449
449 166
166 448
448 166
166 450
450 166
166 434
434 166
166 173
173 166
166 435
435 166
166 169
169 166
166 172
172 166
166 189
189 166
166 186
186 166
167 449
449 167
167 450
450 167
167 173
173 167
449 450
450 449
449 448
448 449
449 173
173 449
450 173
173 450
450 186
186 450
450 448
448 450
448 168
168 448
168 429
429 168
168 430
430 168
168 431
431 168
168 292
292 168
168 274
274 168
168 275
275 168
429 274
274 429
429 430
430 429
429 431
431 429
429 292
292 429
429 275
275 429
435 171
171 435
435 434
434 435
435 169
169 435
435 189
189 435
435 172
172 435
435 173
173 435
169 171
171 169
169 172
172 169
169 173
173 169
169 189
189 169
169 434
434 169
169 170
170 169
169 186
186 169
169 454
454 169
169 187
187 169
169 453
453 169
169 452
452 169
169 192
192 169
169 190
190 169
169 451
451 169
169 210
210 169
169 188
188 169
169 194
194 169
452 451
451 452
452 170
170 452
452 187
187 452
452 454
454 452
452 190
190 452
452 192
192 452
452 193
193 452
452 194
194 452
452 210
210 452
452 453
453 452
452 172
172 452
452 171
171 452
451 170
170 451
451 454
454 451
451 190
190 451
451 192
192 451
451 210
210 451
451 453
453 451
451 194
194 451
451 193
193 451
451 172
172 451
451 187
187 451
170 172
172 170
170 187
187 170
170 210
210 170
170 453
453 170
170 171
171 170
170 183
183 170
170 454
454 170
170 192
192 170
171 434
434 171
171 454
454 171
171 189
189 171
171 172
172 171
171 183
183 171
171 173
173 171
171 175
175 171
171 174
174 171
171 467
467 171
172 174
174 172
172 183
183 172
172 187
187 172
172 467
467 172
172 189
189 172
172 184
184 172
172 186
186 172
172 454
454 172
172 466
466 172
172 173
173 172
172 434
434 172
173 186
186 173
173 189
189 173
173 434
434 173
173 185
185 173
173 184
184 173
173 466
466 173
173 187
187 173
173 467
467 173
173 183
183 173
173 469
469 173
173 468
468 173
173 174
174 173
174 175
175 174
174 183
183 174
174 189
189 174
174 467
467 174
174 466
466 174
174 455
455 174
174 457
457 174
174 456
456 174
175 183
183 175
175 456
456 175
175 457
457 175
175 455
455 175
175 189
189 175
175 182
182 175
175 465
465 175
455 457
457 455
455 179
179 455
455 459
459 455
455 465
465 455
455 182
182 455
455 456
456 455
455 183
183 455
455 458
458 455
455 200
200 455
455 201
201 455
457 456
456 457
457 183
183 457
457 200
200 457
457 459
459 457
457 465
465 457
457 182
182 457
457 181
181 457
457 179
179 457
458 461
461 458
458 462
462 458
458 459
459 458
458 465
465 458
458 199
199 458
458 178
178 458
458 183
183 458
458 460
460 458
458 201
201 458
458 456
456 458
458 177
177 458
458 197
197 458
458 480
480 458
460 177
177 460
460 461
461 460
460 462
462 460
460 179
179 460
460 459
459 460
460 465
465 460
460 201
201 460
460 197
197 460
460 180
180 460
460 456
456 460
460 178
178 460
460 176
176 460
460 181
181 460
176 177
177 176
176 461
461 176
176 178
178 176
176 180
180 176
176 462
462 176
177 461
461 177
177 178
178 177
177 462
462 177
177 180
180 177
177 459
459 177
177 197
197 177
177 201
201 177
177 198
198 177
461 178
178 461
461 462
462 461
461 459
459 461
461 197
197 461
461 179
179 461
461 465
465 461
461 180
180 461
178 462
462 178
178 180
180 178
178 459
459 178
178 199
199 178
178 197
197 178
462 459
459 462
462 199
199 462
462 465
465 462
462 179
179 462
179 180
180 179
179 182
182 179
179 181
181 179
179 465
465 179
179 459
459 179
179 456
456 179
459 465
465 459
459 181
181 459
459 456
456 459
459 201
201 459
459 197
197 459
459 183
183 459
459 199
199 459
465 182
182 465
465 456
456 465
465 183
183 465
465 181
181 465
465 201
201 465
181 182
182 181
181 456
456 181
182 456
456 182
456 183
183 456
456 200
200 456
456 201
201 456
183 200
200 183
183 203
203 183
183 481
481 183
183 480
480 183
183 201
201 183
183 189
189 183
183 467
467 183
183 466
466 183
466 184
184 466
466 469
469 466
466 467
467 466
466 189
189 466
466 468
468 466
466 186
186 466
466 187
187 466
466 188
188 466
184 186
186 184
184 187
187 184
184 188
188 184
184 468
468 184
184 469
469 184
184 467
467 184
184 189
189 184
184 185
185 184
185 186
186 185
185 187
187 185
185 188
188 185
185 189
189 185
186 189
189 186
186 187
187 186
186 188
188 186
186 467
467 186
187 188
188 187
187 189
189 187
187 468
468 187
187 467
467 187
187 469
469 187
187 453
453 187
187 194
194 187
187 454
454 187
187 190
190 187
187 193
193 187
187 210
210 187
187 207
207 187
188 468
468 188
188 469
469 188
188 194
194 188
468 469
469 468
468 467
467 468
468 194
194 468
469 194
194 469
469 207
207 469
469 467
467 469
467 189
189 467
189 434
434 189
454 192
192 454
454 453
453 454
454 190
190 454
454 210
210 454
454 193
193 454
454 194
194 454
190 192
192 190
190 193
193 190
190 194
194 190
190 210
210 190
190 453
453 190
190 191
191 190
190 207
207 190
190 473
473 190
190 208
208 190
190 472
472 190
190 471
471 190
190 213
213 190
190 211
211 190
190 470
470 190
190 231
231 190
190 209
209 190
190 215
215 190
471 470
470 471
471 191
191 471
471 208
208 471
471 473
473 471
471 211
211 471
471 213
213 471
471 214
214 471
471 215
215 471
471 231
231 471
471 472
472 471
471 193
193 471
471 192
192 471
470 191
191 470
470 473
473 470
470 211
211 470
470 213
213 470
470 231
231 470
470 472
472 470
470 215
215 470
470 214
214 470
470 193
193 470
470 208
208 470
191 193
193 191
191 208
208 191
191 231
231 191
191 472
472 191
191 192
192 191
191 204
204 191
191 473
473 191
191 213
213 191
192 453
453 192
192 473
473 192
192 210
210 192
192 193
193 192
192 204
204 192
192 194
194 192
192 196
196 192
192 195
195 192
192 486
486 192
193 195
195 193
193 204
204 193
193 208
208 193
193 486
486 193
193 210
210 193
193 205
205 193
193 207
207 193
193 473
473 193
193 485
485 193
193 194
194 193
193 453
453 193
194 207
207 194
194 210
210 194
194 453
453 194
194 206
206 194
194 205
205 194
194 485
485 194
194 208
208 194
194 486
486 194
194 204
204 194
194 488
488 194
194 487
487 194
194 195
195 194
195 196
196 195
195 204
204 195
195 210
210 195
195 486
486 195
195 485
485 195
195 474
474 195
195 476
476 195
195 475
475 195
196 204
204 196
196 475
475 196
196 476
476 196
196 474
474 196
196 210
210 196
196 203
203 196
196 484
484 196
474 476
476 474
474 200
200 474
474 478
478 474
474 484
484 474
474 203
203 474
474 475
475 474
474 204
204 474
474 477
477 474
474 221
221 474
474 222
222 474
476 475
475 476
476 204
204 476
476 221
221 476
476 478
478 476
476 484
484 476
476 203
203 476
476 202
202 476
476 200
200 476
477 480
480 477
477 481
481 477
477 478
478 477
477 484
484 477
477 220
220 477
477 199
199 477
477 204
204 477
477 479
479 477
477 222
222 477
477 475
475 477
477 198
198 477
477 218
218 477
477 499
499 477
479 198
198 479
479 480
480 479
479 481
481 479
479 200
200 479
479 478
478 479
479 484
484 479
479 222
222 479
479 218
218 479
479 201
201 479
479 475
475 479
479 199
199 479
479 197
197 479
479 202
202 479
197 198
198 197
197 480
480 197
197 199
199 197
197 201
201 197
197 481
481 197
198 480
480 198
198 199
199 198
198 481
481 198
198 201
201 198
198 478
478 198
198 218
218 198
198 222
222 198
198 219
219 198
480 199
199 480
480 481
481 480
480 478
478 480
480 218
218 480
480 200
200 480
480 484
484 480
480 201
201 480
199 481
481 199
199 201
201 199
199 478
478 199
199 220
220 199
199 218
218 199
481 478
478 481
481 220
220 481
481 484
484 481
481 200
200 481
200 201
201 200
200 203
203 200
200 202
202 200
200 484
484 200
200 478
478 200
200 475
475 200
478 484
484 478
478 202
202 478
478 475
475 478
478 222
222 478
478 218
218 478
478 204
204 478
478 220
220 478
484 203
203 484
484 475
475 484
484 204
204 484
484 202
202 484
484 222
222 484
202 203
203 202
202 475
475 202
203 475
475 203
475 204
204 475
475 221
221 475
475 222
222 475
204 221
221 204
204 224
224 204
204 500
500 204
204 499
499 204
204 222
222 204
204 210
210 204
204 486
486 204
204 485
485 204
485 205
205 485
485 488
488 485
485 486
486 485
485 210
210 485
485 487
487 485
485 207
207 485
485 208
208 485
485 209
209 485
205 207
207 205
205 208
208 205
205 209
209 205
205 487
487 205
205 488
488 205
205 486
486 205
205 210
210 205
205 206
206 205
206 207
207 206
206 208
208 206
206 209
209 206
206 210
210 206
207 210
210 207
207 208
208 207
207 209
209 207
207 486
486 207
208 209
209 208
208 210
210 208
208 487
487 208
208 486
486 208
208 488
488 208
208 472
472 208
208 215
215 208
208 473
473 208
208 211
211 208
208 214
214 208
208 231
231 208
208 228
228 208
209 487
487 209
209 488
488 209
209 215
215 209
487 488
488 487
487 486
486 487
487 215
215 487
488 215
215 488
488 228
228 488
488 486
486 488
486 210
210 486
210 453
453 210
473 213
213 473
473 472
472 473
473 211
211 473
473 231
231 473
473 214
214 473
473 215
215 473
211 213
213 211
211 214
214 211
211 215
215 211
211 231
231 211
211 472
472 211
211 212
212 211
211 228
228 211
211 492
492 211
211 229
229 211
211 491
491 211
211 490
490 211
211 234
234 211
211 232
232 211
211 489
489 211
211 252
252 211
211 230
230 211
211 236
236 211
490 489
489 490
490 212
212 490
490 229
229 490
490 492
492 490
490 232
232 490
490 234
234 490
490 235
235 490
490 236
236 490
490 252
252 490
490 491
491 490
490 214
214 490
490 213
213 490
489 212
212 489
489 492
492 489
489 232
232 489
489 234
234 489
489 252
252 489
489 491
491 489
489 236
236 489
489 235
235 489
489 214
214 489
489 229
229 489
212 214
214 212
212 229
229 212
212 252
252 212
212 491
491 212
212 213
213 212
212 225
225 212
212 492
492 212
212 234
234 212
213 472
472 213
213 492
492 213
213 231
231 213
213 214
214 213
213 225
225 213
213 215
215 213
213 217
217 213
213 216
216 213
213 505
505 213
214 216
216 214
214 225
225 214
214 229
229 214
214 505
505 214
214 231
231 214
214 226
226 214
214 228
228 214
214 492
492 214
214 504
504 214
214 215
215 214
214 472
472 214
215 228
228 215
215 231
231 215
215 472
472 215
215 227
227 215
215 226
226 215
215 504
504 215
215 229
229 215
215 505
505 215
215 225
225 215
215 507
507 215
215 506
506 215
215 216
216 215
216 217
217 216
216 225
225 216
216 231
231 216
216 505
505 216
216 504
504 216
216 493
493 216
216 495
495 216
216 494
494 216
217 225
225 217
217 494
494 217
217 495
495 217
217 493
493 217
217 231
231 217
217 224
224 217
217 503
503 217
493 495
495 493
493 221
221 493
493 497
497 493
493 503
503 493
493 224
224 493
493 494
494 493
493 225
225 493
493 496
496 493
493 242
242 493
493 243
243 493
495 494
494 495
495 225
225 495
495 242
242 495
495 497
497 495
495 503
503 495
495 224
224 495
495 223
223 495
495 221
221 495
496 499
499 496
496 500
500 496
496 497
497 496
496 503
503 496
496 241
241 496
496 220
220 496
496 225
225 496
496 498
498 496
496 243
243 496
496 494
494 496
496 219
219 496
496 239
239 496
496 518
518 496
498 219
219 498
498 499
499 498
498 500
500 498
498 221
221 498
498 497
497 498
498 503
503 498
498 243
243 498
498 239
239 498
498 222
222 498
498 494
494 498
498 220
220 498
498 218
218 498
498 223
223 498
218 219
219 218
218 499
499 218
218 220
220 218
218 222
222 218
218 500
500 218
219 499
499 219
219 220
220 219
219 500
500 219
219 222
222 219
219 497
497 219
219 239
239 219
219 243
243 219
219 240
240 219
499 220
220 499
499 500
500 499
499 497
497 499
499 239
239 499
499 221
221 499
499 503
503 499
499 222
222 499
220 500
500 220
220 222
222 220
220 497
497 220
220 241
241 220
220 239
239 220
500 497
497 500
500 241
241 500
500 503
503 500
500 221
221 500
221 222
222 221
221 224
224 221
221 223
223 221
221 503
503 221
221 497
497 221
221 494
494 221
497 503
503 497
497 223
223 497
497 494
494 497
497 243
243 497
497 239
239 497
497 225
225 497
497 241
241 497
503 224
224 503
503 494
494 503
503 225
225 503
503 223
223 503
503 243
243 503
223 224
224 223
223 494
494 223
224 494
494 224
494 225
225 494
494 242
242 494
494 243
243 494
225 242
242 225
225 245
245 225
225 519
519 225
225 518
518 225
225 243
243 225
225 231
231 225
225 505
505 225
225 504
504 225
504 226
226 504
504 507
507 504
504 505
505 504
504 231
231 504
504 506
506 504
504 228
228 504
504 229
229 504
504 230
230 504
226 228
228 226
226 229
229 226
226 230
230 226
226 506
506 226
226 507
507 226
226 505
505 226
226 231
231 226
226 227
227 226
227 228
228 227
227 229
229 227
227 230
230 227
227 231
231 227
228 231
231 228
228 229
229 228
228 230
230 228
228 505
505 228
229 230
230 229
229 231
231 229
229 506
506 229
229 505
505 229
229 507
507 229
229 491
491 229
229 236
236 229
229 492
492 229
229 232
232 229
229 235
235 229
229 252
252 229
229 249
249 229
230 506
506 230
230 507
507 230
230 236
236 230
506 507
507 506
506 505
505 506
506 236
236 506
507 236
236 507
507 249
249 507
507 505
505 507
505 231
231 505
231 472
472 231
492 234
234 492
492 491
491 492
492 232
232 492
492 252
252 492
492 235
235 492
492 236
236 492
232 234
234 232
232 235
235 232
232 236
236 232
232 252
252 232
232 491
491 232
232 233
233 232
232 249
249 232
232 511
511 232
232 250
250 232
232 510
510 232
232 509
509 232
232 255
255 232
232 253
253 232
232 508
508 232
232 273
273 232
232 251
251 232
232 257
257 232
509 508
508 509
509 233
233 509
509 250
250 509
509 511
511 509
509 253
253 509
509 255
255 509
509 256
256 509
509 257
257 509
509 273
273 509
509 510
510 509
509 235
235 509
509 234
234 509
508 233
233 508
508 511
511 508
508 253
253 508
508 255
255 508
508 273
273 508
508 510
510 508
508 257
257 508
508 256
256 508
508 235
235 508
508 250
250 508
233 235
235 233
233 250
250 233
233 273
273 233
233 510
510 233
233 234
234 233
233 246
246 233
233 511
511 233
233 255
255 233
234 491
491 234
234 511
511 234
234 252
252 234
234 235
235 234
234 246
246 234
234 236
236 234
234 238
238 234
234 237
237 234
234 524
524 234
235 237
237 235
235 246
246 235
235 250
250 235
235 524
524 235
235 252
252 235
235 247
247 235
235 249
249 235
235 511
511 235
235 523
523 235
235 236
236 235
235 491
491 235
236 249
249 236
236 252
252 236
236 491
491 236
236 248
248 236
236 247
247 236
236 523
523 236
236 250
250 236
236 524
524 236
236 246
246 236
236 526
526 236
236 525
525 236
236 237
237 236
237 238
238 237
237 246
246 237
237 252
252 237
237 524
524 237
237 523
523 237
237 512
512 237
237 514
514 237
237 513
513 237
238 246
246 238
238 513
513 238
238 514
514 238
238 512
512 238
238 252
252 238
238 245
245 238
238 522
522 238
512 514
514 512
512 242
242 512
512 516
516 512
512 522
522 512
512 245
245 512
512 513
513 512
512 246
246 512
512 515
515 512
512 263
263 512
512 264
264 512
514 513
513 514
514 246
246 514
514 263
263 514
514 516
516 514
514 522
522 514
514 245
245 514
514 244
244 514
514 242
242 514
515 518
518 515
515 519
519 515
515 516
516 515
515 522
522 515
515 262
262 515
515 241
241 515
515 246
246 515
515 517
517 515
515 264
264 515
515 513
513 515
515 240
240 515
515 260
260 515
515 537
537 515
517 240
240 517
517 518
518 517
517 519
519 517
517 242
242 517
517 516
516 517
517 522
522 517
517 264
264 517
517 260
260 517
517 243
243 517
517 513
513 517
517 241
241 517
517 239
239 517
517 244
244 517
239 240
240 239
239 518
518 239
239 241
241 239
239 243
243 239
239 519
519 239
240 518
518 240
240 241
241 240
240 519
519 240
240 243
243 240
240 516
516 240
240 260
260 240
240 264
264 240
240 261
261 240
518 241
241 518
518 519
519 518
518 516
516 518
518 260
260 518
518 242
242 518
518 522
522 518
518 243
243 518
241 519
519 241
241 243
243 241
241 516
516 241
241 262
262 241
241 260
260 241
519 516
516 519
519 262
262 519
519 522
522 519
519 242
242 519
242 243
243 242
242 245
245 242
242 244
244 242
242 522
522 242
242 516
516 242
242 513
513 242
516 522
522 516
516 244
244 516
516 513
513 516
516 264
264 516
516 260
260 516
516 246
246 516
516 262
262 516
522 245
245 522
522 513
513 522
522 246
246 522
522 244
244 522
522 264
264 522
244 245
245 244
244 513
513 244
245 513
513 245
513 246
246 513
513 263
263 513
513 264
264 513
246 263
263 246
246 266
266 246
246 538
538 246
246 537
537 246
246 264
264 246
246 252
252 246
246 524
524 246
246 523
523 246
523 247
247 523
523 526
526 523
523 524
524 523
523 252
252 523
523 525
525 523
523 249
249 523
523 250
250 523
523 251
251 523
247 249
249 247
247 250
250 247
247 251
251 247
247 525
525 247
247 526
526 247
247 524
524 247
247 252
252 247
247 248
248 247
248 249
249 248
248 250
250 248
248 251
251 248
248 252
252 248
249 252
252 249
249 250
250 249
249 251
251 249
249 524
524 249
250 251
251 250
250 252
252 250
250 525
525 250
250 524
524 250
250 526
526 250
250 510
510 250
250 257
257 250
250 511
511 250
250 253
253 250
250 256
256 250
250 273
273 250
250 270
270 250
251 525
525 251
251 526
526 251
251 257
257 251
525 526
526 525
525 524
524 525
525 257
257 525
526 257
257 526
526 270
270 526
526 524
524 526
524 252
252 524
252 491
491 252
511 255
255 511
511 510
510 511
511 253
253 511
511 273
273 511
511 256
256 511
511 257
257 511
253 255
255 253
253 256
256 253
253 257
257 253
253 273
273 253
253 510
510 253
253 254
254 253
253 270
270 253
253 530
530 253
253 271
271 253
253 529
529 253
253 528
528 253
253 276
276 253
253 274
274 253
253 527
527 253
253 294
294 253
253 272
272 253
253 278
278 253
528 527
527 528
528 254
254 528
528 271
271 528
528 530
530 528
528 274
274 528
528 276
276 528
528 277
277 528
528 278
278 528
528 294
294 528
528 529
529 528
528 256
256 528
528 255
255 528
527 254
254 527
527 530
530 527
527 274
274 527
527 276
276 527
527 294
294 527
527 529
529 527
527 278
278 527
527 277
277 527
527 256
256 527
527 271
271 527
254 256
256 254
254 271
271 254
254 294
294 254
254 529
529 254
254 255
255 254
254 267
267 254
254 530
530 254
254 276
276 254
255 510
510 255
255 530
530 255
255 273
273 255
255 256
256 255
255 267
267 255
255 257
257 255
255 259
259 255
255 258
258 255
255 543
543 255
256 258
258 256
256 267
267 256
256 271
271 256
256 543
543 256
256 273
273 256
256 268
268 256
256 270
270 256
256 530
530 256
256 542
542 256
256 257
257 256
256 510
510 256
257 270
270 257
257 273
273 257
257 510
510 257
257 269
269 257
257 268
268 257
257 542
542 257
257 271
271 257
257 543
543 257
257 267
267 257
257 545
545 257
257 544
544 257
257 258
258 257
258 259
259 258
258 267
267 258
258 273
273 258
258 543
543 258
258 542
542 258
258 531
531 258
258 533
533 258
258 532
532 258
259 267
267 259
259 532
532 259
259 533
533 259
259 531
531 259
259 273
273 259
259 266
266 259
259 541
541 259
531 533
533 531
531 263
263 531
531 535
535 531
531 541
541 531
531 266
266 531
531 532
532 531
531 267
267 531
531 534
534 531
531 284
284 531
531 285
285 531
533 532
532 533
533 267
267 533
533 284
284 533
533 535
535 533
533 541
541 533
533 266
266 533
533 265
265 533
533 263
263 533
534 537
537 534
534 538
538 534
534 535
535 534
534 541
541 534
534 283
283 534
534 262
262 534
534 267
267 534
534 536
536 534
534 285
285 534
534 532
532 534
534 261
261 534
534 281
281 534
534 552
552 534
536 261
261 536
536 537
537 536
536 538
538 536
536 263
263 536
536 535
535 536
536 541
541 536
536 285
285 536
536 281
281 536
536 264
264 536
536 532
532 536
536 262
262 536
536 260
260 536
536 265
265 536
260 261
261 260
260 537
537 260
260 262
262 260
260 264
264 260
260 538
538 260
261 537
537 261
261 262
262 261
261 538
538 261
261 264
264 261
261 535
535 261
261 281
281 261
261 285
285 261
261 282
282 261
537 262
262 537
537 538
538 537
537 535
535 537
537 281
281 537
537 263
263 537
537 541
541 537
537 264
264 537
262 538
538 262
262 264
264 262
262 535
535 262
262 283
283 262
262 281
281 262
538 535
535 538
538 283
283 538
538 541
541 538
538 263
263 538
263 264
264 263
263 266
266 263
263 265
265 263
263 541
541 263
263 535
535 263
263 532
532 263
535 541
541 535
535 265
265 535
535 532
532 535
535 285
285 535
535 281
281 535
535 267
267 535
535 283
283 535
541 266
266 541
541 532
532 541
541 267
267 541
541 265
265 541
541 285
285 541
265 266
266 265
265 532
532 265
266 532
532 266
532 267
267 532
532 284
284 532
532 285
285 532
267 284
284 267
267 287
287 267
267 553
553 267
267 552
552 267
267 285
285 267
267 273
273 267
267 543
543 267
267 542
542 267
542 268
268 542
542 545
545 542
542 543
543 542
542 273
273 542
542 544
544 542
542 270
270 542
542 271
271 542
542 272
272 542
268 270
270 268
268 271
271 268
268 272
272 268
268 544
544 268
268 545
545 268
268 543
543 268
268 273
273 268
268 269
269 268
269 270
270 269
269 271
271 269
269 272
272 269
269 273
273 269
270 273
273 270
270 271
271 270
270 272
272 270
270 543
543 270
271 272
272 271
271 273
273 271
271 544
544 271
271 543
543 271
271 545
545 271
271 529
529 271
271 278
278 271
271 530
530 271
271 274
274 271
271 277
277 271
271 294
294 271
271 291
291 271
272 544
544 272
272 545
545 272
272 278
278 272
544 545
545 544
544 543
543 544
544 278
278 544
545 278
278 545
545 291
291 545
545 543
543 545
543 273
273 543
273 510
510 273
530 276
276 530
530 529
529 530
530 274
274 530
530 294
294 530
530 277
277 530
530 278
278 530
274 276
276 274
274 277
277 274
274 278
278 274
274 294
294 274
274 529
529 274
274 275
275 274
274 291
291 274
274 292
292 274
274 430
430 274
274 431
431 274
274 293
293 274
430 431
431 430
430 275
275 430
430 292
292 430
430 277
277 430
430 276
276 430
431 275
275 431
431 277
277 431
431 292
292 431
275 277
277 275
275 292
292 275
275 276
276 275
275 288
288 275
276 529
529 276
276 294
294 276
276 277
277 276
276 288
288 276
276 278
278 276
276 280
280 276
276 279
279 276
276 558
558 276
277 279
279 277
277 288
288 277
277 292
292 277
277 558
558 277
277 294
294 277
277 289
289 277
277 291
291 277
277 557
557 277
277 278
278 277
277 529
529 277
278 291
291 278
278 294
294 278
278 529
529 278
278 290
290 278
278 289
289 278
278 557
557 278
278 292
292 278
278 558
558 278
278 288
288 278
278 560
560 278
278 559
559 278
278 279
279 278
279 280
280 279
279 288
288 279
279 294
294 279
279 558
558 279
279 557
557 279
279 546
546 279
279 548
548 279
279 547
547 279
280 288
288 280
280 547
547 280
280 548
548 280
280 546
546 280
280 294
294 280
280 287
287 280
280 556
556 280
546 548
548 546
546 284
284 546
546 550
550 546
546 556
556 546
546 287
287 546
546 547
547 546
546 288
288 546
546 549
549 546
548 547
547 548
548 288
288 548
548 550
550 548
548 556
556 548
548 287
287 548
548 286
286 548
548 284
284 548
549 552
552 549
549 553
553 549
549 550
550 549
549 556
556 549
549 283
283 549
549 288
288 549
549 551
551 549
549 547
547 549
549 282
282 549
551 282
282 551
551 552
552 551
551 553
553 551
551 284
284 551
551 550
550 551
551 556
556 551
551 285
285 551
551 547
547 551
551 283
283 551
551 281
281 551
551 286
286 551
281 282
282 281
281 552
552 281
281 283
283 281
281 285
285 281
281 553
553 281
282 552
552 282
282 283
283 282
282 553
553 282
282 285
285 282
282 550
550 282
552 283
283 552
552 553
553 552
552 550
550 552
552 284
284 552
552 556
556 552
552 285
285 552
283 553
553 283
283 285
285 283
283 550
550 283
553 550
550 553
553 556
556 553
553 284
284 553
284 285
285 284
284 287
287 284
284 286
286 284
284 556
556 284
284 550
550 284
284 547
547 284
550 556
556 550
550 286
286 550
550 547
547 550
550 288
288 550
556 287
287 556
556 547
547 556
556 288
288 556
556 286
286 556
286 287
287 286
286 547
547 286
287 547
547 287
547 288
288 547
288 294
294 288
288 558
558 288
288 557
557 288
557 289
289 557
557 560
560 557
557 558
558 557
557 294
294 557
557 559
559 557
557 291
291 557
557 292
292 557
557 293
293 557
289 291
291 289
289 292
292 289
289 293
293 289
289 559
559 289
289 560
560 289
289 558
558 289
289 294
294 289
289 290
290 289
290 291
291 290
290 292
292 290
290 293
293 290
290 294
294 290
291 294
294 291
291 292
292 291
291 293
293 291
291 558
558 291
292 293
293 292
292 294
294 292
292 559
559 292
292 558
558 292
292 560
560 292
293 559
559 293
293 560
560 293
559 560
560 559
559 558
558 559
560 558
558 560
558 294
294 558
294 529
529 294
