189
1 147
147 1
1 148
148 1
1 22
22 1
1 23
23 1
1 24
24 1
1 25
25 1
1 26
26 1
1 20
20 1
1 2
2 1
1 4
4 1
2 3
3 2
2 148
148 2
2 4
4 2
2 80
80 2
2 81
81 2
2 147
147 2
3 147
147 3
3 148
148 3
3 4
4 3
3 81
81 3
3 33
33 3
3 107
107 3
3 5
5 3
3 22
22 3
3 80
80 3
3 170
170 3
3 83
83 3
3 86
86 3
3 106
106 3
3 84
84 3
3 78
78 3
3 171
171 3
3 87
87 3
147 148
148 147
147 4
4 147
147 22
22 147
147 33
33 147
147 23
23 147
147 5
5 147
147 20
20 147
147 26
26 147
147 24
24 147
148 4
4 148
148 23
23 148
148 33
33 148
148 5
5 148
148 22
22 148
148 20
20 148
148 81
81 148
4 5
5 4
4 20
20 4
4 22
22 4
4 33
33 4
4 81
81 4
4 107
107 4
4 80
80 4
4 21
21 4
4 23
23 4
4 86
86 4
4 87
87 4
4 13
13 4
4 17
17 4
5 13
13 5
5 20
20 5
5 21
21 5
5 22
22 5
5 33
33 5
5 81
81 5
5 86
86 5
5 107
107 5
5 17
17 5
5 18
18 5
5 32
32 5
5 87
87 5
5 34
34 5
5 151
151 5
5 150
150 5
5 149
149 5
5 8
8 5
5 19
19 5
5 31
31 5
5 14
14 5
5 78
78 5
5 90
90 5
5 152
152 5
5 94
94 5
5 7
7 5
5 76
76 5
151 7
7 151
151 149
149 151
151 150
150 151
151 13
13 151
151 14
14 151
151 152
152 151
151 17
17 151
151 18
18 151
151 32
32 151
151 15
15 151
151 19
19 151
151 6
6 151
151 12
12 151
151 10
10 151
6 7
7 6
6 149
149 6
6 9
9 6
6 12
12 6
6 150
150 6
6 14
14 6
6 15
15 6
6 152
152 6
6 32
32 6
6 10
10 6
6 132
132 6
6 130
130 6
6 184
184 6
6 183
183 6
6 141
141 6
6 143
143 6
6 131
131 6
6 182
182 6
6 126
126 6
6 127
127 6
6 129
129 6
6 119
119 6
7 9
9 7
7 150
150 7
7 14
14 7
7 149
149 7
7 10
10 7
7 15
15 7
7 76
76 7
7 8
8 7
7 13
13 7
7 75
75 7
7 77
77 7
7 94
94 7
8 13
13 8
8 14
14 8
8 34
34 8
8 76
76 8
8 169
169 8
8 77
77 8
8 78
78 8
8 95
95 8
8 106
106 8
8 149
149 8
8 150
150 8
8 75
75 8
8 86
86 8
8 107
107 8
8 94
94 8
149 10
10 149
149 150
150 149
149 13
13 149
149 14
14 149
149 76
76 149
149 32
32 149
149 11
11 149
149 19
19 149
149 9
9 149
149 15
15 149
149 12
12 149
149 152
152 149
149 18
18 149
9 11
11 9
9 12
12 9
9 150
150 9
9 32
32 9
9 10
10 9
9 14
14 9
10 11
11 10
10 150
150 10
10 76
76 10
10 32
32 10
10 14
14 10
11 12
12 11
11 150
150 11
11 19
19 11
11 32
32 11
11 18
18 11
11 31
31 11
11 20
20 11
12 19
19 12
12 31
31 12
12 32
32 12
12 20
20 12
12 18
18 12
12 110
110 12
12 150
150 12
12 15
15 12
12 152
152 12
150 15
15 150
150 32
32 150
150 14
14 150
150 152
152 150
150 18
18 150
150 13
13 150
150 76
76 150
150 19
19 150
13 14
14 13
13 76
76 13
13 77
77 13
13 86
86 13
13 94
94 13
13 78
78 13
13 107
107 13
13 34
34 13
13 21
21 13
13 93
93 13
13 17
17 13
13 90
90 13
13 87
87 13
13 81
81 13
13 20
20 13
13 89
89 13
14 16
16 14
14 17
17 14
14 21
21 14
14 78
78 14
14 86
86 14
14 89
89 14
14 90
90 14
14 94
94 14
14 15
15 14
14 152
152 14
14 77
77 14
14 93
93 14
14 32
32 14
14 95
95 14
14 129
129 14
14 103
103 14
14 76
76 14
14 184
184 14
14 183
183 14
14 138
138 14
14 188
188 14
14 187
187 14
15 127
127 15
15 129
129 15
15 184
184 15
15 182
182 15
15 183
183 15
15 130
130 15
15 143
143 15
15 138
138 15
15 131
131 15
15 126
126 15
15 132
132 15
15 152
152 15
15 119
119 15
15 89
89 15
15 94
94 15
15 117
117 15
15 118
118 15
15 133
133 15
15 95
95 15
15 103
103 15
15 32
32 15
15 18
18 15
152 18
18 152
152 32
32 152
152 17
17 152
16 17
17 16
16 21
21 16
16 30
30 16
16 44
44 16
16 87
87 16
16 89
89 16
16 117
117 16
16 45
45 16
16 88
88 16
16 57
57 16
16 58
58 16
16 46
46 16
16 59
59 16
16 90
90 16
16 86
86 16
16 94
94 16
17 18
18 17
17 20
20 17
17 21
21 17
17 86
86 17
17 89
89 17
17 90
90 17
17 31
31 17
17 87
87 17
17 94
94 17
17 78
78 17
17 30
30 17
17 29
29 17
17 32
32 17
18 20
20 18
18 21
21 18
18 29
29 18
18 30
30 18
18 31
31 18
18 32
32 18
18 116
116 18
18 27
27 18
18 28
28 18
18 19
19 18
18 33
33 18
18 26
26 18
18 110
110 18
19 20
20 19
19 31
31 19
19 32
32 19
19 33
33 19
19 23
23 19
19 26
26 19
20 23
23 20
20 26
26 20
20 31
31 20
20 33
33 20
20 24
24 20
20 32
32 20
20 27
27 20
20 29
29 20
20 22
22 20
20 21
21 20
20 30
30 20
20 86
86 20
20 87
87 20
20 28
28 20
21 22
22 21
21 31
31 21
21 33
33 21
21 86
86 21
21 87
87 21
21 107
107 21
21 30
30 21
21 88
88 21
21 28
28 21
21 90
90 21
21 57
57 21
21 26
26 21
21 80
80 21
21 81
81 21
21 78
78 21
21 89
89 21
21 94
94 21
22 87
87 22
22 26
26 22
22 31
31 22
22 33
33 22
22 57
57 22
22 30
30 22
22 88
88 22
22 81
81 22
22 23
23 22
22 24
24 22
22 27
27 22
22 28
28 22
22 161
161 22
23 24
24 23
23 26
26 23
23 33
33 23
23 25
25 23
23 31
31 23
23 27
27 23
23 72
72 23
23 73
73 23
24 26
26 24
24 27
27 24
24 28
28 24
24 73
73 24
24 116
116 24
24 31
31 24
24 72
72 24
24 25
25 24
24 64
64 24
24 71
71 24
24 69
69 24
25 26
26 25
25 27
27 25
26 27
27 26
26 163
163 26
26 69
69 26
26 31
31 26
26 161
161 26
26 28
28 26
26 57
57 26
26 33
33 26
26 72
72 26
26 29
29 26
26 73
73 26
26 116
116 26
26 110
110 26
27 28
28 27
27 29
29 27
27 31
31 27
27 116
116 27
27 110
110 27
27 30
30 27
27 73
73 27
27 55
55 27
27 57
57 27
27 72
72 27
27 56
56 27
27 69
69 27
27 64
64 27
27 161
161 27
27 71
71 27
27 160
160 27
27 163
163 27
27 162
162 27
28 30
30 28
28 31
31 28
28 55
55 28
28 57
57 28
28 69
69 28
28 161
161 28
28 73
73 28
28 56
56 28
28 29
29 28
28 58
58 28
28 59
59 28
28 116
116 28
28 49
49 28
28 53
53 28
28 45
45 28
28 47
47 28
28 115
115 28
28 48
48 28
29 30
30 29
29 31
31 29
29 110
110 29
29 115
115 29
29 116
116 29
29 32
32 29
29 57
57 29
29 73
73 29
30 31
31 30
30 45
45 30
30 116
116 30
30 57
57 30
30 73
73 30
30 47
47 30
30 44
44 30
30 117
117 30
30 56
56 30
30 87
87 30
30 88
88 30
31 57
57 31
31 69
69 31
31 33
33 31
31 32
32 31
31 110
110 31
31 116
116 31
32 110
110 32
32 33
33 32
33 107
107 33
33 81
81 33
34 77
77 34
34 78
78 34
34 86
86 34
34 107
107 34
34 106
106 34
34 76
76 34
34 81
81 34
34 94
94 34
153 154
154 153
153 35
35 153
153 49
49 153
153 50
50 153
153 53
53 153
153 51
51 153
153 52
52 153
153 36
36 153
153 47
47 153
153 63
63 153
153 67
67 153
154 49
49 154
154 50
50 154
154 51
51 154
154 35
35 154
154 47
47 154
154 63
63 154
154 36
36 154
154 53
53 154
35 36
36 35
35 47
47 35
35 49
49 35
35 50
50 35
35 53
53 35
35 114
114 35
35 112
112 35
35 48
48 35
35 51
51 35
36 47
47 36
36 49
49 36
36 114
114 36
36 62
62 36
36 63
63 36
36 41
41 36
36 45
45 36
36 156
156 36
36 157
157 36
36 109
109 36
36 155
155 36
36 46
46 36
36 42
42 36
36 158
158 36
36 44
44 36
36 120
120 36
36 39
39 36
36 115
115 36
157 39
39 157
157 155
155 157
157 156
156 157
157 41
41 157
157 42
42 157
157 158
158 157
157 45
45 157
157 62
62 157
157 46
46 157
157 43
43 157
157 37
37 157
157 120
120 157
157 61
61 157
157 40
40 157
157 60
60 157
157 38
38 157
37 38
38 37
37 39
39 37
37 155
155 37
37 40
40 37
37 156
156 37
37 42
42 37
37 43
43 37
37 158
158 37
37 85
85 37
37 102
102 37
37 104
104 37
37 105
105 37
37 100
100 37
37 91
91 37
37 99
99 37
38 39
39 38
38 155
155 38
38 40
40 38
38 156
156 38
38 42
42 38
38 43
43 38
38 158
158 38
39 155
155 39
39 40
40 39
39 156
156 39
39 42
42 39
39 43
43 39
39 158
158 39
39 121
121 39
39 41
41 39
39 122
122 39
39 108
108 39
39 120
120 39
39 146
146 39
155 156
156 155
155 41
41 155
155 42
42 155
155 62
62 155
155 40
40 155
155 158
158 155
40 156
156 40
40 42
42 40
156 42
42 156
156 158
158 156
156 61
61 156
156 62
62 156
156 43
43 156
156 41
41 156
156 46
46 156
156 121
121 156
41 42
42 41
41 120
120 41
41 121
121 41
41 109
109 41
41 122
122 41
41 114
114 41
41 62
62 41
41 108
108 41
41 118
118 41
41 45
45 41
41 44
44 41
42 158
158 42
42 44
44 42
42 45
45 42
42 109
109 42
42 117
117 42
42 118
118 42
42 120
120 42
42 43
43 42
42 121
121 42
42 62
62 42
42 122
122 42
42 146
146 42
42 101
101 42
42 102
102 42
43 97
97 43
43 99
99 43
43 100
100 43
43 101
101 43
43 102
102 43
43 146
146 43
43 122
122 43
43 103
103 43
43 104
104 43
43 158
158 43
43 120
120 43
43 44
44 43
43 118
118 43
43 91
91 43
158 44
44 158
158 46
46 158
158 60
60 158
158 120
120 158
158 61
61 158
158 45
45 158
158 62
62 158
44 45
45 44
44 46
46 44
44 117
117 44
44 118
118 44
44 120
120 44
44 89
89 44
44 47
47 44
44 115
115 44
44 103
103 44
44 58
58 44
44 88
88 44
45 47
47 45
45 114
114 45
45 115
115 45
45 117
117 45
45 46
46 45
45 59
59 45
45 116
116 45
45 57
57 45
45 49
49 45
45 56
56 45
45 58
58 45
45 62
62 45
45 61
61 45
45 88
88 45
46 47
47 46
46 58
58 46
46 59
59 46
46 60
60 46
46 61
61 46
46 88
88 46
46 57
57 46
46 54
54 46
46 55
55 46
46 62
62 46
46 53
53 46
46 79
79 46
46 63
63 46
46 49
49 46
46 67
67 46
47 53
53 47
47 59
59 47
47 60
60 47
47 62
62 47
47 63
63 47
47 67
67 47
47 49
49 47
47 51
51 47
47 50
50 47
47 54
54 47
47 55
55 47
47 58
58 47
47 114
114 47
47 56
56 47
47 57
57 47
47 48
48 47
47 115
115 47
47 112
112 47
47 117
117 47
47 116
116 47
47 109
109 47
47 178
178 47
47 179
179 47
48 49
49 48
48 73
73 48
48 112
112 48
48 114
114 48
48 115
115 48
48 177
177 48
48 53
53 48
48 56
56 48
49 53
53 49
49 56
56 49
49 73
73 49
49 112
112 49
49 114
114 49
49 115
115 49
49 57
57 49
49 116
116 49
49 50
50 49
49 52
52 49
49 55
55 49
49 59
59 49
49 51
51 49
49 67
67 49
49 63
63 49
49 62
62 49
50 51
51 50
50 53
53 50
50 59
59 50
50 67
67 50
50 52
52 50
51 52
52 51
51 53
53 51
51 67
67 51
51 55
55 51
51 56
56 51
51 59
59 51
51 69
69 51
51 68
68 51
52 53
53 52
52 55
55 52
52 64
64 52
52 67
67 52
52 68
68 52
52 69
69 52
52 161
161 52
52 162
162 52
52 70
70 52
52 56
56 52
52 59
59 52
52 54
54 52
52 160
160 52
52 57
57 52
52 159
159 52
159 160
160 159
159 53
53 159
159 55
55 159
159 73
73 159
159 64
64 159
160 55
55 160
160 64
64 160
160 73
73 160
160 69
69 160
160 53
53 160
160 56
56 160
53 56
56 53
53 73
73 53
53 55
55 53
53 57
57 53
53 59
59 53
53 67
67 53
53 69
69 53
53 54
54 53
53 161
161 53
53 58
58 53
53 68
68 53
53 162
162 53
53 163
163 53
53 70
70 53
53 66
66 53
53 88
88 53
53 79
79 53
53 60
60 53
54 55
55 54
54 58
58 54
54 59
59 54
54 66
66 54
54 67
67 54
54 68
68 54
54 163
163 54
54 161
161 54
54 162
162 54
54 70
70 54
54 79
79 54
54 88
88 54
54 57
57 54
54 60
60 54
54 69
69 54
55 57
57 55
55 58
58 55
55 59
59 55
55 68
68 55
55 163
163 55
55 69
69 55
55 161
161 55
55 162
162 55
55 79
79 55
55 88
88 55
55 56
56 55
55 73
73 55
55 64
64 55
55 72
72 55
56 57
57 56
56 73
73 56
56 59
59 56
56 69
69 56
57 59
59 57
57 73
73 57
57 69
69 57
57 161
161 57
57 58
58 57
57 88
88 57
57 162
162 57
57 79
79 57
57 87
87 57
58 59
59 58
58 60
60 58
58 161
161 58
58 79
79 58
58 88
88 58
58 162
162 58
58 61
61 58
58 163
163 58
59 67
67 59
59 60
60 59
59 62
62 59
59 162
162 59
59 161
161 59
59 61
61 59
59 79
79 59
59 88
88 59
59 66
66 59
59 68
68 59
59 163
163 59
60 61
61 60
60 79
79 60
60 88
88 60
60 67
67 60
60 66
66 60
61 88
88 61
62 63
63 62
62 67
67 62
64 71
71 64
64 72
72 64
64 73
73 64
64 69
69 64
64 161
161 64
64 70
70 64
64 163
163 64
64 162
162 64
64 164
164 64
65 70
70 65
65 167
167 65
65 163
163 65
65 166
166 65
65 164
164 65
65 162
162 65
65 165
165 65
65 87
87 65
65 88
88 65
65 69
69 65
66 68
68 66
66 162
162 66
66 70
70 66
66 67
67 66
67 68
68 67
67 162
162 67
67 69
69 67
68 69
69 68
68 162
162 68
68 70
70 68
68 163
163 68
68 161
161 68
68 79
79 68
163 161
161 163
163 162
162 163
163 70
70 163
163 79
79 163
163 88
88 163
163 87
87 163
163 69
69 163
163 164
164 163
163 166
166 163
163 165
165 163
163 71
71 163
69 161
161 69
69 162
162 69
69 70
70 69
69 164
164 69
69 71
71 69
69 73
73 69
69 165
165 69
69 72
72 69
161 162
162 161
161 70
70 161
161 88
88 161
161 79
79 161
162 70
70 162
162 164
164 162
162 88
88 162
162 87
87 162
162 79
79 162
70 79
79 70
70 88
88 70
70 164
164 70
70 166
166 70
70 167
167 70
70 165
165 70
70 71
71 70
164 165
165 164
164 166
166 164
164 71
71 164
164 167
167 164
165 166
166 165
165 167
167 165
165 71
71 165
166 167
167 166
166 71
71 166
166 87
87 166
167 87
87 167
71 72
72 71
71 73
73 71
72 73
73 72
73 116
116 73
73 115
115 73
73 112
112 73
74 168
168 74
74 169
169 74
74 95
95 74
74 96
96 74
74 97
97 74
74 98
98 74
74 99
99 74
74 75
75 74
74 77
77 74
75 76
76 75
75 169
169 75
75 77
77 75
75 168
168 75
76 168
168 76
76 169
169 76
76 77
77 76
76 106
106 76
76 78
78 76
76 95
95 76
168 169
169 168
168 77
77 168
168 95
95 168
168 106
106 168
168 96
96 168
168 78
78 168
168 93
93 168
168 99
99 168
168 97
97 168
169 77
77 169
169 96
96 169
169 106
106 169
169 78
78 169
169 95
95 169
169 93
93 169
77 78
78 77
77 93
93 77
77 95
95 77
77 106
106 77
77 94
94 77
77 96
96 77
77 86
86 77
77 90
90 77
78 86
86 78
78 93
93 78
78 94
94 78
78 95
95 78
78 106
106 78
78 90
90 78
78 91
91 78
78 172
172 78
78 105
105 78
78 107
107 78
78 171
171 78
78 170
170 78
78 81
81 78
78 92
92 78
78 104
104 78
78 87
87 78
78 173
173 78
78 80
80 78
172 80
80 172
172 170
170 172
172 171
171 172
172 86
86 172
172 87
87 172
172 173
173 172
172 90
90 172
172 91
91 172
172 105
105 172
172 88
88 172
172 92
92 172
172 79
79 172
172 85
85 172
172 83
83 172
79 80
80 79
79 170
170 79
79 85
85 79
79 171
171 79
79 87
87 79
79 88
88 79
79 173
173 79
79 105
105 79
79 82
82 79
79 83
83 79
80 82
82 80
80 171
171 80
80 87
87 80
80 83
83 80
80 170
170 80
80 88
88 80
80 81
81 80
80 86
86 80
81 86
86 81
81 87
87 81
81 107
107 81
81 170
170 81
81 171
171 81
170 83
83 170
170 171
171 170
170 86
86 170
170 87
87 170
170 105
105 170
170 84
84 170
170 92
92 170
170 88
88 170
170 82
82 170
170 85
85 170
170 173
173 170
170 91
91 170
82 84
84 82
82 85
85 82
82 171
171 82
82 105
105 82
82 83
83 82
82 87
87 82
83 171
171 83
83 84
84 83
83 105
105 83
83 87
87 83
84 85
85 84
84 171
171 84
84 92
92 84
84 105
105 84
84 91
91 84
84 104
104 84
84 93
93 84
85 92
92 85
85 104
104 85
85 105
105 85
85 93
93 85
85 91
91 85
85 171
171 85
85 173
173 85
85 88
88 85
171 88
88 171
171 173
173 171
171 105
105 171
171 87
87 171
171 91
91 171
171 86
86 171
171 92
92 171
86 87
87 86
86 107
107 86
86 94
94 86
86 105
105 86
86 90
90 86
86 93
93 86
87 173
173 87
87 89
89 87
87 90
90 87
87 94
94 87
87 88
88 87
87 105
105 87
88 173
173 88
88 105
105 88
88 91
91 88
173 91
91 173
173 105
105 173
173 90
90 173
89 90
90 89
89 94
94 89
89 103
103 89
89 117
117 89
89 118
118 89
89 129
129 89
89 130
130 89
89 119
119 89
89 131
131 89
90 91
91 90
90 93
93 90
90 94
94 90
90 104
104 90
90 103
103 90
90 102
102 90
90 105
105 90
91 93
93 91
91 94
94 91
91 102
102 91
91 103
103 91
91 104
104 91
91 105
105 91
91 100
100 91
91 92
92 91
91 101
101 91
91 106
106 91
91 99
99 91
92 93
93 92
92 104
104 92
92 105
105 92
92 106
106 92
92 96
96 92
92 99
99 92
93 96
96 93
93 99
99 93
93 104
104 93
93 106
106 93
93 97
97 93
93 105
105 93
93 100
100 93
93 102
102 93
93 95
95 93
93 94
94 93
93 103
103 93
93 101
101 93
94 95
95 94
94 104
104 94
94 106
106 94
94 103
103 94
94 101
101 94
94 102
102 94
94 129
129 94
94 99
99 94
95 99
99 95
95 104
104 95
95 106
106 95
95 129
129 95
95 103
103 95
95 96
96 95
95 97
97 95
95 100
100 95
95 101
101 95
95 182
182 95
96 97
97 96
96 99
99 96
96 106
106 96
96 98
98 96
96 104
104 96
96 100
100 96
96 145
145 96
96 146
146 96
97 99
99 97
97 100
100 97
97 101
101 97
97 146
146 97
97 104
104 97
97 145
145 97
97 98
98 97
97 137
137 97
97 144
144 97
97 142
142 97
98 99
99 98
98 100
100 98
99 100
100 99
99 184
184 99
99 142
142 99
99 104
104 99
99 182
182 99
99 101
101 99
99 129
129 99
99 106
106 99
99 145
145 99
99 102
102 99
99 146
146 99
100 101
101 100
100 102
102 100
100 104
104 100
100 103
103 100
100 146
146 100
100 127
127 100
100 129
129 100
100 145
145 100
100 128
128 100
100 142
142 100
100 137
137 100
100 182
182 100
100 144
144 100
100 181
181 100
100 184
184 100
100 183
183 100
101 103
103 101
101 104
104 101
101 127
127 101
101 129
129 101
101 142
142 101
101 182
182 101
101 146
146 101
101 128
128 101
101 102
102 101
101 130
130 101
101 131
131 101
101 122
122 101
101 126
126 101
101 118
118 101
101 120
120 101
101 121
121 101
102 103
103 102
102 104
104 102
102 105
105 102
102 129
129 102
102 146
146 102
103 104
104 103
103 118
118 103
103 129
129 103
103 146
146 103
103 120
120 103
103 117
117 103
103 128
128 103
104 129
129 104
104 142
142 104
104 106
106 104
104 105
105 104
105 106
106 105
174 175
175 174
174 108
108 174
174 122
122 174
174 123
123 174
174 126
126 174
174 136
136 174
174 124
124 174
174 125
125 174
174 109
109 174
174 120
120 174
174 135
135 174
174 140
140 174
175 122
122 175
175 123
123 175
175 124
124 175
175 125
125 175
175 108
108 175
175 120
120 175
175 109
109 175
175 136
136 175
175 126
126 175
108 109
109 108
108 120
120 108
108 122
122 108
108 123
123 108
108 136
136 108
108 121
121 108
108 124
124 108
108 126
126 108
109 120
120 109
109 122
122 109
109 136
136 109
109 134
134 109
109 135
135 109
109 114
114 109
109 118
118 109
109 177
177 109
109 178
178 109
109 176
176 109
109 119
119 109
109 115
115 109
109 179
179 109
109 117
117 109
109 112
112 109
178 112
112 178
178 176
176 178
178 177
177 178
178 114
114 178
178 115
115 178
178 179
179 178
178 118
118 178
178 134
134 178
178 119
119 178
178 116
116 178
178 110
110 178
178 133
133 178
178 113
113 178
178 132
132 178
178 111
111 178
110 111
111 110
110 112
112 110
110 176
176 110
110 113
113 110
110 177
177 110
110 115
115 110
110 116
116 110
110 179
179 110
111 112
112 111
111 176
176 111
111 113
113 111
111 115
115 111
111 116
116 111
111 177
177 111
112 176
176 112
112 113
113 112
112 177
177 112
112 115
115 112
112 116
116 112
112 179
179 112
112 114
114 112
176 177
177 176
176 114
114 176
176 115
115 176
176 134
134 176
176 113
113 176
176 179
179 176
113 177
177 113
113 115
115 113
177 115
115 177
177 179
179 177
177 133
133 177
177 134
134 177
177 116
116 177
177 114
114 177
177 119
119 177
114 115
115 114
114 134
134 114
114 118
118 114
114 117
117 114
115 179
179 115
115 117
117 115
115 118
118 115
115 116
116 115
115 134
134 115
116 179
179 116
116 117
117 116
179 117
117 179
179 119
119 179
179 132
132 179
179 133
133 179
179 118
118 179
179 134
134 179
117 118
118 117
117 119
119 117
117 120
120 117
117 130
130 117
118 120
120 118
118 119
119 118
118 131
131 118
118 129
129 118
118 122
122 118
118 128
128 118
118 130
130 118
118 134
134 118
118 133
133 118
119 120
120 119
119 130
130 119
119 131
131 119
119 132
132 119
119 133
133 119
119 129
129 119
119 127
127 119
119 134
134 119
119 126
126 119
119 135
135 119
119 122
122 119
119 140
140 119
120 126
126 120
120 131
131 120
120 132
132 120
120 134
134 120
120 135
135 120
120 140
140 120
120 122
122 120
120 124
124 120
120 123
123 120
120 127
127 120
120 130
130 120
120 128
128 120
120 129
129 120
120 121
121 120
121 122
122 121
121 146
146 121
121 126
126 121
121 128
128 121
122 126
126 122
122 128
128 122
122 146
146 122
122 129
129 122
122 136
136 122
122 123
123 122
122 125
125 122
122 127
127 122
122 131
131 122
122 124
124 122
122 140
140 122
122 135
135 122
122 134
134 122
123 124
124 123
123 126
126 123
123 131
131 123
123 140
140 123
123 125
125 123
124 125
125 124
124 126
126 124
124 140
140 124
124 127
127 124
124 128
128 124
124 131
131 124
124 142
142 124
124 141
141 124
125 126
126 125
125 127
127 125
125 137
137 125
125 140
140 125
125 141
141 125
125 142
142 125
125 182
182 125
125 183
183 125
125 143
143 125
125 128
128 125
125 131
131 125
125 181
181 125
125 129
129 125
125 180
180 125
180 181
181 180
180 126
126 180
180 127
127 180
180 146
146 180
180 137
137 180
181 127
127 181
181 137
137 181
181 146
146 181
181 142
142 181
181 126
126 181
181 145
145 181
181 128
128 181
126 128
128 126
126 146
146 126
126 127
127 126
126 129
129 126
126 131
131 126
126 140
140 126
126 142
142 126
126 182
182 126
126 130
130 126
126 141
141 126
126 183
183 126
126 184
184 126
126 143
143 126
126 139
139 126
126 132
132 126
127 129
129 127
127 130
130 127
127 131
131 127
127 141
141 127
127 184
184 127
127 142
142 127
127 182
182 127
127 183
183 127
127 128
128 127
127 146
146 127
127 137
137 127
127 145
145 127
128 129
129 128
128 146
146 128
128 131
131 128
128 142
142 128
129 131
131 129
129 146
146 129
129 142
142 129
129 182
182 129
129 130
130 129
129 183
183 129
130 131
131 130
130 132
132 130
130 182
182 130
130 183
183 130
130 133
133 130
130 184
184 130
131 140
140 131
131 132
132 131
131 134
134 131
131 183
183 131
131 182
182 131
131 133
133 131
131 139
139 131
131 141
141 131
131 184
184 131
132 133
133 132
132 140
140 132
132 139
139 132
134 135
135 134
134 140
140 134
137 144
144 137
137 145
145 137
137 146
146 137
137 142
142 137
137 182
182 137
137 184
184 137
137 143
143 137
137 183
183 137
137 185
185 137
138 143
143 138
138 187
187 138
138 188
188 138
138 184
184 138
138 185
185 138
138 183
183 138
138 186
186 138
138 142
142 138
139 141
141 139
139 183
183 139
139 143
143 139
139 140
140 139
140 141
141 140
140 183
183 140
140 142
142 140
141 142
142 141
141 183
183 141
141 143
143 141
141 184
184 141
141 182
182 141
184 182
182 184
184 183
183 184
184 143
143 184
184 142
142 184
184 185
185 184
184 187
187 184
184 186
186 184
184 144
144 184
142 182
182 142
142 183
183 142
142 143
143 142
142 185
185 142
142 144
144 142
142 146
146 142
142 186
186 142
142 145
145 142
182 183
183 182
182 143
143 182
183 143
143 183
183 185
185 183
143 185
185 143
143 187
187 143
143 188
188 143
143 186
186 143
143 144
144 143
185 186
186 185
185 187
187 185
185 144
144 185
185 188
188 185
186 187
187 186
186 188
188 186
186 144
144 186
187 188
188 187
187 144
144 187
144 145
145 144
144 146
146 144
145 146
146 145
