106
46 2
2 46
46 47
47 46
46 48
48 46
46 45
45 46
46 44
44 46
46 5
5 46
46 6
6 46
46 54
54 46
46 3
3 46
46 43
43 46
46 55
55 46
46 8
8 46
46 4
4 46
46 1
1 46
46 42
42 46
46 50
50 46
1 2
2 1
1 42
42 1
1 41
41 1
1 99
99 1
1 100
100 1
1 34
34 1
1 47
47 1
1 5
5 1
1 45
45 1
1 3
3 1
2 34
34 2
2 100
100 2
2 99
99 2
2 10
10 2
2 47
47 2
2 9
9 2
2 48
48 2
2 5
5 2
2 41
41 2
2 42
42 2
2 45
45 2
2 44
44 2
2 3
3 2
2 13
13 2
2 43
43 2
2 4
4 2
2 54
54 2
2 6
6 2
47 48
48 47
47 45
45 47
47 5
5 47
47 54
54 47
47 13
13 47
47 44
44 47
47 55
55 47
47 3
3 47
47 8
8 47
47 9
9 47
47 10
10 47
48 54
54 48
48 13
13 48
48 55
55 48
48 45
45 48
48 56
56 48
48 9
9 48
48 10
10 48
45 3
3 45
45 44
44 45
45 5
5 45
45 6
6 45
45 43
43 45
45 4
4 45
45 8
8 45
45 49
49 45
45 42
42 45
50 49
49 50
50 3
3 50
50 51
51 50
50 7
7 50
50 52
52 50
50 8
8 50
50 4
4 50
50 53
53 50
49 3
3 49
49 51
51 49
49 52
52 49
49 8
8 49
49 4
4 49
3 4
4 3
3 51
51 3
3 8
8 3
3 44
44 3
3 43
43 3
3 6
6 3
3 52
52 3
44 5
5 44
44 6
6 44
44 43
43 44
44 4
4 44
44 42
42 44
44 41
41 44
4 43
43 4
4 42
42 4
4 41
41 4
4 5
5 4
4 6
6 4
43 5
5 43
43 6
6 43
43 42
42 43
43 41
41 43
43 100
100 43
42 41
41 42
42 5
5 42
42 100
100 42
42 99
99 42
42 40
40 42
42 98
98 42
41 99
99 41
41 100
100 41
41 5
5 41
41 98
98 41
41 34
34 41
5 34
34 5
5 99
99 5
5 100
100 5
5 6
6 5
51 52
52 51
51 8
8 51
51 53
53 51
51 7
7 51
7 53
53 7
7 52
52 7
7 8
8 7
53 52
52 53
53 8
8 53
52 8
8 52
8 55
55 8
59 10
10 59
59 60
60 59
59 61
61 59
59 58
58 59
59 57
57 59
59 13
13 59
59 14
14 59
59 67
67 59
59 11
11 59
59 56
56 59
59 68
68 59
59 16
16 59
59 12
12 59
59 9
9 59
59 55
55 59
59 63
63 59
9 10
10 9
9 55
55 9
9 54
54 9
9 60
60 9
9 13
13 9
9 58
58 9
9 11
11 9
10 18
18 10
10 60
60 10
10 17
17 10
10 61
61 10
10 13
13 10
10 54
54 10
10 55
55 10
10 58
58 10
10 57
57 10
10 11
11 10
10 21
21 10
10 56
56 10
10 12
12 10
10 67
67 10
10 14
14 10
60 61
61 60
60 58
58 60
60 13
13 60
60 67
67 60
60 21
21 60
60 57
57 60
60 68
68 60
60 11
11 60
60 16
16 60
60 17
17 60
60 18
18 60
61 67
67 61
61 21
21 61
61 68
68 61
61 58
58 61
61 69
69 61
61 17
17 61
61 18
18 61
58 11
11 58
58 57
57 58
58 13
13 58
58 14
14 58
58 56
56 58
58 12
12 58
58 16
16 58
58 62
62 58
58 55
55 58
63 62
62 63
63 11
11 63
63 64
64 63
63 15
15 63
63 65
65 63
63 16
16 63
63 12
12 63
63 66
66 63
62 11
11 62
62 64
64 62
62 65
65 62
62 16
16 62
62 12
12 62
11 12
12 11
11 64
64 11
11 16
16 11
11 57
57 11
11 56
56 11
11 14
14 11
11 65
65 11
57 13
13 57
57 14
14 57
57 56
56 57
57 12
12 57
57 55
55 57
57 54
54 57
12 56
56 12
12 55
55 12
12 54
54 12
12 13
13 12
12 14
14 12
56 13
13 56
56 14
14 56
56 55
55 56
56 54
54 56
55 54
54 55
55 13
13 55
54 13
13 54
13 14
14 13
64 65
65 64
64 16
16 64
64 66
66 64
64 15
15 64
15 66
66 15
15 65
65 15
15 16
16 15
66 65
65 66
66 16
16 66
65 16
16 65
16 68
68 16
72 18
18 72
72 73
73 72
72 74
74 72
72 71
71 72
72 70
70 72
72 21
21 72
72 22
22 72
72 80
80 72
72 19
19 72
72 69
69 72
72 81
81 72
72 24
24 72
72 20
20 72
72 17
17 72
72 68
68 72
72 76
76 72
17 18
18 17
17 68
68 17
17 67
67 17
17 73
73 17
17 21
21 17
17 71
71 17
17 19
19 17
18 26
26 18
18 73
73 18
18 25
25 18
18 74
74 18
18 21
21 18
18 67
67 18
18 68
68 18
18 71
71 18
18 70
70 18
18 19
19 18
18 29
29 18
18 69
69 18
18 20
20 18
18 80
80 18
18 22
22 18
73 74
74 73
73 71
71 73
73 21
21 73
73 80
80 73
73 29
29 73
73 70
70 73
73 81
81 73
73 19
19 73
73 24
24 73
73 25
25 73
73 26
26 73
74 80
80 74
74 29
29 74
74 81
81 74
74 71
71 74
74 82
82 74
74 25
25 74
74 26
26 74
71 19
19 71
71 70
70 71
71 21
21 71
71 22
22 71
71 69
69 71
71 20
20 71
71 24
24 71
71 75
75 71
71 68
68 71
76 75
75 76
76 19
19 76
76 77
77 76
76 23
23 76
76 78
78 76
76 24
24 76
76 20
20 76
76 79
79 76
75 19
19 75
75 77
77 75
75 78
78 75
75 24
24 75
75 20
20 75
19 20
20 19
19 77
77 19
19 24
24 19
19 70
70 19
19 69
69 19
19 22
22 19
19 78
78 19
70 21
21 70
70 22
22 70
70 69
69 70
70 20
20 70
70 68
68 70
70 67
67 70
20 69
69 20
20 68
68 20
20 67
67 20
20 21
21 20
20 22
22 20
69 21
21 69
69 22
22 69
69 68
68 69
69 67
67 69
68 67
67 68
68 21
21 68
67 21
21 67
21 22
22 21
77 78
78 77
77 24
24 77
77 79
79 77
77 23
23 77
23 79
79 23
23 78
78 23
23 24
24 23
79 78
78 79
79 24
24 79
78 24
24 78
24 81
81 24
85 26
26 85
85 86
86 85
85 87
87 85
85 84
84 85
85 83
83 85
85 29
29 85
85 30
30 85
85 93
93 85
85 27
27 85
85 82
82 85
85 94
94 85
85 32
32 85
85 28
28 85
85 25
25 85
85 81
81 85
85 89
89 85
25 26
26 25
25 81
81 25
25 80
80 25
25 86
86 25
25 29
29 25
25 84
84 25
25 27
27 25
26 34
34 26
26 86
86 26
26 33
33 26
26 87
87 26
26 29
29 26
26 80
80 26
26 81
81 26
26 84
84 26
26 83
83 26
26 27
27 26
26 37
37 26
26 82
82 26
26 28
28 26
26 93
93 26
26 30
30 26
86 87
87 86
86 84
84 86
86 29
29 86
86 93
93 86
86 37
37 86
86 83
83 86
86 94
94 86
86 27
27 86
86 32
32 86
86 33
33 86
86 34
34 86
87 93
93 87
87 37
37 87
87 94
94 87
87 84
84 87
87 95
95 87
87 33
33 87
87 34
34 87
84 27
27 84
84 83
83 84
84 29
29 84
84 30
30 84
84 82
82 84
84 28
28 84
84 32
32 84
84 88
88 84
84 81
81 84
89 88
88 89
89 27
27 89
89 90
90 89
89 31
31 89
89 91
91 89
89 32
32 89
89 28
28 89
89 92
92 89
88 27
27 88
88 90
90 88
88 91
91 88
88 32
32 88
88 28
28 88
27 28
28 27
27 90
90 27
27 32
32 27
27 83
83 27
27 82
82 27
27 30
30 27
27 91
91 27
83 29
29 83
83 30
30 83
83 82
82 83
83 28
28 83
83 81
81 83
83 80
80 83
28 82
82 28
28 81
81 28
28 80
80 28
28 29
29 28
28 30
30 28
82 29
29 82
82 30
30 82
82 81
81 82
82 80
80 82
81 80
80 81
81 29
29 81
80 29
29 80
29 30
30 29
90 91
91 90
90 32
32 90
90 92
92 90
90 31
31 90
31 92
92 31
31 91
91 31
31 32
32 31
92 91
91 92
92 32
32 92
91 32
32 91
32 94
94 32
98 34
34 98
98 99
99 98
98 100
100 98
98 97
97 98
98 96
96 98
98 37
37 98
98 38
38 98
98 35
35 98
98 95
95 98
98 40
40 98
98 36
36 98
98 33
33 98
98 94
94 98
98 102
102 98
33 34
34 33
33 94
94 33
33 93
93 33
33 99
99 33
33 37
37 33
33 97
97 33
33 35
35 33
34 99
99 34
34 100
100 34
34 37
37 34
34 93
93 34
34 94
94 34
34 97
97 34
34 96
96 34
34 35
35 34
34 95
95 34
34 36
36 34
34 38
38 34
99 100
100 99
99 97
97 99
99 37
37 99
99 96
96 99
99 35
35 99
99 40
40 99
100 97
97 100
97 35
35 97
97 96
96 97
97 37
37 97
97 38
38 97
97 95
95 97
97 36
36 97
97 40
40 97
97 101
101 97
97 94
94 97
102 101
101 102
102 35
35 102
102 103
103 102
102 39
39 102
102 104
104 102
102 40
40 102
102 36
36 102
102 105
105 102
101 35
35 101
101 103
103 101
101 104
104 101
101 40
40 101
101 36
36 101
35 36
36 35
35 103
103 35
35 40
40 35
35 96
96 35
35 95
95 35
35 38
38 35
35 104
104 35
96 37
37 96
96 38
38 96
96 95
95 96
96 36
36 96
96 94
94 96
96 93
93 96
36 95
95 36
36 94
94 36
36 93
93 36
36 37
37 36
36 38
38 36
95 37
37 95
95 38
38 95
95 94
94 95
95 93
93 95
94 93
93 94
94 37
37 94
93 37
37 93
37 38
38 37
103 104
104 103
103 40
40 103
103 105
105 103
103 39
39 103
39 105
105 39
39 104
104 39
39 40
40 39
105 104
104 105
105 40
40 105
104 40
40 104
