34
25 22
22 25
25 23
23 25
25 24
24 25
25 3
3 25
25 5
5 25
25 21
21 25
25 26
26 25
25 6
6 25
25 20
20 25
25 7
7 25
25 9
9 25
25 2
2 25
25 1
1 25
1 9
9 1
1 2
2 1
1 20
20 1
1 24
24 1
1 21
21 1
2 23
23 2
2 24
24 2
2 20
20 2
2 7
7 2
2 21
21 2
22 23
23 22
22 24
24 22
22 20
20 22
22 21
21 22
22 3
3 22
22 5
5 22
22 26
26 22
22 8
8 22
22 6
6 22
22 14
14 22
22 18
18 22
23 3
3 23
23 5
5 23
23 20
20 23
23 21
21 23
23 8
8 23
23 14
14 23
23 13
13 23
23 24
24 23
23 26
26 23
23 7
7 23
23 6
6 23
23 9
9 23
24 7
7 24
24 9
9 24
24 20
20 24
24 21
21 24
24 6
6 24
24 26
26 24
24 3
3 24
24 5
5 24
24 8
8 24
3 5
5 3
3 21
21 3
3 8
8 3
3 18
18 3
3 13
13 3
3 26
26 3
3 20
20 3
3 4
4 3
3 30
30 3
4 5
5 4
4 30
30 4
4 18
18 4
4 29
29 4
4 28
28 4
4 15
15 4
4 27
27 4
4 9
9 4
4 19
19 4
4 8
8 4
5 26
26 5
5 6
6 5
5 18
18 5
5 21
21 5
5 8
8 5
5 20
20 5
5 9
9 5
5 19
19 5
20 21
21 20
20 26
26 20
20 8
8 20
20 9
9 20
20 18
18 20
20 6
6 20
21 26
26 21
21 8
8 21
21 9
9 21
21 18
18 21
21 6
6 21
26 6
6 26
26 9
9 26
26 7
7 26
26 18
18 26
26 8
8 26
6 7
7 6
6 9
9 6
7 9
9 7
8 13
13 8
8 18
18 8
8 14
14 8
8 15
15 8
8 10
10 8
8 29
29 8
8 9
9 8
8 19
19 8
8 27
27 8
8 28
28 8
8 33
33 8
9 18
18 9
9 19
19 9
9 15
15 9
9 14
14 9
10 13
13 10
10 15
15 10
10 14
14 10
10 32
32 10
10 31
31 10
10 33
33 10
10 16
16 10
10 30
30 10
32 29
29 32
32 30
30 32
32 31
31 32
32 13
13 32
32 15
15 32
32 28
28 32
32 33
33 32
32 16
16 32
32 27
27 32
32 17
17 32
32 19
19 32
32 12
12 32
32 11
11 32
11 19
19 11
11 12
12 11
11 27
27 11
11 31
31 11
11 28
28 11
12 30
30 12
12 31
31 12
12 27
27 12
12 17
17 12
12 28
28 12
29 30
30 29
29 31
31 29
29 27
27 29
29 28
28 29
29 17
17 29
29 13
13 29
29 15
15 29
29 33
33 29
29 18
18 29
29 16
16 29
30 13
13 30
30 15
15 30
30 27
27 30
30 28
28 30
30 18
18 30
30 31
31 30
30 33
33 30
30 17
17 30
30 16
16 30
30 19
19 30
31 17
17 31
31 19
19 31
31 27
27 31
31 28
28 31
31 16
16 31
31 33
33 31
31 15
15 31
31 13
13 31
31 18
18 31
13 15
15 13
13 28
28 13
13 18
18 13
13 33
33 13
13 27
27 13
13 14
14 13
14 15
15 14
14 19
19 14
14 18
18 14
15 33
33 15
15 16
16 15
15 28
28 15
15 18
18 15
15 27
27 15
15 19
19 15
27 28
28 27
27 33
33 27
27 18
18 27
27 19
19 27
27 16
16 27
27 17
17 27
28 33
33 28
28 18
18 28
28 19
19 28
28 16
16 28
33 16
16 33
33 19
19 33
33 17
17 33
33 18
18 33
16 17
17 16
16 19
19 16
17 19
19 17
18 19
19 18
