237
1 5
5 1
1 141
141 1
1 142
142 1
1 143
143 1
1 9
9 1
1 71
71 1
1 79
79 1
1 140
140 1
1 7
7 1
1 2
2 1
1 197
197 1
1 10
10 1
1 196
196 1
1 75
75 1
1 139
139 1
1 4
4 1
140 2
2 140
140 139
139 140
140 138
138 140
140 4
4 140
140 5
5 140
140 141
141 140
140 7
7 140
140 142
142 140
140 9
9 140
140 3
3 140
140 143
143 140
140 6
6 140
140 145
145 140
140 8
8 140
140 14
14 140
140 144
144 140
140 151
151 140
140 21
21 140
144 145
145 144
144 6
6 144
144 150
150 144
144 151
151 144
144 14
14 144
144 15
15 144
144 21
21 144
144 146
146 144
144 3
3 144
144 139
139 144
144 148
148 144
144 149
149 144
144 147
147 144
144 24
24 144
145 3
3 145
145 151
151 145
145 15
15 145
145 146
146 145
145 147
147 145
145 139
139 145
145 14
14 145
145 138
138 145
145 150
150 145
145 149
149 145
145 27
27 145
145 148
148 145
145 2
2 145
145 9
9 145
145 30
30 145
145 12
12 145
145 141
141 145
145 32
32 145
145 162
162 145
145 31
31 145
2 3
3 2
2 9
9 2
2 12
12 2
2 146
146 2
2 147
147 2
2 30
30 2
2 160
160 2
2 31
31 2
2 32
32 2
2 28
28 2
2 162
162 2
2 27
27 2
2 10
10 2
2 139
139 2
2 141
141 2
2 163
163 2
2 33
33 2
2 11
11 2
2 138
138 2
2 142
142 2
2 4
4 2
139 3
3 139
139 138
138 139
139 4
4 139
139 5
5 139
139 141
141 139
139 9
9 139
139 7
7 139
139 12
12 139
139 6
6 139
139 14
14 139
139 24
24 139
3 138
138 3
3 146
146 3
3 15
15 3
3 147
147 3
3 151
151 3
3 4
4 3
3 27
27 3
3 9
9 3
3 12
12 3
3 30
30 3
138 4
4 138
138 141
141 138
138 9
9 138
138 5
5 138
138 6
6 138
138 7
7 138
4 141
141 4
4 6
6 4
4 7
7 4
4 14
14 4
4 24
24 4
4 5
5 4
4 8
8 4
4 142
142 4
4 23
23 4
5 141
141 5
5 7
7 5
5 142
142 5
5 9
9 5
5 143
143 5
5 71
71 5
141 7
7 141
141 142
142 141
141 9
9 141
141 143
143 141
141 6
6 141
141 8
8 141
141 14
14 141
141 151
151 141
141 21
21 141
6 7
7 6
6 142
142 6
6 8
8 6
6 151
151 6
6 14
14 6
6 21
21 6
6 22
22 6
6 23
23 6
6 24
24 6
6 15
15 6
6 89
89 6
7 142
142 7
7 8
8 7
7 14
14 7
7 21
21 7
7 22
22 7
7 23
23 7
7 24
24 7
7 151
151 7
7 89
89 7
7 143
143 7
7 9
9 7
142 143
143 142
142 9
9 142
142 79
79 142
142 8
8 142
142 71
71 142
142 14
14 142
142 197
197 142
142 89
89 142
8 143
143 8
8 151
151 8
8 14
14 8
8 21
21 8
8 22
22 8
8 89
89 8
8 203
203 8
8 23
23 8
8 202
202 8
8 80
80 8
8 88
88 8
8 24
24 8
8 79
79 8
8 9
9 8
8 81
81 8
8 87
87 8
143 9
9 143
143 71
71 143
143 197
197 143
143 79
79 143
143 80
80 143
143 89
89 143
143 196
196 143
9 146
146 9
9 30
30 9
9 32
32 9
9 14
14 9
9 10
10 9
9 197
197 9
9 12
12 9
9 11
11 9
9 31
31 9
9 162
162 9
9 78
78 9
9 79
79 9
9 71
71 9
9 196
196 9
9 75
75 9
10 11
11 10
10 30
30 10
10 32
32 10
10 71
71 10
10 78
78 10
10 31
31 10
10 12
12 10
10 197
197 10
11 30
30 11
11 31
31 11
11 32
32 11
11 78
78 11
11 28
28 11
11 12
12 11
12 28
28 12
12 30
30 12
12 31
31 12
12 146
146 12
12 160
160 12
12 32
32 12
13 17
17 13
13 156
156 13
13 157
157 13
13 21
21 13
13 82
82 13
13 90
90 13
13 155
155 13
13 19
19 13
13 158
158 13
13 91
91 13
13 14
14 13
13 203
203 13
13 22
22 13
13 86
86 13
13 154
154 13
13 16
16 13
155 14
14 155
155 154
154 155
155 16
16 155
155 17
17 155
155 156
156 155
155 19
19 155
155 157
157 155
155 21
21 155
155 153
153 155
155 15
15 155
155 18
18 155
155 151
151 155
155 20
20 155
155 36
36 155
155 150
150 155
155 149
149 155
155 43
43 155
150 151
151 150
150 18
18 150
150 148
148 150
150 149
149 150
150 36
36 150
150 37
37 150
150 43
43 150
150 15
15 150
150 154
154 150
150 146
146 150
150 147
147 150
151 15
15 151
151 149
149 151
151 37
37 151
151 154
154 151
151 36
36 151
151 153
153 151
151 147
147 151
151 148
148 151
151 146
146 151
151 14
14 151
151 21
21 151
151 24
24 151
151 156
156 151
14 15
15 14
14 21
21 14
14 24
24 14
14 22
22 14
14 156
156 14
14 154
154 14
14 23
23 14
14 157
157 14
14 153
153 14
154 15
15 154
154 16
16 154
154 17
17 154
154 156
156 154
154 21
21 154
154 153
153 154
154 19
19 154
154 24
24 154
154 18
18 154
154 36
36 154
15 153
153 15
15 37
37 15
15 149
149 15
15 16
16 15
15 36
36 15
15 21
21 15
15 24
24 15
153 16
16 153
153 156
156 153
153 18
18 153
153 19
19 153
16 156
156 16
16 18
18 16
16 19
19 16
16 36
36 16
16 46
46 16
16 17
17 16
16 157
157 16
16 20
20 16
16 45
45 16
17 156
156 17
17 19
19 17
17 157
157 17
17 21
21 17
156 19
19 156
156 157
157 156
156 21
21 156
156 158
158 156
156 18
18 156
156 20
20 156
156 36
36 156
156 149
149 156
156 43
43 156
18 19
19 18
18 157
157 18
18 20
20 18
18 149
149 18
18 36
36 18
18 43
43 18
18 44
44 18
18 45
45 18
18 37
37 18
18 66
66 18
18 46
46 18
19 157
157 19
19 20
20 19
19 36
36 19
19 43
43 19
19 44
44 19
19 45
45 19
19 149
149 19
19 46
46 19
19 66
66 19
19 158
158 19
19 90
90 19
19 21
21 19
157 158
158 157
157 21
21 157
157 90
90 157
157 20
20 157
157 82
82 157
157 36
36 157
157 203
203 157
157 66
66 157
20 158
158 20
20 149
149 20
20 36
36 20
20 43
43 20
20 44
44 20
20 66
66 20
20 191
191 20
20 45
45 20
20 190
190 20
20 91
91 20
20 65
65 20
20 90
90 20
20 21
21 20
20 92
92 20
20 64
64 20
158 21
21 158
158 66
66 158
158 82
82 158
158 203
203 158
158 90
90 158
158 91
91 158
158 202
202 158
21 36
36 21
21 22
22 21
21 203
203 21
21 24
24 21
21 23
23 21
21 90
90 21
21 89
89 21
21 82
82 21
21 202
202 21
21 86
86 21
22 23
23 22
22 24
24 22
22 82
82 22
22 89
89 22
22 203
203 22
23 24
24 23
23 89
89 23
25 29
29 25
25 162
162 25
25 163
163 25
25 164
164 25
25 33
33 25
25 47
47 25
25 175
175 25
25 176
176 25
25 55
55 25
25 51
51 25
25 174
174 25
25 161
161 25
25 31
31 25
25 56
56 25
25 26
26 25
25 34
34 25
25 160
160 25
25 28
28 25
161 26
26 161
161 160
160 161
161 159
159 161
161 28
28 161
161 29
29 161
161 162
162 161
161 31
31 161
161 163
163 161
161 33
33 161
161 27
27 161
161 30
30 161
161 147
147 161
146 147
147 146
146 30
30 146
146 148
148 146
146 27
27 146
146 160
160 146
146 149
149 146
147 27
27 147
147 148
148 147
147 149
149 147
147 160
160 147
147 159
159 147
147 37
37 147
147 26
26 147
147 33
33 147
147 40
40 147
147 162
162 147
147 42
42 147
147 167
167 147
147 168
168 147
147 41
41 147
26 27
27 26
26 33
33 26
26 167
167 26
26 148
148 26
26 149
149 26
26 40
40 26
26 166
166 26
26 38
38 26
26 41
41 26
26 42
42 26
26 168
168 26
26 37
37 26
26 34
34 26
26 169
169 26
26 43
43 26
26 160
160 26
26 162
162 26
26 35
35 26
26 159
159 26
26 163
163 26
26 28
28 26
160 27
27 160
160 159
159 160
160 28
28 160
160 29
29 160
160 162
162 160
160 33
33 160
160 31
31 160
160 30
30 160
27 159
159 27
27 148
148 27
27 149
149 27
27 28
28 27
27 37
37 27
27 33
33 27
27 40
40 27
159 28
28 159
159 162
162 159
159 33
33 159
159 30
30 159
159 31
31 159
28 162
162 28
28 30
30 28
28 31
31 28
28 29
29 28
28 32
32 28
28 163
163 28
29 162
162 29
29 31
31 29
29 163
163 29
29 33
33 29
162 31
31 162
162 163
163 162
162 33
33 162
162 164
164 162
162 30
30 162
162 32
32 162
30 31
31 30
30 163
163 30
30 32
32 30
30 78
78 30
31 163
163 31
31 32
32 31
31 78
78 31
31 164
164 31
31 55
55 31
31 33
33 31
163 164
164 163
163 33
33 163
163 55
55 163
163 32
32 163
163 176
176 163
163 47
47 163
163 78
78 163
32 164
164 32
32 78
78 32
32 197
197 32
32 196
196 32
32 56
56 32
32 77
77 32
32 55
55 32
32 33
33 32
32 57
57 32
32 76
76 32
164 33
33 164
164 47
47 164
164 176
176 164
164 55
55 164
164 56
56 164
164 78
78 164
164 175
175 164
33 148
148 33
33 40
40 33
33 42
42 33
33 34
34 33
33 176
176 33
33 41
41 33
33 35
35 33
33 167
167 33
33 38
38 33
33 168
168 33
33 54
54 33
33 55
55 33
33 47
47 33
33 175
175 33
33 53
53 33
34 35
35 34
34 40
40 34
34 42
42 34
34 54
54 34
34 41
41 34
34 176
176 34
35 40
40 35
35 41
41 35
35 42
42 35
35 54
54 35
35 38
38 35
167 36
36 167
167 166
166 167
167 165
165 167
167 38
38 167
167 39
39 167
167 168
168 167
167 41
41 167
167 169
169 167
167 43
43 167
167 37
37 167
167 40
40 167
167 149
149 167
167 42
42 167
167 148
148 167
148 149
149 148
148 40
40 148
148 37
37 148
148 166
166 148
149 37
37 149
149 166
166 149
149 165
165 149
149 36
36 149
149 43
43 149
36 37
37 36
36 43
43 36
36 44
44 36
36 168
168 36
36 166
166 36
36 46
46 36
36 45
45 36
36 165
165 36
36 169
169 36
166 37
37 166
166 165
165 166
166 38
38 166
166 39
39 166
166 168
168 166
166 43
43 166
166 41
41 166
166 40
40 166
37 165
165 37
37 38
38 37
37 43
43 37
165 38
38 165
165 168
168 165
165 43
43 165
165 40
40 165
165 41
41 165
38 168
168 38
38 40
40 38
38 41
41 38
38 39
39 38
38 42
42 38
38 169
169 38
39 168
168 39
39 41
41 39
39 169
169 39
39 43
43 39
39 59
59 39
39 67
67 39
168 41
41 168
168 169
169 168
168 43
43 168
168 170
170 168
168 40
40 168
168 42
42 168
40 41
41 40
40 169
169 40
40 42
42 40
40 54
54 40
41 169
169 41
41 42
42 41
41 54
54 41
41 170
170 41
41 43
43 41
169 170
170 169
169 43
43 169
169 67
67 169
169 42
42 169
169 54
54 169
169 191
191 169
169 59
59 169
42 170
170 42
42 54
54 42
42 176
176 42
42 175
175 42
42 68
68 42
42 53
53 42
42 67
67 42
42 43
43 42
42 69
69 42
42 52
52 42
170 43
43 170
170 54
54 170
170 59
59 170
170 67
67 170
170 68
68 170
170 191
191 170
170 190
190 170
43 44
44 43
43 45
45 43
43 46
46 43
43 66
66 43
43 191
191 43
43 67
67 43
43 59
59 43
43 190
190 43
43 63
63 43
44 45
45 44
44 46
46 44
44 66
66 44
44 191
191 44
45 46
46 45
45 66
66 45
47 51
51 47
47 174
174 47
47 175
175 47
47 55
55 47
47 173
173 47
47 53
53 47
47 176
176 47
47 48
48 47
47 56
56 47
47 172
172 47
47 50
50 47
173 48
48 173
173 172
172 173
173 171
171 173
173 50
50 173
173 51
51 173
173 174
174 173
173 53
53 173
173 175
175 173
173 55
55 173
173 49
49 173
173 52
52 173
173 178
178 173
177 178
178 177
177 52
52 177
177 183
183 177
177 184
184 177
177 60
60 177
177 61
61 177
177 67
67 177
177 179
179 177
177 49
49 177
177 172
172 177
177 181
181 177
177 180
180 177
177 182
182 177
177 70
70 177
178 49
49 178
178 184
184 178
178 61
61 178
178 179
179 178
178 180
180 178
178 172
172 178
178 60
60 178
178 171
171 178
178 183
183 178
178 182
182 178
178 73
73 178
178 181
181 178
178 48
48 178
178 55
55 178
178 76
76 178
178 58
58 178
178 174
174 178
178 78
78 178
178 77
77 178
48 49
49 48
48 55
55 48
48 58
58 48
48 179
179 48
48 180
180 48
48 76
76 48
48 193
193 48
48 77
77 48
48 78
78 48
48 74
74 48
48 195
195 48
48 73
73 48
48 56
56 48
48 172
172 48
48 174
174 48
48 196
196 48
48 79
79 48
48 57
57 48
48 171
171 48
48 175
175 48
48 50
50 48
172 49
49 172
172 171
171 172
172 50
50 172
172 51
51 172
172 174
174 172
172 55
55 172
172 53
53 172
172 58
58 172
172 52
52 172
172 60
60 172
172 70
70 172
49 171
171 49
49 61
61 49
49 179
179 49
49 180
180 49
49 184
184 49
49 50
50 49
49 73
73 49
49 55
55 49
49 58
58 49
49 76
76 49
171 50
50 171
171 174
174 171
171 55
55 171
171 51
51 171
171 52
52 171
171 53
53 171
50 174
174 50
50 52
52 50
50 53
53 50
50 60
60 50
50 70
70 50
50 69
69 50
50 51
51 50
50 175
175 50
50 54
54 50
51 174
174 51
51 53
53 51
51 175
175 51
51 55
55 51
174 53
53 174
174 175
175 174
174 55
55 174
174 176
176 174
174 52
52 174
174 54
54 174
174 60
60 174
174 184
184 174
174 67
67 174
52 53
53 52
52 175
175 52
52 54
54 52
52 184
184 52
52 60
60 52
52 67
67 52
52 68
68 52
52 69
69 52
52 70
70 52
52 61
61 52
53 175
175 53
53 54
54 53
53 60
60 53
53 67
67 53
53 68
68 53
53 69
69 53
53 70
70 53
53 184
184 53
53 176
176 53
53 55
55 53
175 176
176 175
175 55
55 175
175 54
54 175
175 60
60 175
54 176
176 54
54 184
184 54
54 60
60 54
54 67
67 54
54 68
68 54
54 69
69 54
54 70
70 54
54 55
55 54
176 55
55 176
55 179
179 55
55 76
76 55
55 78
78 55
55 60
60 55
55 56
56 55
55 58
58 55
55 57
57 55
55 77
77 55
55 195
195 55
56 57
57 56
56 76
76 56
56 77
77 56
56 78
78 56
56 58
58 56
57 76
76 57
57 77
77 57
57 78
78 57
57 58
58 57
57 74
74 57
58 74
74 58
58 76
76 58
58 77
77 58
58 193
193 58
58 179
179 58
58 78
78 58
59 63
63 59
59 189
189 59
59 190
190 59
59 191
191 59
59 67
67 59
59 65
65 59
59 188
188 59
59 60
60 59
59 187
187 59
59 68
68 59
59 62
62 59
188 60
60 188
188 187
187 188
188 186
186 188
188 62
62 188
188 63
63 188
188 189
189 188
188 65
65 188
188 190
190 188
188 67
67 188
188 61
61 188
188 191
191 188
188 64
64 188
188 184
184 188
188 66
66 188
188 83
83 188
188 183
183 188
188 182
182 188
188 90
90 188
183 184
184 183
183 64
64 183
183 181
181 183
183 182
182 183
183 83
83 183
183 84
84 183
183 90
90 183
183 61
61 183
183 187
187 183
183 179
179 183
183 180
180 183
184 61
61 184
184 182
182 184
184 84
84 184
184 187
187 184
184 83
83 184
184 186
186 184
184 180
180 184
184 181
181 184
184 179
179 184
184 60
60 184
184 67
67 184
184 70
70 184
60 61
61 60
60 67
67 60
60 70
70 60
60 68
68 60
60 187
187 60
60 189
189 60
60 69
69 60
60 186
186 60
60 190
190 60
60 62
62 60
187 61
61 187
187 186
186 187
187 62
62 187
187 63
63 187
187 189
189 187
187 67
67 187
187 65
65 187
187 70
70 187
187 64
64 187
187 83
83 187
61 186
186 61
61 84
84 61
61 182
182 61
61 62
62 61
61 83
83 61
61 67
67 61
61 70
70 61
186 62
62 186
186 189
189 186
186 67
67 186
186 63
63 186
186 64
64 186
186 65
65 186
62 189
189 62
62 64
64 62
62 65
65 62
62 83
83 62
62 63
63 62
62 190
190 62
62 66
66 62
62 92
92 62
63 189
189 63
63 65
65 63
63 190
190 63
63 67
67 63
63 191
191 63
189 65
65 189
189 190
190 189
189 67
67 189
189 191
191 189
189 64
64 189
189 66
66 189
189 83
83 189
189 182
182 189
189 90
90 189
64 65
65 64
64 190
190 64
64 66
66 64
64 182
182 64
64 83
83 64
64 90
90 64
64 91
91 64
64 92
92 64
64 84
84 64
65 190
190 65
65 66
66 65
65 83
83 65
65 90
90 65
65 91
91 65
65 92
92 65
65 182
182 65
65 191
191 65
65 67
67 65
190 191
191 190
190 67
67 190
190 66
66 190
190 83
83 190
66 191
191 66
66 182
182 66
66 83
83 66
66 90
90 66
66 91
91 66
66 92
92 66
66 67
67 66
191 67
67 191
67 83
83 67
67 68
68 67
67 70
70 67
67 69
69 67
68 69
69 68
68 70
70 68
69 70
70 69
71 75
75 71
71 195
195 71
71 196
196 71
71 79
79 71
71 194
194 71
71 77
77 71
71 197
197 71
71 72
72 71
71 193
193 71
71 80
80 71
71 74
74 71
194 72
72 194
194 193
193 194
194 192
192 194
194 74
74 194
194 75
75 194
194 195
195 194
194 77
77 194
194 196
196 194
194 79
79 194
194 73
73 194
194 76
76 194
194 180
180 194
179 180
180 179
179 76
76 179
179 181
181 179
179 73
73 179
179 193
193 179
179 182
182 179
180 73
73 180
180 181
181 180
180 182
182 180
180 193
193 180
180 192
192 180
180 84
84 180
180 72
72 180
180 74
74 180
180 79
79 180
180 87
87 180
180 195
195 180
180 89
89 180
180 200
200 180
180 201
201 180
180 88
88 180
72 73
73 72
72 79
79 72
72 200
200 72
72 181
181 72
72 182
182 72
72 87
87 72
72 199
199 72
72 85
85 72
72 88
88 72
72 89
89 72
72 201
201 72
72 84
84 72
72 80
80 72
72 202
202 72
72 90
90 72
72 195
195 72
72 193
193 72
72 81
81 72
72 192
192 72
72 196
196 72
72 74
74 72
193 73
73 193
193 192
192 193
193 74
74 193
193 75
75 193
193 195
195 193
193 79
79 193
193 77
77 193
193 76
76 193
73 192
192 73
73 181
181 73
73 182
182 73
73 74
74 73
73 84
84 73
73 79
79 73
73 87
87 73
192 74
74 192
192 195
195 192
192 79
79 192
192 76
76 192
192 77
77 192
74 195
195 74
74 76
76 74
74 77
77 74
74 75
75 74
74 78
78 74
74 196
196 74
75 195
195 75
75 77
77 75
75 196
196 75
75 79
79 75
195 77
77 195
195 196
196 195
195 79
79 195
195 197
197 195
195 76
76 195
195 78
78 195
76 77
77 76
76 196
196 76
76 78
78 76
77 196
196 77
77 78
78 77
77 197
197 77
77 79
79 77
196 197
197 196
196 79
79 196
196 78
78 196
78 197
197 78
78 79
79 78
197 79
79 197
79 181
181 79
79 87
87 79
79 89
89 79
79 80
80 79
79 81
81 79
79 88
88 79
79 200
200 79
79 201
201 79
80 81
81 80
80 87
87 80
80 89
89 80
80 88
88 80
81 87
87 81
81 88
88 81
81 89
89 81
81 85
85 81
82 86
86 82
82 201
201 82
82 202
202 82
82 203
203 82
82 90
90 82
82 200
200 82
82 88
88 82
82 83
83 82
82 199
199 82
82 91
91 82
82 85
85 82
200 83
83 200
200 199
199 200
200 198
198 200
200 85
85 200
200 86
86 200
200 201
201 200
200 88
88 200
200 202
202 200
200 90
90 200
200 84
84 200
200 87
87 200
200 182
182 200
200 89
89 200
200 181
181 200
181 182
182 181
181 87
87 181
181 84
84 181
181 199
199 181
182 84
84 182
182 199
199 182
182 198
198 182
182 83
83 182
182 90
90 182
83 84
84 83
83 90
90 83
83 91
91 83
83 199
199 83
83 201
201 83
83 92
92 83
83 198
198 83
83 202
202 83
83 85
85 83
199 84
84 199
199 198
198 199
199 85
85 199
199 86
86 199
199 201
201 199
199 90
90 199
199 88
88 199
199 87
87 199
84 198
198 84
84 85
85 84
84 90
90 84
198 85
85 198
198 201
201 198
198 90
90 198
198 86
86 198
198 87
87 198
198 88
88 198
85 201
201 85
85 87
87 85
85 88
88 85
85 86
86 85
85 89
89 85
85 202
202 85
86 201
201 86
86 88
88 86
86 202
202 86
86 90
90 86
201 88
88 201
201 202
202 201
201 90
90 201
201 203
203 201
201 87
87 201
201 89
89 201
87 88
88 87
87 202
202 87
87 89
89 87
88 202
202 88
88 89
89 88
88 203
203 88
88 90
90 88
202 203
203 202
202 90
90 202
202 89
89 202
89 203
203 89
89 90
90 89
203 90
90 203
90 91
91 90
90 92
92 90
91 92
92 91
93 97
97 93
93 207
207 93
93 208
208 93
93 101
101 93
93 99
99 93
93 206
206 93
93 209
209 93
93 96
96 93
93 94
94 93
93 102
102 93
93 205
205 93
206 94
94 206
206 205
205 206
206 204
204 206
206 96
96 206
206 97
97 206
206 207
207 206
206 99
99 206
206 208
208 206
206 101
101 206
206 95
95 206
206 98
98 206
206 211
211 206
210 211
211 210
210 98
98 210
210 216
216 210
210 217
217 210
210 106
106 210
210 107
107 210
210 113
113 210
210 212
212 210
210 95
95 210
210 205
205 210
210 214
214 210
210 215
215 210
210 213
213 210
210 116
116 210
211 95
95 211
211 217
217 211
211 107
107 211
211 212
212 211
211 213
213 211
211 205
205 211
211 106
106 211
211 204
204 211
211 216
216 211
211 215
215 211
211 119
119 211
211 214
214 211
211 94
94 211
211 101
101 211
211 122
122 211
211 104
104 211
211 207
207 211
211 124
124 211
211 228
228 211
211 123
123 211
94 95
95 94
94 101
101 94
94 104
104 94
94 212
212 94
94 213
213 94
94 122
122 94
94 226
226 94
94 123
123 94
94 124
124 94
94 120
120 94
94 228
228 94
94 119
119 94
94 102
102 94
94 207
207 94
94 205
205 94
94 229
229 94
94 125
125 94
94 103
103 94
94 204
204 94
94 208
208 94
94 96
96 94
205 95
95 205
205 204
204 205
205 96
96 205
205 97
97 205
205 207
207 205
205 101
101 205
205 99
99 205
205 104
104 205
205 98
98 205
205 106
106 205
205 116
116 205
95 204
204 95
95 212
212 95
95 107
107 95
95 213
213 95
95 217
217 95
95 96
96 95
95 119
119 95
95 101
101 95
95 104
104 95
95 122
122 95
204 96
96 204
204 207
207 204
204 101
101 204
204 97
97 204
204 98
98 204
204 99
99 204
96 207
207 96
96 98
98 96
96 99
99 96
96 106
106 96
96 116
116 96
96 97
97 96
96 208
208 96
96 100
100 96
96 115
115 96
97 207
207 97
97 99
99 97
97 208
208 97
97 101
101 97
207 99
99 207
207 208
208 207
207 101
101 207
207 209
209 207
207 98
98 207
207 100
100 207
207 106
106 207
207 217
217 207
98 99
99 98
98 208
208 98
98 100
100 98
98 217
217 98
98 106
106 98
98 113
113 98
98 114
114 98
98 115
115 98
98 116
116 98
98 107
107 98
99 208
208 99
99 100
100 99
99 106
106 99
99 113
113 99
99 114
114 99
99 115
115 99
99 116
116 99
99 217
217 99
99 209
209 99
99 101
101 99
208 209
209 208
208 101
101 208
208 100
100 208
208 106
106 208
100 209
209 100
100 217
217 100
100 106
106 100
100 113
113 100
100 114
114 100
100 115
115 100
100 116
116 100
100 101
101 100
209 101
101 209
101 212
212 101
101 122
122 101
101 124
124 101
101 106
106 101
101 102
102 101
101 104
104 101
101 103
103 101
101 123
123 101
101 228
228 101
102 103
103 102
102 122
122 102
102 124
124 102
102 123
123 102
102 104
104 102
103 122
122 103
103 123
123 103
103 124
124 103
103 104
104 103
103 120
120 103
104 120
120 104
104 122
122 104
104 123
123 104
104 226
226 104
104 212
212 104
104 124
124 104
105 109
109 105
105 222
222 105
105 223
223 105
105 113
113 105
105 221
221 105
105 111
111 105
105 224
224 105
105 106
106 105
105 114
114 105
105 220
220 105
105 108
108 105
221 106
106 221
221 220
220 221
221 219
219 221
221 108
108 221
221 109
109 221
221 222
222 221
221 111
111 221
221 223
223 221
221 113
113 221
221 107
107 221
221 110
110 221
221 217
217 221
221 112
112 221
221 128
128 221
221 216
216 221
221 215
215 221
221 135
135 221
216 217
217 216
216 110
110 216
216 214
214 216
216 215
215 216
216 128
128 216
216 129
129 216
216 135
135 216
216 107
107 216
216 220
220 216
216 212
212 216
216 213
213 216
217 107
107 217
217 215
215 217
217 129
129 217
217 220
220 217
217 128
128 217
217 219
219 217
217 213
213 217
217 214
214 217
217 212
212 217
217 106
106 217
217 113
113 217
217 116
116 217
106 107
107 106
106 113
113 106
106 116
116 106
106 114
114 106
106 220
220 106
106 222
222 106
106 115
115 106
106 219
219 106
106 223
223 106
220 107
107 220
220 219
219 220
220 108
108 220
220 109
109 220
220 222
222 220
220 113
113 220
220 111
111 220
220 116
116 220
220 110
110 220
220 128
128 220
107 219
219 107
107 129
129 107
107 215
215 107
107 108
108 107
107 128
128 107
107 113
113 107
107 116
116 107
219 108
108 219
219 222
222 219
219 113
113 219
219 109
109 219
219 110
110 219
219 111
111 219
108 222
222 108
108 110
110 108
108 111
111 108
108 128
128 108
108 109
109 108
108 112
112 108
108 223
223 108
108 137
137 108
109 222
222 109
109 111
111 109
109 223
223 109
109 113
113 109
222 111
111 222
222 223
223 222
222 113
113 222
222 224
224 222
222 110
110 222
222 112
112 222
222 128
128 222
222 215
215 222
222 135
135 222
110 111
111 110
110 223
223 110
110 112
112 110
110 215
215 110
110 128
128 110
110 135
135 110
110 136
136 110
110 137
137 110
110 129
129 110
111 223
223 111
111 112
112 111
111 128
128 111
111 135
135 111
111 136
136 111
111 137
137 111
111 215
215 111
111 224
224 111
111 113
113 111
223 224
224 223
223 113
113 223
223 112
112 223
223 128
128 223
112 224
224 112
112 215
215 112
112 128
128 112
112 135
135 112
112 136
136 112
112 137
137 112
112 113
113 112
224 113
113 224
113 128
128 113
113 114
114 113
113 116
116 113
113 115
115 113
114 115
115 114
114 116
116 114
115 116
116 115
117 121
121 117
117 228
228 117
117 229
229 117
117 230
230 117
117 125
125 117
117 126
126 117
117 227
227 117
117 123
123 117
117 118
118 117
117 226
226 117
117 120
120 117
227 118
118 227
227 226
226 227
227 225
225 227
227 120
120 227
227 121
121 227
227 228
228 227
227 123
123 227
227 229
229 227
227 125
125 227
227 119
119 227
227 122
122 227
227 213
213 227
212 213
213 212
212 122
122 212
212 214
214 212
212 119
119 212
212 226
226 212
212 215
215 212
213 119
119 213
213 214
214 213
213 215
215 213
213 226
226 213
213 225
225 213
213 129
129 213
213 118
118 213
213 125
125 213
213 132
132 213
213 228
228 213
213 134
134 213
213 233
233 213
213 234
234 213
213 133
133 213
118 119
119 118
118 125
125 118
118 233
233 118
118 214
214 118
118 215
215 118
118 132
132 118
118 232
232 118
118 130
130 118
118 133
133 118
118 134
134 118
118 234
234 118
118 129
129 118
118 126
126 118
118 235
235 118
118 135
135 118
118 226
226 118
118 228
228 118
118 127
127 118
118 225
225 118
118 229
229 118
118 120
120 118
226 119
119 226
226 225
225 226
226 120
120 226
226 121
121 226
226 228
228 226
226 125
125 226
226 123
123 226
226 122
122 226
119 225
225 119
119 214
214 119
119 215
215 119
119 120
120 119
119 228
228 119
119 129
129 119
119 125
125 119
119 132
132 119
225 120
120 225
225 228
228 225
225 125
125 225
225 121
121 225
225 122
122 225
225 123
123 225
120 228
228 120
120 122
122 120
120 123
123 120
120 121
121 120
120 229
229 120
120 124
124 120
121 228
228 121
121 123
123 121
121 229
229 121
121 125
125 121
228 123
123 228
228 229
229 228
228 125
125 228
228 230
230 228
228 122
122 228
228 124
124 228
122 123
123 122
122 229
229 122
122 124
124 122
123 229
229 123
123 124
124 123
123 230
230 123
123 125
125 123
229 230
230 229
229 125
125 229
229 124
124 229
124 230
230 124
124 125
125 124
230 125
125 230
125 214
214 125
125 132
132 125
125 134
134 125
125 126
126 125
125 127
127 125
125 133
133 125
125 233
233 125
125 234
234 125
126 127
127 126
126 132
132 126
126 133
133 126
126 134
134 126
127 132
132 127
127 133
133 127
127 134
134 127
127 130
130 127
233 128
128 233
233 232
232 233
233 231
231 233
233 130
130 233
233 131
131 233
233 234
234 233
233 133
133 233
233 235
235 233
233 135
135 233
233 129
129 233
233 132
132 233
233 215
215 233
233 134
134 233
233 214
214 233
214 215
215 214
214 129
129 214
214 232
232 214
214 132
132 214
215 129
129 215
215 232
232 215
215 231
231 215
215 128
128 215
215 135
135 215
128 129
129 128
128 135
135 128
128 136
136 128
128 232
232 128
128 234
234 128
128 137
137 128
128 231
231 128
128 235
235 128
232 129
129 232
232 231
231 232
232 130
130 232
232 131
131 232
232 234
234 232
232 135
135 232
232 133
133 232
232 132
132 232
129 231
231 129
129 130
130 129
129 135
135 129
231 130
130 231
231 234
234 231
231 135
135 231
231 131
131 231
231 133
133 231
130 234
234 130
130 132
132 130
130 133
133 130
130 131
131 130
130 134
134 130
130 235
235 130
131 234
234 131
131 133
133 131
131 235
235 131
131 135
135 131
234 133
133 234
234 235
235 234
234 135
135 234
234 236
236 234
234 132
132 234
234 134
134 234
132 133
133 132
132 235
235 132
132 134
134 132
133 235
235 133
133 134
134 133
133 236
236 133
133 135
135 133
235 236
236 235
235 135
135 235
235 134
134 235
134 236
236 134
134 135
135 134
236 135
135 236
135 136
136 135
135 137
137 135
136 137
137 136
