513
262 3
3 262
262 263
263 262
262 113
113 262
262 264
264 262
262 114
114 262
262 115
115 262
262 265
265 262
262 1
1 262
262 18
18 262
262 4
4 262
262 5
5 262
262 116
116 262
262 128
128 262
1 3
3 1
1 4
4 1
1 5
5 1
1 18
18 1
1 263
263 1
1 113
113 1
1 264
264 1
1 225
225 1
1 222
222 1
1 265
265 1
1 269
269 1
1 16
16 1
1 19
19 1
1 21
21 1
1 268
268 1
1 2
2 1
1 267
267 1
1 266
266 1
1 17
17 1
1 23
23 1
1 37
37 1
267 266
266 267
267 2
2 267
267 16
16 267
267 269
269 267
267 19
19 267
267 21
21 267
267 23
23 267
267 37
37 267
267 268
268 267
267 22
22 267
267 4
4 267
267 3
3 267
266 2
2 266
266 19
19 266
266 21
21 266
266 37
37 266
266 268
268 266
266 269
269 266
266 23
23 266
266 22
22 266
266 4
4 266
266 16
16 266
2 3
3 2
2 4
4 2
2 16
16 2
2 268
268 2
2 269
269 2
2 21
21 2
3 263
263 3
3 269
269 3
3 264
264 3
3 265
265 3
3 18
18 3
3 4
4 3
3 113
113 3
3 268
268 3
3 114
114 3
3 16
16 3
3 14
14 3
3 281
281 3
4 14
14 4
4 16
16 4
4 281
281 4
4 18
18 4
4 15
15 4
4 5
5 4
4 280
280 4
4 269
269 4
4 263
263 4
4 265
265 4
4 225
225 4
4 238
238 4
4 264
264 4
4 222
222 4
5 16
16 5
5 18
18 5
5 263
263 5
5 264
264 5
5 128
128 5
5 113
113 5
5 265
265 5
5 386
386 5
5 15
15 5
5 387
387 5
5 14
14 5
5 280
280 5
5 281
281 5
5 282
282 5
6 7
7 6
6 14
14 6
6 280
280 6
6 281
281 6
6 270
270 6
6 271
271 6
6 18
18 6
6 283
283 6
6 282
282 6
7 14
14 7
7 271
271 7
7 272
272 7
7 270
270 7
7 273
273 7
7 13
13 7
270 272
272 270
270 273
273 270
270 274
274 270
270 13
13 270
270 271
271 270
270 14
14 270
270 275
275 270
270 10
10 270
270 276
276 270
272 271
271 272
272 14
14 272
272 274
274 272
272 28
28 272
272 275
275 272
272 12
12 272
272 273
273 272
272 10
10 272
272 13
13 272
273 277
277 273
273 278
278 273
273 10
10 273
273 275
275 273
273 274
274 273
273 12
12 273
273 13
13 273
273 271
271 273
273 279
279 273
273 14
14 273
273 276
276 273
276 278
278 276
276 279
279 276
276 275
275 276
276 274
274 276
276 14
14 276
276 9
9 276
276 277
277 276
276 271
271 276
276 8
8 276
276 29
29 276
276 28
28 276
277 8
8 277
277 278
278 277
277 279
279 277
277 10
10 277
277 275
275 277
277 274
274 277
277 29
29 277
277 11
11 277
277 9
9 277
277 12
12 277
277 13
13 277
8 278
278 8
8 9
9 8
8 279
279 8
8 11
11 8
8 120
120 8
8 29
29 8
278 9
9 278
278 279
279 278
278 275
275 278
278 274
274 278
278 11
11 278
278 10
10 278
9 279
279 9
9 380
380 9
9 120
120 9
9 383
383 9
9 11
11 9
9 275
275 9
9 27
27 9
279 275
275 279
279 274
274 279
279 10
10 279
279 126
126 279
10 11
11 10
10 13
13 10
10 374
374 10
10 376
376 10
10 375
375 10
10 126
126 10
10 12
12 10
10 380
380 10
10 274
274 10
10 275
275 10
10 271
271 10
275 274
274 275
275 271
271 275
275 14
14 275
274 13
13 274
274 271
271 274
274 14
14 274
274 12
12 274
12 13
13 12
12 271
271 12
13 126
126 13
13 271
271 13
13 14
14 13
271 14
14 271
271 28
28 271
14 28
28 14
14 31
31 14
14 297
297 14
14 281
281 14
14 18
18 14
14 280
280 14
14 15
15 14
280 15
15 280
280 281
281 280
280 18
18 280
280 283
283 280
280 282
282 280
280 16
16 280
280 17
17 280
15 16
16 15
15 17
17 15
15 282
282 15
15 283
283 15
15 281
281 15
15 18
18 15
15 238
238 15
16 238
238 16
16 237
237 16
16 18
18 16
16 128
128 16
16 225
225 16
16 17
17 16
16 281
281 16
16 282
282 16
16 220
220 16
16 283
283 16
16 268
268 16
16 23
23 16
16 269
269 16
16 37
37 16
16 22
22 16
16 34
34 16
16 19
19 16
17 282
282 17
17 283
283 17
17 219
219 17
17 220
220 17
17 480
480 17
17 479
479 17
282 283
283 282
282 281
281 282
282 220
220 282
282 23
23 282
283 23
23 283
283 220
220 283
283 281
281 283
281 18
18 281
18 265
265 18
18 264
264 18
18 263
263 18
18 113
113 18
18 128
128 18
263 113
113 263
263 264
264 263
263 265
265 263
263 128
128 263
263 114
114 263
263 115
115 263
269 21
21 269
269 268
268 269
269 19
19 269
269 37
37 269
269 22
22 269
269 23
23 269
19 21
21 19
19 22
22 19
19 23
23 19
19 37
37 19
19 268
268 19
19 208
208 19
19 34
34 19
19 287
287 19
19 38
38 19
19 286
286 19
19 20
20 19
19 285
285 19
19 40
40 19
19 284
284 19
19 42
42 19
19 35
35 19
19 55
55 19
285 284
284 285
285 20
20 285
285 34
34 285
285 287
287 285
285 38
38 285
285 40
40 285
285 42
42 285
285 55
55 285
285 286
286 285
285 41
41 285
285 22
22 285
285 21
21 285
284 20
20 284
284 38
38 284
284 40
40 284
284 55
55 284
284 286
286 284
284 287
287 284
284 42
42 284
284 41
41 284
284 22
22 284
284 34
34 284
20 21
21 20
20 22
22 20
20 34
34 20
20 286
286 20
20 287
287 20
20 32
32 20
20 40
40 20
21 268
268 21
21 287
287 21
21 37
37 21
21 22
22 21
21 286
286 21
21 32
32 21
21 299
299 21
21 24
24 21
21 23
23 21
22 32
32 22
22 34
34 22
22 299
299 22
22 37
37 22
22 33
33 22
22 298
298 22
22 23
23 22
22 287
287 22
22 268
268 22
22 208
208 22
22 219
219 22
22 205
205 22
23 34
34 23
23 37
37 23
23 268
268 23
23 33
33 23
23 32
32 23
23 298
298 23
23 299
299 23
23 36
36 23
23 300
300 23
23 301
301 23
23 35
35 23
24 25
25 24
24 32
32 24
24 298
298 24
24 299
299 24
24 36
36 24
24 288
288 24
24 289
289 24
24 37
37 24
24 300
300 24
24 301
301 24
25 32
32 25
25 290
290 25
25 289
289 25
25 288
288 25
25 31
31 25
25 291
291 25
25 292
292 25
288 290
290 288
288 291
291 288
288 292
292 288
288 31
31 288
288 289
289 288
288 32
32 288
288 293
293 288
288 294
294 288
288 47
47 288
290 289
289 290
290 32
32 290
290 47
47 290
290 292
292 290
290 293
293 290
290 291
291 290
290 28
28 290
290 31
31 290
290 30
30 290
291 295
295 291
291 296
296 291
291 28
28 291
291 293
293 291
291 292
292 291
291 30
30 291
291 31
31 291
291 289
289 291
291 297
297 291
291 32
32 291
291 294
294 291
294 296
296 294
294 297
297 294
294 293
293 294
294 292
292 294
294 27
27 294
294 32
32 294
294 295
295 294
294 289
289 294
294 26
26 294
294 47
47 294
295 26
26 295
295 296
296 295
295 297
297 295
295 28
28 295
295 293
293 295
295 292
292 295
295 45
45 295
295 48
48 295
295 29
29 295
295 27
27 295
295 30
30 295
295 31
31 295
26 296
296 26
26 27
27 26
26 297
297 26
26 29
29 26
26 45
45 26
26 48
48 26
26 46
46 26
296 27
27 296
296 297
297 296
296 293
293 296
296 292
292 296
296 29
29 296
296 28
28 296
27 297
297 27
27 29
29 27
27 293
293 27
27 46
46 27
297 293
293 297
297 45
45 297
297 292
292 297
297 28
28 297
28 29
29 28
28 31
31 28
28 30
30 28
28 292
292 28
28 293
293 28
28 289
289 28
293 292
292 293
293 289
289 293
293 32
32 293
292 31
31 292
292 289
289 292
292 32
32 292
292 30
30 292
30 31
31 30
30 289
289 30
31 289
289 31
31 32
32 31
289 32
32 289
289 47
47 289
32 315
315 32
32 47
47 32
32 50
50 32
32 299
299 32
32 37
37 32
32 298
298 32
32 36
36 32
32 33
33 32
298 33
33 298
298 36
36 298
298 299
299 298
298 37
37 298
298 301
301 298
298 300
300 298
298 34
34 298
298 35
35 298
33 34
34 33
33 35
35 33
33 300
300 33
33 301
301 33
33 36
36 33
33 299
299 33
33 37
37 33
34 219
219 34
34 37
37 34
34 208
208 34
34 35
35 34
34 299
299 34
34 300
300 34
34 203
203 34
34 36
36 34
34 301
301 34
34 42
42 34
34 286
286 34
34 287
287 34
34 53
53 34
34 55
55 34
34 38
38 34
35 300
300 35
35 301
301 35
35 202
202 35
35 203
203 35
35 462
462 35
35 36
36 35
35 461
461 35
300 301
301 300
300 36
36 300
300 299
299 300
300 203
203 300
300 42
42 300
301 36
36 301
301 42
42 301
301 203
203 301
301 299
299 301
36 299
299 36
36 37
37 36
299 37
37 299
37 268
268 37
287 40
40 287
287 286
286 287
287 38
38 287
287 55
55 287
287 41
41 287
38 40
40 38
38 41
41 38
38 42
42 38
38 55
55 38
38 286
286 38
38 190
190 38
38 187
187 38
38 305
305 38
38 56
56 38
38 58
58 38
38 304
304 38
38 39
39 38
38 53
53 38
38 303
303 38
38 302
302 38
38 54
54 38
38 60
60 38
38 73
73 38
303 302
302 303
303 39
39 303
303 53
53 303
303 305
305 303
303 56
56 303
303 58
58 303
303 60
60 303
303 73
73 303
303 304
304 303
303 59
59 303
303 41
41 303
303 40
40 303
302 39
39 302
302 56
56 302
302 58
58 302
302 73
73 302
302 304
304 302
302 305
305 302
302 60
60 302
302 59
59 302
302 41
41 302
302 53
53 302
39 40
40 39
39 41
41 39
39 53
53 39
39 304
304 39
39 305
305 39
39 51
51 39
39 58
58 39
40 286
286 40
40 305
305 40
40 55
55 40
40 41
41 40
40 304
304 40
40 53
53 40
40 51
51 40
40 317
317 40
41 51
51 41
41 53
53 41
41 317
317 41
41 55
55 41
41 52
52 41
41 42
42 41
41 316
316 41
41 305
305 41
41 286
286 41
41 190
190 41
41 202
202 41
41 187
187 41
42 53
53 42
42 55
55 42
42 286
286 42
42 52
52 42
42 51
51 42
42 316
316 42
42 317
317 42
42 319
319 42
42 318
318 42
43 44
44 43
43 51
51 43
43 316
316 43
43 317
317 43
43 306
306 43
43 307
307 43
43 55
55 43
43 318
318 43
43 319
319 43
44 51
51 44
44 307
307 44
44 308
308 44
44 306
306 44
44 309
309 44
44 50
50 44
44 310
310 44
306 308
308 306
306 309
309 306
306 310
310 306
306 50
50 306
306 307
307 306
306 51
51 306
306 311
311 306
306 47
47 306
306 312
312 306
308 307
307 308
308 51
51 308
308 310
310 308
308 65
65 308
308 311
311 308
308 309
309 308
308 47
47 308
308 50
50 308
308 49
49 308
309 313
313 309
309 314
314 309
309 47
47 309
309 311
311 309
309 310
310 309
309 49
49 309
309 50
50 309
309 307
307 309
309 315
315 309
309 51
51 309
309 312
312 309
312 314
314 312
312 315
315 312
312 311
311 312
312 310
310 312
312 51
51 312
312 46
46 312
312 313
313 312
312 307
307 312
312 45
45 312
312 65
65 312
313 45
45 313
313 314
314 313
313 315
315 313
313 47
47 313
313 311
311 313
313 310
310 313
313 48
48 313
313 46
46 313
313 49
49 313
313 50
50 313
45 314
314 45
45 46
46 45
45 48
48 45
45 315
315 45
45 63
63 45
45 66
66 45
314 46
46 314
314 315
315 314
314 311
311 314
314 310
310 314
314 48
48 314
314 47
47 314
46 315
315 46
46 48
48 46
46 311
311 46
46 64
64 46
315 311
311 315
315 310
310 315
315 47
47 315
47 50
50 47
47 49
49 47
47 48
48 47
47 310
310 47
47 311
311 47
47 307
307 47
311 310
310 311
311 307
307 311
311 51
51 311
310 50
50 310
310 307
307 310
310 51
51 310
310 49
49 310
49 50
50 49
49 307
307 49
50 307
307 50
50 51
51 50
307 51
51 307
307 65
65 307
51 333
333 51
51 65
65 51
51 68
68 51
51 317
317 51
51 55
55 51
51 316
316 51
51 52
52 51
316 52
52 316
316 317
317 316
316 55
55 316
316 319
319 316
316 318
318 316
316 53
53 316
316 54
54 316
52 53
53 52
52 54
54 52
52 318
318 52
52 319
319 52
52 317
317 52
52 55
55 52
52 202
202 52
53 202
202 53
53 55
55 53
53 190
190 53
53 54
54 53
53 317
317 53
53 318
318 53
53 185
185 53
53 319
319 53
53 60
60 53
53 304
304 53
53 305
305 53
53 59
59 53
53 71
71 53
53 73
73 53
54 318
318 54
54 319
319 54
54 184
184 54
54 185
185 54
54 445
445 54
54 444
444 54
318 319
319 318
318 317
317 318
318 185
185 318
318 60
60 318
319 60
60 319
319 185
185 319
319 317
317 319
317 55
55 317
55 286
286 55
305 58
58 305
305 304
304 305
305 56
56 305
305 73
73 305
305 59
59 305
56 58
58 56
56 59
59 56
56 60
60 56
56 73
73 56
56 304
304 56
56 172
172 56
56 169
169 56
56 323
323 56
56 74
74 56
56 322
322 56
56 57
57 56
56 71
71 56
56 321
321 56
56 76
76 56
56 320
320 56
56 72
72 56
56 78
78 56
56 93
93 56
321 320
320 321
321 57
57 321
321 71
71 321
321 323
323 321
321 74
74 321
321 76
76 321
321 78
78 321
321 93
93 321
321 322
322 321
321 77
77 321
321 59
59 321
321 58
58 321
320 57
57 320
320 74
74 320
320 76
76 320
320 93
93 320
320 322
322 320
320 323
323 320
320 78
78 320
320 77
77 320
320 59
59 320
320 71
71 320
57 58
58 57
57 59
59 57
57 71
71 57
57 322
322 57
57 323
323 57
57 69
69 57
57 76
76 57
58 304
304 58
58 323
323 58
58 73
73 58
58 59
59 58
58 322
322 58
58 71
71 58
58 69
69 58
58 335
335 58
59 69
69 59
59 71
71 59
59 335
335 59
59 73
73 59
59 70
70 59
59 60
60 59
59 334
334 59
59 323
323 59
59 304
304 59
59 172
172 59
59 184
184 59
59 169
169 59
60 71
71 60
60 73
73 60
60 304
304 60
60 70
70 60
60 334
334 60
60 69
69 60
60 335
335 60
60 336
336 60
61 62
62 61
61 69
69 61
61 334
334 61
61 335
335 61
61 324
324 61
61 325
325 61
61 73
73 61
61 337
337 61
61 336
336 61
62 69
69 62
62 325
325 62
62 326
326 62
62 324
324 62
62 327
327 62
62 68
68 62
62 328
328 62
324 326
326 324
324 327
327 324
324 328
328 324
324 68
68 324
324 325
325 324
324 69
69 324
324 329
329 324
324 65
65 324
324 330
330 324
324 83
83 324
326 325
325 326
326 69
69 326
326 83
83 326
326 328
328 326
326 329
329 326
326 327
327 326
326 65
65 326
326 67
67 326
326 68
68 326
327 331
331 327
327 332
332 327
327 65
65 327
327 329
329 327
327 328
328 327
327 67
67 327
327 68
68 327
327 325
325 327
327 333
333 327
327 69
69 327
327 330
330 327
330 332
332 330
330 333
333 330
330 329
329 330
330 328
328 330
330 64
64 330
330 331
331 330
330 69
69 330
330 325
325 330
330 63
63 330
330 81
81 330
330 83
83 330
331 63
63 331
331 332
332 331
331 333
333 331
331 329
329 331
331 328
328 331
331 65
65 331
331 84
84 331
331 66
66 331
331 64
64 331
331 67
67 331
331 68
68 331
63 332
332 63
63 64
64 63
63 66
66 63
63 333
333 63
63 81
81 63
63 84
84 63
63 82
82 63
332 64
64 332
332 333
333 332
332 329
329 332
332 328
328 332
332 66
66 332
332 65
65 332
64 333
333 64
64 66
66 64
64 329
329 64
64 82
82 64
64 81
81 64
333 329
329 333
333 82
82 333
333 328
328 333
333 65
65 333
65 68
68 65
65 67
67 65
65 66
66 65
65 328
328 65
65 329
329 65
65 325
325 65
329 328
328 329
329 325
325 329
329 69
69 329
328 68
68 328
328 325
325 328
328 69
69 328
328 67
67 328
67 68
68 67
67 325
325 67
68 325
325 68
68 69
69 68
325 69
69 325
325 83
83 325
69 351
351 69
69 83
83 69
69 87
87 69
69 335
335 69
69 73
73 69
69 334
334 69
69 70
70 69
334 70
70 334
334 335
335 334
334 73
73 334
334 337
337 334
334 336
336 334
334 71
71 334
334 72
72 334
70 71
71 70
70 72
72 70
70 336
336 70
70 337
337 70
70 335
335 70
70 73
73 70
71 184
184 71
71 73
73 71
71 72
72 71
71 172
172 71
71 335
335 71
71 336
336 71
71 167
167 71
71 337
337 71
71 322
322 71
71 78
78 71
71 323
323 71
71 77
77 71
71 90
90 71
71 93
93 71
72 336
336 72
72 337
337 72
72 166
166 72
72 167
167 72
72 427
427 72
72 426
426 72
336 337
337 336
336 335
335 336
336 167
167 336
336 78
78 336
337 78
78 337
337 167
167 337
337 335
335 337
335 73
73 335
73 304
304 73
323 76
76 323
323 322
322 323
323 74
74 323
323 93
93 323
323 77
77 323
323 78
78 323
74 76
76 74
74 77
77 74
74 78
78 74
74 93
93 74
74 322
322 74
74 154
154 74
74 151
151 74
74 341
341 74
74 90
90 74
74 94
94 74
74 96
96 74
74 340
340 74
74 75
75 74
74 339
339 74
74 338
338 74
74 91
91 74
74 98
98 74
74 112
112 74
339 338
338 339
339 75
75 339
339 90
90 339
339 341
341 339
339 94
94 339
339 96
96 339
339 98
98 339
339 112
112 339
339 340
340 339
339 97
97 339
339 77
77 339
339 76
76 339
338 75
75 338
338 94
94 338
338 96
96 338
338 112
112 338
338 340
340 338
338 341
341 338
338 98
98 338
338 97
97 338
338 77
77 338
338 90
90 338
75 76
76 75
75 77
77 75
75 90
90 75
75 340
340 75
75 341
341 75
75 96
96 75
76 322
322 76
76 341
341 76
76 93
93 76
76 77
77 76
76 340
340 76
76 90
90 76
76 88
88 76
76 353
353 76
77 88
88 77
77 90
90 77
77 353
353 77
77 93
93 77
77 89
89 77
77 78
78 77
77 352
352 77
77 341
341 77
77 322
322 77
77 154
154 77
77 166
166 77
77 151
151 77
78 90
90 78
78 93
93 78
78 322
322 78
78 89
89 78
78 352
352 78
78 88
88 78
78 353
353 78
78 92
92 78
78 354
354 78
78 355
355 78
78 91
91 78
79 80
80 79
79 88
88 79
79 352
352 79
79 353
353 79
79 92
92 79
79 342
342 79
79 343
343 79
79 93
93 79
79 354
354 79
79 355
355 79
80 88
88 80
80 343
343 80
80 344
344 80
80 342
342 80
80 345
345 80
80 87
87 80
80 346
346 80
342 344
344 342
342 345
345 342
342 346
346 342
342 87
87 342
342 343
343 342
342 88
88 342
342 347
347 342
342 83
83 342
342 348
348 342
342 103
103 342
344 343
343 344
344 88
88 344
344 103
103 344
344 346
346 344
344 345
345 344
344 347
347 344
344 87
87 344
344 83
83 344
344 86
86 344
345 349
349 345
345 83
83 345
345 347
347 345
345 346
346 345
345 86
86 345
345 87
87 345
345 343
343 345
345 350
350 345
345 351
351 345
345 88
88 345
345 348
348 345
348 350
350 348
348 351
351 348
348 347
347 348
348 346
346 348
348 82
82 348
348 88
88 348
348 349
349 348
348 343
343 348
348 81
81 348
348 103
103 348
349 81
81 349
349 350
350 349
349 351
351 349
349 83
83 349
349 85
85 349
349 347
347 349
349 346
346 349
349 84
84 349
349 82
82 349
349 86
86 349
349 87
87 349
81 350
350 81
81 82
82 81
81 84
84 81
81 351
351 81
81 85
85 81
81 104
104 81
81 102
102 81
350 82
82 350
350 351
351 350
350 85
85 350
350 347
347 350
350 83
83 350
350 346
346 350
350 84
84 350
82 351
351 82
82 84
84 82
82 347
347 82
82 102
102 82
351 347
347 351
351 85
85 351
351 346
346 351
351 83
83 351
83 87
87 83
83 86
86 83
83 84
84 83
83 346
346 83
83 85
85 83
83 347
347 83
83 343
343 83
84 85
85 84
347 346
346 347
347 343
343 347
347 88
88 347
346 87
87 346
346 343
343 346
346 88
88 346
346 86
86 346
86 87
87 86
86 343
343 86
87 343
343 87
87 88
88 87
343 88
88 343
343 103
103 343
88 369
369 88
88 103
103 88
88 107
107 88
88 353
353 88
88 93
93 88
88 352
352 88
88 89
89 88
352 89
89 352
352 92
92 352
352 353
353 352
352 93
93 352
352 355
355 352
352 354
354 352
352 90
90 352
352 91
91 352
89 90
90 89
89 91
91 89
89 354
354 89
89 355
355 89
89 92
92 89
89 353
353 89
89 93
93 89
90 166
166 90
90 165
165 90
90 93
93 90
90 154
154 90
90 91
91 90
90 353
353 90
90 354
354 90
90 149
149 90
90 92
92 90
90 355
355 90
90 98
98 90
90 340
340 90
90 341
341 90
90 110
110 90
90 112
112 90
91 354
354 91
91 355
355 91
91 148
148 91
91 149
149 91
91 409
409 91
91 92
92 91
91 408
408 91
354 355
355 354
354 92
92 354
354 353
353 354
354 149
149 354
354 98
98 354
355 92
92 355
355 98
98 355
355 149
149 355
355 353
353 355
92 353
353 92
92 93
93 92
353 93
93 353
93 322
322 93
341 96
96 341
341 340
340 341
341 94
94 341
341 112
112 341
341 97
97 341
94 96
96 94
94 97
97 94
94 98
98 94
94 112
112 94
94 340
340 94
94 135
135 94
94 132
132 94
94 359
359 94
94 110
110 94
94 113
113 94
94 115
115 94
94 358
358 94
94 95
95 94
94 357
357 94
94 356
356 94
94 117
117 94
94 111
111 94
94 131
131 94
357 356
356 357
357 95
95 357
357 110
110 357
357 359
359 357
357 113
113 357
357 115
115 357
357 117
117 357
357 131
131 357
357 358
358 357
357 116
116 357
357 97
97 357
357 96
96 357
356 95
95 356
356 113
113 356
356 115
115 356
356 131
131 356
356 358
358 356
356 359
359 356
356 117
117 356
356 116
116 356
356 97
97 356
356 110
110 356
95 96
96 95
95 97
97 95
95 110
110 95
95 358
358 95
95 359
359 95
95 108
108 95
95 115
115 95
96 340
340 96
96 359
359 96
96 112
112 96
96 97
97 96
96 358
358 96
96 110
110 96
96 108
108 96
96 371
371 96
97 108
108 97
97 110
110 97
97 371
371 97
97 112
112 97
97 109
109 97
97 98
98 97
97 370
370 97
97 359
359 97
97 135
135 97
97 340
340 97
97 148
148 97
97 132
132 97
97 136
136 97
98 110
110 98
98 112
112 98
98 340
340 98
98 135
135 98
98 109
109 98
98 108
108 98
98 370
370 98
98 371
371 98
98 373
373 98
98 372
372 98
99 100
100 99
99 108
108 99
99 370
370 99
99 371
371 99
99 360
360 99
99 361
361 99
99 112
112 99
99 373
373 99
99 372
372 99
100 108
108 100
100 361
361 100
100 362
362 100
100 360
360 100
100 363
363 100
100 107
107 100
360 362
362 360
360 363
363 360
360 364
364 360
360 107
107 360
360 361
361 360
360 108
108 360
360 365
365 360
360 103
103 360
360 366
366 360
360 122
122 360
362 361
361 362
362 108
108 362
362 365
365 362
362 364
364 362
362 122
122 362
362 363
363 362
362 106
106 362
362 103
103 362
362 107
107 362
363 367
367 363
363 368
368 363
363 103
103 363
363 365
365 363
363 364
364 363
363 106
106 363
363 107
107 363
363 361
361 363
363 369
369 363
363 108
108 363
363 366
366 363
366 368
368 366
366 369
369 366
366 365
365 366
366 364
364 366
366 102
102 366
366 108
108 366
366 367
367 366
366 361
361 366
366 122
122 366
367 101
101 367
367 368
368 367
367 369
369 367
367 103
103 367
367 105
105 367
367 365
365 367
367 364
364 367
367 104
104 367
367 102
102 367
367 106
106 367
367 107
107 367
101 368
368 101
101 102
102 101
101 369
369 101
101 104
104 101
101 105
105 101
101 120
120 101
101 123
123 101
368 102
102 368
368 369
369 368
368 105
105 368
368 365
365 368
368 364
364 368
368 104
104 368
368 103
103 368
102 369
369 102
102 104
104 102
102 365
365 102
102 120
120 102
102 121
121 102
369 365
365 369
369 105
105 369
369 364
364 369
369 103
103 369
103 107
107 103
103 106
106 103
103 104
104 103
103 364
364 103
103 105
105 103
103 365
365 103
103 361
361 103
104 105
105 104
365 364
364 365
365 361
361 365
365 108
108 365
364 107
107 364
364 361
361 364
364 108
108 364
364 106
106 364
106 107
107 106
106 361
361 106
107 361
361 107
107 108
108 107
361 108
108 361
361 122
122 361
361 125
125 361
108 122
122 108
108 125
125 108
108 383
383 108
108 371
371 108
108 112
112 108
108 370
370 108
108 109
109 108
370 109
109 370
370 371
371 370
370 112
112 370
370 373
373 370
370 372
372 370
370 110
110 370
370 111
111 370
109 110
110 109
109 111
111 109
109 372
372 109
109 373
373 109
109 371
371 109
109 112
112 109
110 148
148 110
110 112
112 110
110 135
135 110
110 111
111 110
110 371
371 110
110 372
372 110
110 260
260 110
110 373
373 110
110 358
358 110
110 117
117 110
110 359
359 110
110 128
128 110
110 131
131 110
110 113
113 110
111 372
372 111
111 373
373 111
111 259
259 111
111 260
260 111
111 512
512 111
111 511
511 111
372 373
373 372
372 371
371 372
372 260
260 372
372 117
117 372
373 117
117 373
373 260
260 373
373 371
371 373
371 112
112 371
112 340
340 112
359 115
115 359
359 358
358 359
359 113
113 359
359 131
131 359
359 116
116 359
113 115
115 113
113 116
116 113
113 117
117 113
113 131
131 113
113 358
358 113
113 245
245 113
113 242
242 113
113 114
114 113
113 128
128 113
113 264
264 113
113 265
265 113
113 129
129 113
264 265
265 264
264 114
114 264
264 128
128 264
264 116
116 264
264 115
115 264
265 114
114 265
265 116
116 265
265 128
128 265
114 115
115 114
114 116
116 114
114 128
128 114
114 126
126 114
115 358
358 115
115 131
131 115
115 116
116 115
115 126
126 115
115 385
385 115
115 377
377 115
116 126
126 116
116 128
128 116
116 385
385 116
116 131
131 116
116 127
127 116
116 384
384 116
116 117
117 116
116 358
358 116
116 245
245 116
116 258
258 116
116 242
242 116
117 128
128 117
117 131
131 117
117 358
358 117
117 127
127 117
117 384
384 117
117 126
126 117
117 385
385 117
117 130
130 117
117 386
386 117
118 119
119 118
118 126
126 118
118 384
384 118
118 385
385 118
118 130
130 118
118 374
374 118
118 375
375 118
118 131
131 118
118 387
387 118
118 386
386 118
119 126
126 119
119 375
375 119
119 376
376 119
119 374
374 119
119 125
125 119
119 377
377 119
374 376
376 374
374 377
377 374
374 378
378 374
374 125
125 374
374 375
375 374
374 126
126 374
374 379
379 374
374 122
122 374
374 380
380 374
376 375
375 376
376 126
126 376
376 125
125 376
376 378
378 376
376 379
379 376
376 124
124 376
376 377
377 376
376 122
122 376
377 381
381 377
377 382
382 377
377 122
122 377
377 379
379 377
377 378
378 377
377 124
124 377
377 125
125 377
377 375
375 377
377 383
383 377
377 126
126 377
377 380
380 377
380 382
382 380
380 383
383 380
380 379
379 380
380 378
378 380
380 381
381 380
380 121
121 380
380 126
126 380
380 375
375 380
380 120
120 380
381 120
120 381
381 382
382 381
381 383
383 381
381 122
122 381
381 379
379 381
381 378
378 381
381 123
123 381
381 121
121 381
381 124
124 381
381 125
125 381
120 382
382 120
120 121
121 120
120 123
123 120
120 383
383 120
382 121
121 382
382 383
383 382
382 379
379 382
382 378
378 382
382 123
123 382
382 122
122 382
121 383
383 121
121 123
123 121
121 379
379 121
383 379
379 383
383 378
378 383
383 122
122 383
122 125
125 122
122 124
124 122
122 123
123 122
122 378
378 122
122 379
379 122
122 375
375 122
379 378
378 379
379 375
375 379
379 126
126 379
378 125
125 378
378 375
375 378
378 126
126 378
378 124
124 378
124 125
125 124
124 375
375 124
125 375
375 125
125 126
126 125
375 126
126 375
126 385
385 126
126 131
131 126
126 384
384 126
126 127
127 126
384 127
127 384
384 130
130 384
384 385
385 384
384 131
131 384
384 387
387 384
384 386
386 384
384 128
128 384
384 129
129 384
127 128
128 127
127 129
129 127
127 386
386 127
127 387
387 127
127 130
130 127
127 385
385 127
127 131
131 127
128 258
258 128
128 131
131 128
128 245
245 128
128 129
129 128
128 385
385 128
128 386
386 128
128 239
239 128
128 130
130 128
128 387
387 128
129 386
386 129
129 387
387 129
129 238
238 129
129 239
239 129
129 498
498 129
129 130
130 129
129 497
497 129
386 387
387 386
386 130
130 386
386 385
385 386
386 239
239 386
387 130
130 387
387 239
239 387
387 385
385 387
130 385
385 130
130 131
131 130
385 131
131 385
131 358
358 131
388 134
134 388
388 389
389 388
388 242
242 388
388 390
390 388
388 243
243 388
388 244
244 388
388 391
391 388
388 132
132 388
388 150
150 388
388 135
135 388
388 136
136 388
388 245
245 388
388 259
259 388
132 134
134 132
132 135
135 132
132 136
136 132
132 150
150 132
132 389
389 132
132 242
242 132
132 390
390 132
132 391
391 132
132 395
395 132
132 148
148 132
132 151
151 132
132 394
394 132
132 133
133 132
132 393
393 132
132 153
153 132
132 392
392 132
132 149
149 132
132 155
155 132
132 168
168 132
393 392
392 393
393 133
133 393
393 148
148 393
393 395
395 393
393 151
151 393
393 153
153 393
393 155
155 393
393 168
168 393
393 394
394 393
393 154
154 393
393 135
135 393
393 134
134 393
392 133
133 392
392 395
395 392
392 151
151 392
392 153
153 392
392 168
168 392
392 394
394 392
392 155
155 392
392 154
154 392
392 135
135 392
392 148
148 392
133 134
134 133
133 135
135 133
133 148
148 133
133 394
394 133
133 395
395 133
133 153
153 133
134 389
389 134
134 395
395 134
134 390
390 134
134 391
391 134
134 150
150 134
134 135
135 134
134 242
242 134
134 243
243 134
134 394
394 134
134 148
148 134
134 146
146 134
134 407
407 134
134 139
139 134
135 146
146 135
135 148
148 135
135 407
407 135
135 150
150 135
135 147
147 135
135 136
136 135
135 406
406 135
135 395
395 135
135 389
389 135
135 391
391 135
135 390
390 135
136 148
148 136
136 150
150 136
136 389
389 136
136 390
390 136
136 259
259 136
136 242
242 136
136 391
391 136
136 511
511 136
136 512
512 136
136 147
147 136
136 146
146 136
136 406
406 136
136 407
407 136
137 138
138 137
137 146
146 137
137 406
406 137
137 407
407 137
137 396
396 137
137 397
397 137
137 150
150 137
137 409
409 137
137 408
408 137
138 146
146 138
138 397
397 138
138 398
398 138
138 396
396 138
138 399
399 138
138 145
145 138
396 398
398 396
396 399
399 396
396 400
400 396
396 145
145 396
396 397
397 396
396 146
146 396
396 401
401 396
396 142
142 396
396 402
402 396
396 160
160 396
398 397
397 398
398 146
146 398
398 160
160 398
398 400
400 398
398 401
401 398
398 399
399 398
398 145
145 398
398 142
142 398
398 144
144 398
399 403
403 399
399 404
404 399
399 142
142 399
399 401
401 399
399 400
400 399
399 144
144 399
399 145
145 399
399 397
397 399
399 405
405 399
399 146
146 399
399 402
402 399
139 402
402 139
139 141
141 139
139 405
405 139
139 401
401 139
139 404
404 139
139 400
400 139
139 140
140 139
402 404
404 402
402 405
405 402
402 401
401 402
402 400
400 402
402 141
141 402
402 146
146 402
402 403
403 402
402 397
397 402
402 140
140 402
402 160
160 402
403 140
140 403
403 404
404 403
403 405
405 403
403 142
142 403
403 401
401 403
403 400
400 403
403 143
143 403
403 141
141 403
403 144
144 403
403 145
145 403
140 141
141 140
140 143
143 140
140 249
249 140
140 250
250 140
140 253
253 140
140 404
404 140
140 506
506 140
140 405
405 140
140 158
158 140
140 161
161 140
140 159
159 140
404 141
141 404
404 405
405 404
404 401
401 404
404 400
400 404
404 143
143 404
404 142
142 404
141 405
405 141
141 250
250 141
141 143
143 141
141 401
401 141
141 159
159 141
405 401
401 405
405 400
400 405
405 142
142 405
405 256
256 405
142 145
145 142
142 499
499 142
142 501
501 142
142 500
500 142
142 256
256 142
142 144
144 142
142 505
505 142
142 143
143 142
142 400
400 142
142 401
401 142
142 397
397 142
143 253
253 143
143 506
506 143
143 249
249 143
401 400
400 401
401 397
397 401
401 146
146 401
400 145
145 400
400 397
397 400
400 146
146 400
400 144
144 400
144 145
145 144
144 397
397 144
145 256
256 145
145 397
397 145
145 146
146 145
397 146
146 397
397 160
160 397
146 423
423 146
146 160
160 146
146 163
163 146
146 407
407 146
146 150
150 146
146 406
406 146
146 147
147 146
406 147
147 406
406 407
407 406
406 150
150 406
406 409
409 406
406 408
408 406
406 148
148 406
406 149
149 406
147 148
148 147
147 149
149 147
147 408
408 147
147 409
409 147
147 407
407 147
147 150
150 147
148 150
150 148
148 259
259 148
148 149
149 148
148 407
407 148
148 408
408 148
148 409
409 148
148 394
394 148
148 155
155 148
148 395
395 148
148 168
168 148
148 154
154 148
148 166
166 148
148 151
151 148
149 408
408 149
149 409
409 149
408 409
409 408
408 407
407 408
408 155
155 408
409 155
155 409
409 407
407 409
407 150
150 407
150 391
391 150
150 390
390 150
150 389
389 150
150 242
242 150
150 259
259 150
389 242
242 389
389 390
390 389
389 391
391 389
389 259
259 389
389 243
243 389
389 244
244 389
395 153
153 395
395 394
394 395
395 151
151 395
395 168
168 395
395 154
154 395
395 155
155 395
151 153
153 151
151 154
154 151
151 155
155 151
151 168
168 151
151 394
394 151
151 413
413 151
151 169
169 151
151 171
171 151
151 412
412 151
151 152
152 151
151 166
166 151
151 411
411 151
151 410
410 151
151 173
173 151
151 167
167 151
151 186
186 151
411 410
410 411
411 152
152 411
411 166
166 411
411 413
413 411
411 169
169 411
411 171
171 411
411 173
173 411
411 186
186 411
411 412
412 411
411 172
172 411
411 154
154 411
411 153
153 411
410 152
152 410
410 169
169 410
410 171
171 410
410 186
186 410
410 412
412 410
410 173
173 410
410 172
172 410
410 154
154 410
410 166
166 410
152 153
153 152
152 154
154 152
152 166
166 152
152 412
412 152
152 413
413 152
152 171
171 152
153 394
394 153
153 413
413 153
153 168
168 153
153 154
154 153
153 412
412 153
153 166
166 153
153 164
164 153
153 425
425 153
154 164
164 154
154 166
166 154
154 425
425 154
154 168
168 154
154 165
165 154
154 155
155 154
154 424
424 154
154 413
413 154
154 394
394 154
155 166
166 155
155 168
168 155
155 394
394 155
155 165
165 155
155 164
164 155
155 424
424 155
155 425
425 155
155 426
426 155
156 157
157 156
156 164
164 156
156 424
424 156
156 425
425 156
156 414
414 156
156 415
415 156
156 168
168 156
156 426
426 156
156 427
427 156
157 164
164 157
157 415
415 157
157 416
416 157
157 414
414 157
157 417
417 157
157 163
163 157
157 418
418 157
414 416
416 414
414 417
417 414
414 418
418 414
414 163
163 414
414 415
415 414
414 164
164 414
414 419
419 414
414 160
160 414
414 420
420 414
414 178
178 414
416 415
415 416
416 164
164 416
416 178
178 416
416 418
418 416
416 419
419 416
416 417
417 416
416 160
160 416
416 163
163 416
416 162
162 416
417 421
421 417
417 422
422 417
417 160
160 417
417 419
419 417
417 418
418 417
417 162
162 417
417 163
163 417
417 415
415 417
417 423
423 417
417 164
164 417
417 420
420 417
420 422
422 420
420 423
423 420
420 419
419 420
420 418
418 420
420 159
159 420
420 164
164 420
420 421
421 420
420 415
415 420
420 158
158 420
420 178
178 420
421 158
158 421
421 422
422 421
421 423
423 421
421 160
160 421
421 419
419 421
421 418
418 421
421 161
161 421
421 159
159 421
421 162
162 421
421 163
163 421
158 422
422 158
158 159
159 158
158 161
161 158
158 423
423 158
158 176
176 158
158 179
179 158
422 159
159 422
422 423
423 422
422 419
419 422
422 418
418 422
422 161
161 422
422 160
160 422
159 423
423 159
159 161
161 159
159 419
419 159
159 177
177 159
159 176
176 159
423 419
419 423
423 418
418 423
423 160
160 423
160 161
161 160
160 163
163 160
160 162
162 160
160 418
418 160
160 419
419 160
160 415
415 160
419 418
418 419
419 415
415 419
419 164
164 419
418 163
163 418
418 415
415 418
418 164
164 418
418 162
162 418
162 163
163 162
162 415
415 162
163 415
415 163
163 164
164 163
415 164
164 415
415 178
178 415
164 441
441 164
164 178
178 164
164 181
181 164
164 425
425 164
164 168
168 164
164 424
424 164
164 165
165 164
424 165
165 424
424 425
425 424
424 168
168 424
424 427
427 424
424 426
426 424
424 166
166 424
424 167
167 424
165 166
166 165
165 167
167 165
165 426
426 165
165 427
427 165
165 425
425 165
165 168
168 165
166 168
168 166
166 167
167 166
166 425
425 166
166 426
426 166
166 427
427 166
166 173
173 166
166 412
412 166
166 413
413 166
166 184
184 166
166 186
186 166
167 426
426 167
167 427
427 167
426 427
427 426
426 425
425 426
426 173
173 426
427 173
173 427
427 425
425 427
425 168
168 425
168 394
394 168
413 171
171 413
413 412
412 413
413 169
169 413
413 186
186 413
413 172
172 413
169 171
171 169
169 172
172 169
169 173
173 169
169 186
186 169
169 412
412 169
169 431
431 169
169 187
187 169
169 430
430 169
169 170
170 169
169 184
184 169
169 429
429 169
169 189
189 169
169 428
428 169
169 185
185 169
169 191
191 169
169 204
204 169
429 428
428 429
429 170
170 429
429 184
184 429
429 431
431 429
429 187
187 429
429 189
189 429
429 191
191 429
429 204
204 429
429 430
430 429
429 190
190 429
429 172
172 429
429 171
171 429
428 170
170 428
428 187
187 428
428 189
189 428
428 204
204 428
428 430
430 428
428 431
431 428
428 191
191 428
428 190
190 428
428 172
172 428
428 184
184 428
170 171
171 170
170 172
172 170
170 184
184 170
170 430
430 170
170 431
431 170
170 189
189 170
171 412
412 171
171 431
431 171
171 186
186 171
171 172
172 171
171 430
430 171
171 184
184 171
171 182
182 171
171 443
443 171
172 182
182 172
172 184
184 172
172 443
443 172
172 186
186 172
172 183
183 172
172 442
442 172
172 173
173 172
172 431
431 172
172 412
412 172
173 184
184 173
173 186
186 173
173 412
412 173
173 183
183 173
173 182
182 173
173 442
442 173
173 443
443 173
173 444
444 173
174 175
175 174
174 182
182 174
174 442
442 174
174 443
443 174
174 432
432 174
174 433
433 174
174 186
186 174
174 444
444 174
174 445
445 174
175 182
182 175
175 433
433 175
175 434
434 175
175 432
432 175
175 435
435 175
175 181
181 175
432 434
434 432
432 435
435 432
432 436
436 432
432 181
181 432
432 433
433 432
432 182
182 432
432 437
437 432
432 178
178 432
432 438
438 432
432 196
196 432
434 433
433 434
434 182
182 434
434 196
196 434
434 436
436 434
434 437
437 434
434 435
435 434
434 178
178 434
434 181
181 434
434 180
180 434
435 439
439 435
435 440
440 435
435 178
178 435
435 437
437 435
435 436
436 435
435 180
180 435
435 181
181 435
435 433
433 435
435 441
441 435
435 182
182 435
435 438
438 435
438 440
440 438
438 441
441 438
438 437
437 438
438 436
436 438
438 177
177 438
438 182
182 438
438 439
439 438
438 433
433 438
438 176
176 438
438 196
196 438
439 176
176 439
439 440
440 439
439 441
441 439
439 178
178 439
439 437
437 439
439 436
436 439
439 179
179 439
439 177
177 439
439 180
180 439
439 181
181 439
176 440
440 176
176 177
177 176
176 179
179 176
176 441
441 176
176 194
194 176
176 197
197 176
176 195
195 176
440 177
177 440
440 441
441 440
440 437
437 440
440 436
436 440
440 179
179 440
440 178
178 440
177 441
441 177
177 179
179 177
177 437
437 177
177 195
195 177
177 194
194 177
441 437
437 441
441 436
436 441
441 178
178 441
178 179
179 178
178 181
181 178
178 180
180 178
178 436
436 178
178 437
437 178
178 433
433 178
437 436
436 437
437 433
433 437
437 182
182 437
436 181
181 436
436 433
433 436
436 182
182 436
436 180
180 436
180 181
181 180
180 433
433 180
181 433
433 181
181 182
182 181
433 182
182 433
433 196
196 433
182 458
458 182
182 196
196 182
182 199
199 182
182 443
443 182
182 186
186 182
182 442
442 182
182 183
183 182
442 183
183 442
442 443
443 442
442 186
186 442
442 445
445 442
442 444
444 442
442 184
184 442
442 185
185 442
183 184
184 183
183 185
185 183
183 444
444 183
183 445
445 183
183 443
443 183
183 186
186 183
184 186
186 184
184 185
185 184
184 443
443 184
184 444
444 184
184 445
445 184
184 191
191 184
184 430
430 184
184 431
431 184
184 202
202 184
184 204
204 184
185 444
444 185
185 445
445 185
444 445
445 444
444 443
443 444
444 191
191 444
445 191
191 445
445 443
443 445
443 186
186 443
186 412
412 186
431 189
189 431
431 430
430 431
431 187
187 431
431 204
204 431
431 190
190 431
187 189
189 187
187 190
190 187
187 191
191 187
187 204
204 187
187 430
430 187
187 449
449 187
187 205
205 187
187 448
448 187
187 188
188 187
187 202
202 187
187 447
447 187
187 207
207 187
187 446
446 187
187 203
203 187
187 209
209 187
187 221
221 187
447 446
446 447
447 188
188 447
447 202
202 447
447 449
449 447
447 205
205 447
447 207
207 447
447 209
209 447
447 221
221 447
447 448
448 447
447 190
190 447
447 208
208 447
447 189
189 447
446 188
188 446
446 205
205 446
446 207
207 446
446 221
221 446
446 448
448 446
446 449
449 446
446 209
209 446
446 208
208 446
446 190
190 446
446 202
202 446
188 189
189 188
188 190
190 188
188 202
202 188
188 448
448 188
188 449
449 188
188 200
200 188
188 207
207 188
189 430
430 189
189 449
449 189
189 204
204 189
189 190
190 189
189 448
448 189
189 202
202 189
189 200
200 189
189 460
460 189
189 192
192 189
189 191
191 189
190 200
200 190
190 202
202 190
190 460
460 190
190 204
204 190
190 201
201 190
190 459
459 190
190 191
191 190
190 449
449 190
190 430
430 190
191 202
202 191
191 204
204 191
191 430
430 191
191 201
201 191
191 200
200 191
191 459
459 191
191 460
460 191
192 193
193 192
192 200
200 192
192 459
459 192
192 460
460 192
192 450
450 192
192 451
451 192
192 204
204 192
192 461
461 192
192 462
462 192
193 200
200 193
193 451
451 193
193 452
452 193
193 450
450 193
193 199
199 193
450 452
452 450
450 454
454 450
450 455
455 450
450 199
199 450
450 451
451 450
450 200
200 450
450 453
453 450
452 451
451 452
452 200
200 452
452 214
214 452
452 455
455 452
452 454
454 452
452 196
196 452
452 199
199 452
452 198
198 452
453 457
457 453
453 458
458 453
453 454
454 453
453 455
455 453
453 195
195 453
453 200
200 453
453 456
456 453
453 451
451 453
453 194
194 453
453 214
214 453
456 194
194 456
456 457
457 456
456 458
458 456
456 196
196 456
456 454
454 456
456 455
455 456
456 197
197 456
456 195
195 456
456 198
198 456
456 199
199 456
194 457
457 194
194 195
195 194
194 197
197 194
194 458
458 194
457 195
195 457
457 458
458 457
457 454
454 457
457 455
455 457
457 197
197 457
457 196
196 457
195 458
458 195
195 197
197 195
195 454
454 195
195 213
213 195
458 454
454 458
458 455
455 458
458 196
196 458
196 199
199 196
196 198
198 196
196 197
197 196
196 455
455 196
196 454
454 196
454 455
455 454
454 451
451 454
454 200
200 454
455 199
199 455
455 451
451 455
455 200
200 455
455 198
198 455
198 199
199 198
199 451
451 199
199 200
200 199
451 200
200 451
451 214
214 451
200 476
476 200
200 214
214 200
200 216
216 200
200 475
475 200
200 470
470 200
200 460
460 200
200 204
204 200
200 459
459 200
200 201
201 200
459 201
201 459
459 460
460 459
459 204
204 459
459 462
462 459
459 461
461 459
459 202
202 459
459 203
203 459
201 202
202 201
201 203
203 201
201 461
461 201
201 462
462 201
201 460
460 201
201 204
204 201
202 204
204 202
202 203
203 202
202 460
460 202
202 461
461 202
202 462
462 202
202 209
209 202
202 448
448 202
202 449
449 202
202 219
219 202
202 221
221 202
203 461
461 203
203 462
462 203
461 462
462 461
461 460
460 461
461 209
209 461
462 209
209 462
462 460
460 462
460 204
204 460
204 430
430 204
449 207
207 449
449 448
448 449
449 205
205 449
449 221
221 449
449 208
208 449
449 209
209 449
205 207
207 205
205 208
208 205
205 209
209 205
205 221
221 205
205 448
448 205
205 466
466 205
205 219
219 205
205 222
222 205
205 465
465 205
205 206
206 205
205 464
464 205
205 224
224 205
205 463
463 205
205 226
226 205
205 220
220 205
205 241
241 205
464 463
463 464
464 206
206 464
464 219
219 464
464 466
466 464
464 222
222 464
464 224
224 464
464 226
226 464
464 241
241 464
464 465
465 464
464 225
225 464
464 208
208 464
464 207
207 464
463 206
206 463
463 222
222 463
463 224
224 463
463 241
241 463
463 465
465 463
463 466
466 463
463 226
226 463
463 225
225 463
463 208
208 463
463 219
219 463
206 207
207 206
206 208
208 206
206 219
219 206
206 465
465 206
206 466
466 206
206 224
224 206
207 448
448 207
207 466
466 207
207 221
221 207
207 208
208 207
207 465
465 207
207 219
219 207
207 217
217 207
207 478
478 207
208 217
217 208
208 219
219 208
208 478
478 208
208 221
221 208
208 218
218 208
208 209
209 208
208 477
477 208
208 466
466 208
208 448
448 208
209 219
219 209
209 221
221 209
209 448
448 209
209 218
218 209
209 217
217 209
209 477
477 209
209 478
478 209
210 211
211 210
210 217
217 210
210 477
477 210
210 478
478 210
210 467
467 210
210 468
468 210
210 221
221 210
210 479
479 210
210 480
480 210
211 217
217 211
211 468
468 211
211 469
469 211
211 467
467 211
211 216
216 211
211 470
470 211
211 471
471 211
467 469
469 467
467 470
470 467
467 471
471 467
467 216
216 467
467 468
468 467
467 217
217 467
467 472
472 467
467 473
473 467
467 231
231 467
469 468
468 469
469 217
217 469
469 231
231 469
469 216
216 469
469 471
471 469
469 470
470 469
469 472
472 469
469 215
215 469
469 214
214 469
470 474
474 470
470 214
214 470
470 472
472 470
470 471
471 470
470 215
215 470
470 216
216 470
470 468
468 470
470 475
475 470
470 476
476 470
470 217
217 470
470 473
473 470
473 475
475 473
473 476
476 473
473 472
472 473
473 471
471 473
473 213
213 473
473 217
217 473
473 474
474 473
473 468
468 473
473 212
212 473
473 229
229 473
473 231
231 473
473 230
230 473
474 212
212 474
474 475
475 474
474 476
476 474
474 214
214 474
474 472
472 474
474 471
471 474
474 229
229 474
474 213
213 474
474 215
215 474
474 216
216 474
212 475
475 212
212 213
213 212
212 476
476 212
212 229
229 212
212 230
230 212
475 213
213 475
475 476
476 475
475 472
472 475
475 471
471 475
475 214
214 475
213 476
476 213
213 472
472 213
213 230
230 213
476 472
472 476
476 471
471 476
476 214
214 476
214 216
216 214
214 215
215 214
214 471
471 214
214 472
472 214
214 468
468 214
472 471
471 472
472 468
468 472
472 217
217 472
471 216
216 471
471 468
468 471
471 217
217 471
471 215
215 471
215 216
216 215
215 468
468 215
216 468
468 216
216 217
217 216
468 217
217 468
468 231
231 468
217 494
494 217
217 231
231 217
217 235
235 217
217 478
478 217
217 221
221 217
217 477
477 217
217 218
218 217
477 218
218 477
477 478
478 477
477 221
221 477
477 480
480 477
477 479
479 477
477 219
219 477
477 220
220 477
218 219
219 218
218 220
220 218
218 479
479 218
218 480
480 218
218 478
478 218
218 221
221 218
219 221
221 219
219 220
220 219
219 478
478 219
219 479
479 219
219 480
480 219
219 226
226 219
219 465
465 219
219 466
466 219
219 241
241 219
219 238
238 219
220 479
479 220
220 480
480 220
479 480
480 479
479 478
478 479
479 226
226 479
480 226
226 480
480 478
478 480
478 221
221 478
221 448
448 221
466 224
224 466
466 465
465 466
466 222
222 466
466 241
241 466
466 225
225 466
466 226
226 466
222 224
224 222
222 225
225 222
222 226
226 222
222 241
241 222
222 465
465 222
222 484
484 222
222 238
238 222
222 242
242 222
222 244
244 222
222 483
483 222
222 223
223 222
222 482
482 222
222 481
481 222
222 239
239 222
222 246
246 222
222 261
261 222
482 481
481 482
482 223
223 482
482 238
238 482
482 484
484 482
482 242
242 482
482 244
244 482
482 246
246 482
482 261
261 482
482 483
483 482
482 245
245 482
482 225
225 482
482 224
224 482
481 223
223 481
481 242
242 481
481 244
244 481
481 261
261 481
481 483
483 481
481 246
246 481
481 245
245 481
481 225
225 481
481 238
238 481
223 224
224 223
223 225
225 223
223 238
238 223
223 483
483 223
223 484
484 223
223 244
244 223
224 465
465 224
224 484
484 224
224 241
241 224
224 225
225 224
224 483
483 224
224 236
236 224
224 496
496 224
224 490
490 224
224 491
491 224
225 236
236 225
225 238
238 225
225 496
496 225
225 241
241 225
225 237
237 225
225 226
226 225
225 495
495 225
225 484
484 225
225 465
465 225
226 238
238 226
226 241
241 226
226 465
465 226
226 237
237 226
226 495
495 226
226 496
496 226
226 236
236 226
226 240
240 226
226 497
497 226
227 228
228 227
227 236
236 227
227 495
495 227
227 496
496 227
227 240
240 227
227 485
485 227
227 486
486 227
227 241
241 227
227 497
497 227
227 498
498 227
228 236
236 228
228 486
486 228
228 487
487 228
228 485
485 228
228 488
488 228
228 235
235 228
228 489
489 228
485 487
487 485
485 488
488 485
485 489
489 485
485 235
235 485
485 486
486 485
485 236
236 485
485 490
490 485
485 231
231 485
485 491
491 485
487 486
486 487
487 236
236 487
487 490
490 487
487 489
489 487
487 251
251 487
487 488
488 487
487 231
231 487
487 235
235 487
488 492
492 488
488 493
493 488
488 231
231 488
488 490
490 488
488 489
489 488
488 235
235 488
488 486
486 488
488 494
494 488
488 234
234 488
488 236
236 488
488 491
491 488
491 494
494 491
491 490
490 491
491 489
489 491
491 236
236 491
491 493
493 491
491 230
230 491
491 492
492 491
491 486
486 491
491 229
229 491
491 251
251 491
492 229
229 492
492 493
493 492
492 494
494 492
492 231
231 492
492 233
233 492
492 490
490 492
492 489
489 492
492 232
232 492
492 230
230 492
492 234
234 492
492 235
235 492
229 230
230 229
229 232
232 229
229 493
493 229
229 233
233 229
229 494
494 229
229 249
249 229
229 252
252 229
493 230
230 493
493 494
494 493
493 233
233 493
493 490
490 493
493 489
489 493
493 232
232 493
493 231
231 493
230 494
494 230
230 232
232 230
230 490
490 230
230 250
250 230
230 249
249 230
494 490
490 494
494 233
233 494
494 489
489 494
494 231
231 494
231 235
235 231
231 234
234 231
231 232
232 231
231 489
489 231
231 233
233 231
231 490
490 231
231 486
486 231
232 233
233 232
490 489
489 490
490 486
486 490
490 236
236 490
489 235
235 489
489 486
486 489
489 236
236 489
234 235
235 234
235 486
486 235
235 236
236 235
486 236
236 486
486 251
251 486
236 508
508 236
236 251
251 236
236 255
255 236
236 496
496 236
236 241
241 236
236 495
495 236
495 237
237 495
495 240
240 495
495 496
496 495
495 241
241 495
495 498
498 495
495 497
497 495
495 238
238 495
495 239
239 495
237 238
238 237
237 239
239 237
237 497
497 237
237 498
498 237
237 240
240 237
237 496
496 237
237 241
241 237
238 241
241 238
238 239
239 238
238 496
496 238
238 497
497 238
238 240
240 238
238 498
498 238
238 246
246 238
238 483
483 238
238 484
484 238
238 258
258 238
238 261
261 238
239 497
497 239
239 498
498 239
239 240
240 239
497 498
498 497
497 240
240 497
497 496
496 497
497 246
246 497
498 240
240 498
498 246
246 498
498 496
496 498
240 496
496 240
240 241
241 240
496 241
241 496
241 465
465 241
484 244
244 484
484 483
483 484
484 242
242 484
484 261
261 484
484 245
245 484
242 244
244 242
242 245
245 242
242 246
246 242
242 261
261 242
242 483
483 242
242 258
258 242
242 243
243 242
242 259
259 242
242 390
390 242
242 391
391 242
242 260
260 242
390 391
391 390
390 243
243 390
390 259
259 390
390 245
245 390
390 244
244 390
391 243
243 391
391 245
245 391
391 259
259 391
243 244
244 243
243 245
245 243
243 259
259 243
243 256
256 243
244 483
483 244
244 261
261 244
244 245
245 244
244 259
259 244
244 256
256 244
244 510
510 244
245 256
256 245
245 259
259 245
245 510
510 245
245 261
261 245
245 257
257 245
245 258
258 245
245 246
246 245
245 509
509 245
245 483
483 245
246 258
258 246
246 261
261 246
246 483
483 246
246 257
257 246
246 256
256 246
246 509
509 246
246 510
510 246
246 259
259 246
246 511
511 246
247 248
248 247
247 256
256 247
247 509
509 247
247 510
510 247
247 499
499 247
247 500
500 247
247 261
261 247
247 511
511 247
247 512
512 247
248 256
256 248
248 500
500 248
248 501
501 248
248 499
499 248
248 255
255 248
248 502
502 248
248 503
503 248
499 501
501 499
499 502
502 499
499 503
503 499
499 255
255 499
499 500
500 499
499 256
256 499
499 504
504 499
499 251
251 499
499 505
505 499
501 500
500 501
501 256
256 501
501 503
503 501
501 255
255 501
501 504
504 501
501 254
254 501
501 502
502 501
501 251
251 501
502 506
506 502
502 507
507 502
502 251
251 502
502 504
504 502
502 503
503 502
502 254
254 502
502 255
255 502
502 500
500 502
502 508
508 502
502 256
256 502
502 505
505 502
505 507
507 505
505 508
508 505
505 504
504 505
505 503
503 505
505 250
250 505
505 256
256 505
505 506
506 505
505 500
500 505
505 249
249 505
506 249
249 506
506 507
507 506
506 508
508 506
506 251
251 506
506 253
253 506
506 504
504 506
506 503
503 506
506 252
252 506
506 250
250 506
506 254
254 506
506 255
255 506
249 507
507 249
249 250
250 249
249 252
252 249
249 508
508 249
249 253
253 249
507 250
250 507
507 508
508 507
507 253
253 507
507 504
504 507
507 503
503 507
507 252
252 507
507 251
251 507
250 508
508 250
250 252
252 250
250 504
504 250
508 504
504 508
508 253
253 508
508 503
503 508
508 251
251 508
251 255
255 251
251 254
254 251
251 252
252 251
251 503
503 251
251 253
253 251
251 504
504 251
251 500
500 251
252 253
253 252
504 503
503 504
504 500
500 504
504 256
256 504
503 255
255 503
503 500
500 503
503 256
256 503
503 254
254 503
254 255
255 254
254 500
500 254
255 500
500 255
255 256
256 255
500 256
256 500
256 510
510 256
256 261
261 256
256 509
509 256
256 257
257 256
509 257
257 509
509 510
510 509
509 261
261 509
509 512
512 509
509 511
511 509
509 259
259 509
509 260
260 509
257 258
258 257
257 259
259 257
257 260
260 257
257 511
511 257
257 512
512 257
257 510
510 257
257 261
261 257
258 261
261 258
258 259
259 258
258 260
260 258
259 260
260 259
259 261
261 259
259 510
510 259
259 511
511 259
259 512
512 259
260 511
511 260
260 512
512 260
511 512
512 511
511 510
510 511
512 510
510 512
510 261
261 510
261 483
483 261
