96
1 3
3 1
1 4
4 1
1 2
2 1
1 10
10 1
2 3
3 2
2 4
4 2
2 5
5 2
2 8
8 2
2 10
10 2
3 4
4 3
3 8
8 3
3 10
10 3
3 5
5 3
3 13
13 3
3 60
60 3
3 59
59 3
3 12
12 3
4 10
10 4
4 56
56 4
4 13
13 4
4 12
12 4
4 8
8 4
4 5
5 4
5 8
8 5
5 10
10 5
5 6
6 5
5 57
57 5
6 7
7 6
6 8
8 6
6 17
17 6
6 58
58 6
6 57
57 6
6 10
10 6
6 9
9 6
6 59
59 6
57 58
58 57
57 8
8 57
57 59
59 57
57 16
16 57
57 15
15 57
57 14
14 57
57 60
60 57
58 8
8 58
58 59
59 58
58 60
60 58
58 15
15 58
58 10
10 58
58 14
14 58
58 16
16 58
58 9
9 58
58 11
11 58
58 12
12 58
58 13
13 58
58 61
61 58
58 7
7 58
7 8
8 7
7 9
9 7
7 10
10 7
7 17
17 7
7 65
65 7
7 59
59 7
7 64
64 7
8 10
10 8
8 17
17 8
8 38
38 8
8 12
12 8
8 59
59 8
8 60
60 8
8 15
15 8
59 10
10 59
59 60
60 59
59 13
13 59
59 61
61 59
59 14
14 59
59 15
15 59
59 16
16 59
59 12
12 59
59 11
11 59
59 19
19 59
59 9
9 59
9 10
10 9
9 11
11 9
9 64
64 9
9 65
65 9
9 63
63 9
9 69
69 9
9 68
68 9
9 17
17 9
9 12
12 9
9 19
19 9
10 11
11 10
10 64
64 10
10 65
65 10
10 63
63 10
10 12
12 10
10 17
17 10
10 62
62 10
10 66
66 10
10 38
38 10
10 60
60 10
10 13
13 10
10 61
61 10
60 12
12 60
60 13
13 60
60 61
61 60
60 11
11 60
60 14
14 60
60 15
15 60
60 19
19 60
60 16
16 60
11 61
61 11
11 64
64 11
11 65
65 11
11 63
63 11
11 19
19 11
11 12
12 11
11 13
13 11
11 66
66 11
12 13
13 12
12 61
61 12
12 19
19 12
12 64
64 12
12 63
63 12
13 61
61 13
13 56
56 13
13 19
19 13
13 14
14 13
61 19
19 61
61 14
14 61
14 16
16 14
14 19
19 14
14 15
15 14
15 16
16 15
17 65
65 17
62 66
66 62
62 64
64 62
62 67
67 62
62 63
63 62
62 40
40 62
62 45
45 62
62 82
82 62
62 68
68 62
62 81
81 62
62 80
80 62
62 79
79 62
62 69
69 62
66 68
68 66
66 18
18 66
66 69
69 66
66 67
67 66
66 63
63 66
66 81
81 66
66 82
82 66
66 80
80 66
66 45
45 66
66 64
64 66
66 40
40 66
66 65
65 66
66 83
83 66
66 52
52 66
66 86
86 66
66 51
51 66
66 84
84 66
64 68
68 64
64 65
65 64
64 67
67 64
64 63
63 64
64 19
19 64
64 69
69 64
64 45
45 64
64 38
38 64
68 69
69 68
68 65
65 68
68 67
67 68
68 63
63 68
68 82
82 68
68 18
18 68
68 45
45 68
18 69
69 18
18 67
67 18
18 81
81 18
18 82
82 18
18 78
78 18
18 80
80 18
18 77
77 18
18 45
45 18
69 67
67 69
69 65
65 69
69 63
63 69
69 82
82 69
65 67
67 65
65 63
63 65
65 19
19 65
67 63
63 67
67 52
52 67
67 45
45 67
67 83
83 67
67 82
82 67
67 81
81 67
63 79
79 63
63 82
82 63
63 80
80 63
63 40
40 63
63 45
45 63
63 38
38 63
63 19
19 63
19 51
51 19
20 22
22 20
20 23
23 20
20 21
21 20
20 29
29 20
21 22
22 21
21 23
23 21
21 24
24 21
21 27
27 21
21 29
29 21
22 23
23 22
22 27
27 22
22 29
29 22
22 24
24 22
22 32
32 22
22 73
73 22
22 72
72 22
22 31
31 22
23 29
29 23
23 32
32 23
23 31
31 23
23 27
27 23
23 24
24 23
24 27
27 24
24 29
29 24
24 25
25 24
24 70
70 24
24 26
26 24
25 26
26 25
25 27
27 25
25 36
36 25
25 43
43 25
25 54
54 25
25 71
71 25
25 70
70 25
25 28
28 25
25 29
29 25
25 72
72 25
70 71
71 70
70 27
27 70
70 72
72 70
70 35
35 70
70 34
34 70
70 33
33 70
70 73
73 70
71 27
27 71
71 72
72 71
71 73
73 71
71 34
34 71
71 33
33 71
71 35
35 71
71 29
29 71
71 28
28 71
71 30
30 71
71 74
74 71
71 31
31 71
71 32
32 71
71 26
26 71
26 27
27 26
26 28
28 26
26 29
29 26
26 36
36 26
26 78
78 26
26 72
72 26
26 77
77 26
26 82
82 26
26 42
42 26
26 45
45 26
26 43
43 26
27 29
29 27
27 36
36 27
27 31
31 27
27 72
72 27
27 73
73 27
27 32
32 27
27 34
34 27
72 29
29 72
72 73
73 72
72 32
32 72
72 74
74 72
72 33
33 72
72 34
34 72
72 35
35 72
72 31
31 72
72 30
30 72
72 28
28 72
28 29
29 28
28 30
30 28
28 77
77 28
28 78
78 28
28 76
76 28
28 81
81 28
28 82
82 28
28 36
36 28
28 31
31 28
28 37
37 28
29 30
30 29
29 77
77 29
29 78
78 29
29 76
76 29
29 31
31 29
29 36
36 29
29 75
75 29
29 73
73 29
29 32
32 29
29 74
74 29
73 32
32 73
73 74
74 73
73 31
31 73
73 30
30 73
73 33
33 73
73 34
34 73
73 37
37 73
73 35
35 73
30 74
74 30
30 77
77 30
30 78
78 30
30 76
76 30
30 37
37 30
30 31
31 30
30 32
32 30
30 79
79 30
31 32
32 31
31 74
74 31
31 37
37 31
31 77
77 31
31 76
76 31
32 74
74 32
32 37
37 32
32 33
33 32
74 37
37 74
74 33
33 74
33 35
35 33
33 34
34 33
34 35
35 34
36 83
83 36
36 43
43 36
36 45
45 36
36 42
42 36
36 84
84 36
36 52
52 36
36 78
78 36
75 79
79 75
75 77
77 75
75 80
80 75
75 76
76 75
75 81
81 75
79 81
81 79
79 82
82 79
79 80
80 79
79 76
76 79
79 77
77 79
79 78
78 79
77 78
78 77
77 80
80 77
77 76
76 77
77 37
37 77
77 81
81 77
77 82
82 77
77 45
45 77
81 82
82 81
81 78
78 81
81 80
80 81
81 76
76 81
81 45
45 81
82 80
80 82
82 78
78 82
82 45
45 82
82 76
76 82
82 40
40 82
78 80
80 78
78 76
76 78
78 45
45 78
80 76
76 80
76 37
37 76
38 40
40 38
38 41
41 38
38 39
39 38
38 47
47 38
39 40
40 39
39 41
41 39
39 42
42 39
40 41
41 40
40 45
45 40
40 47
47 40
40 42
42 40
40 50
50 40
40 86
86 40
40 85
85 40
40 49
49 40
41 47
47 41
41 50
50 41
41 49
49 41
41 42
42 41
41 45
45 41
42 45
45 42
42 47
47 42
42 43
43 42
42 83
83 42
42 44
44 42
43 44
44 43
43 45
45 43
43 54
54 43
43 84
84 43
43 83
83 43
43 47
47 43
43 46
46 43
43 85
85 43
83 84
84 83
83 45
45 83
83 85
85 83
83 53
53 83
83 52
52 83
83 51
51 83
83 86
86 83
84 45
45 84
84 85
85 84
84 86
86 84
84 52
52 84
84 51
51 84
84 53
53 84
84 47
47 84
84 46
46 84
84 48
48 84
84 49
49 84
84 50
50 84
84 87
87 84
84 44
44 84
44 45
45 44
44 46
46 44
44 47
47 44
44 54
54 44
44 91
91 44
44 85
85 44
44 90
90 44
44 95
95 44
45 47
47 45
45 54
54 45
45 49
49 45
45 85
85 45
45 86
86 45
45 52
52 45
85 47
47 85
85 86
86 85
85 50
50 85
85 87
87 85
85 51
51 85
85 52
52 85
85 53
53 85
85 49
49 85
85 48
48 85
85 56
56 85
85 46
46 85
46 47
47 46
46 48
48 46
46 90
90 46
46 91
91 46
46 89
89 46
46 94
94 46
46 95
95 46
46 54
54 46
46 49
49 46
46 56
56 46
47 48
48 47
47 90
90 47
47 91
91 47
47 89
89 47
47 49
49 47
47 54
54 47
47 88
88 47
47 92
92 47
47 86
86 47
47 50
50 47
47 87
87 47
86 49
49 86
86 50
50 86
86 87
87 86
86 48
48 86
86 51
51 86
86 52
52 86
86 56
56 86
86 53
53 86
48 87
87 48
48 90
90 48
48 91
91 48
48 89
89 48
48 56
56 48
48 49
49 48
48 50
50 48
48 92
92 48
49 50
50 49
49 87
87 49
49 56
56 49
49 89
89 49
49 90
90 49
50 87
87 50
50 56
56 50
50 51
51 50
87 56
56 87
87 51
51 87
51 53
53 51
51 56
56 51
51 52
52 51
52 53
53 52
88 92
92 88
88 90
90 88
88 93
93 88
88 89
89 88
88 94
94 88
88 95
95 88
92 94
94 92
92 55
55 92
92 95
95 92
92 93
93 92
92 89
89 92
92 90
90 92
92 91
91 92
92 56
56 92
90 91
91 90
90 93
93 90
90 89
89 90
90 56
56 90
90 94
94 90
90 95
95 90
94 95
95 94
94 91
91 94
94 93
93 94
94 89
89 94
94 55
55 94
55 95
95 55
55 93
93 55
95 93
93 95
95 91
91 95
95 89
89 95
91 93
93 91
91 89
89 91
91 56
56 91
93 89
89 93
89 56
56 89
