331
181 183
183 181
181 7
7 181
181 8
8 181
181 182
182 181
181 9
9 181
181 6
6 181
181 184
184 181
188 1
1 188
188 2
2 188
188 189
189 188
188 3
3 188
188 187
187 188
188 186
186 188
188 6
6 188
188 190
190 188
188 30
30 188
188 4
4 188
188 79
79 188
1 189
189 1
1 3
3 1
1 187
187 1
1 186
186 1
1 5
5 1
1 79
79 1
1 83
83 1
1 84
84 1
1 30
30 1
1 249
249 1
1 250
250 1
1 6
6 1
1 190
190 1
1 10
10 1
1 2
2 1
2 189
189 2
2 190
190 2
2 3
3 2
2 187
187 2
2 6
6 2
189 3
3 189
189 187
187 189
189 190
190 189
189 6
6 189
189 30
30 189
189 79
79 189
189 205
205 189
189 186
186 189
189 4
4 189
3 187
187 3
3 4
4 3
3 186
186 3
3 205
205 3
3 30
30 3
3 28
28 3
3 10
10 3
3 204
204 3
3 27
27 3
3 79
79 3
3 9
9 3
3 6
6 3
3 190
190 3
187 4
4 187
187 186
186 187
187 6
6 187
187 9
9 187
187 190
190 187
187 30
30 187
187 10
10 187
187 5
5 187
187 83
83 187
187 205
205 187
187 29
29 187
4 186
186 4
4 10
10 4
4 204
204 4
4 28
28 4
4 205
205 4
4 29
29 4
4 30
30 4
4 25
25 4
4 27
27 4
4 5
5 4
4 22
22 4
4 9
9 4
4 16
16 4
4 6
6 4
4 185
185 4
186 6
6 186
186 182
182 186
186 9
9 186
186 10
10 186
186 28
28 186
186 5
5 186
186 184
184 186
186 83
83 186
5 83
83 5
5 79
79 5
5 250
250 5
5 6
6 5
5 10
10 5
5 184
184 5
6 10
10 6
6 9
9 6
6 182
182 6
6 183
183 6
6 7
7 6
6 184
184 6
191 193
193 191
191 13
13 191
191 14
14 191
191 192
192 191
191 15
15 191
191 12
12 191
191 121
121 191
191 194
194 191
183 7
7 183
183 8
8 183
183 182
182 183
183 9
9 183
183 184
184 183
183 185
185 183
183 12
12 183
183 10
10 183
7 182
182 7
7 9
9 7
7 184
184 7
7 185
185 7
7 11
11 7
7 127
127 7
7 131
131 7
7 12
12 7
7 16
16 7
7 8
8 7
7 282
282 7
7 126
126 7
7 281
281 7
7 283
283 7
7 121
121 7
7 129
129 7
8 182
182 8
8 9
9 8
8 184
184 8
8 12
12 8
182 9
9 182
182 184
184 182
182 12
12 182
182 185
185 182
182 10
10 182
9 184
184 9
9 10
10 9
9 185
185 9
9 16
16 9
9 15
15 9
9 12
12 9
184 10
10 184
184 185
185 184
184 12
12 184
184 15
15 184
184 16
16 184
184 11
11 184
184 127
127 184
10 185
185 10
10 16
16 10
10 11
11 10
10 22
22 10
10 28
28 10
10 15
15 10
10 12
12 10
10 195
195 10
185 12
12 185
185 192
192 185
185 15
15 185
185 16
16 185
185 11
11 185
185 194
194 185
185 127
127 185
185 131
131 185
11 131
131 11
11 127
127 11
11 284
284 11
11 285
285 11
11 16
16 11
11 12
12 11
11 125
125 11
11 194
194 11
12 16
16 12
12 127
127 12
12 15
15 12
12 126
126 12
12 282
282 12
12 192
192 12
12 121
121 12
12 193
193 12
12 13
13 12
12 194
194 12
196 198
198 196
196 19
19 196
196 20
20 196
196 197
197 196
196 21
21 196
196 18
18 196
196 103
103 196
196 199
199 196
193 13
13 193
193 14
14 193
193 192
192 193
193 15
15 193
193 194
194 193
193 195
195 193
193 18
18 193
193 16
16 193
193 121
121 193
13 192
192 13
13 15
15 13
13 194
194 13
13 195
195 13
13 17
17 13
13 109
109 13
13 121
121 13
13 125
125 13
13 126
126 13
13 113
113 13
13 287
287 13
13 286
286 13
13 18
18 13
13 22
22 13
13 14
14 13
13 272
272 13
13 108
108 13
13 271
271 13
13 273
273 13
13 103
103 13
13 111
111 13
14 192
192 14
14 15
15 14
14 194
194 14
14 18
18 14
192 15
15 192
192 194
194 192
192 18
18 192
192 121
121 192
192 126
126 192
192 195
195 192
192 16
16 192
15 194
194 15
15 16
16 15
15 195
195 15
15 22
22 15
15 21
21 15
15 18
18 15
194 16
16 194
194 195
195 194
194 18
18 194
194 21
21 194
194 22
22 194
194 17
17 194
194 109
109 194
194 125
125 194
16 195
195 16
16 22
22 16
16 17
17 16
16 21
21 16
16 28
28 16
16 18
18 16
16 200
200 16
195 18
18 195
195 197
197 195
195 21
21 195
195 22
22 195
195 17
17 195
195 199
199 195
195 109
109 195
195 125
125 195
195 113
113 195
17 113
113 17
17 125
125 17
17 109
109 17
17 121
121 17
17 286
286 17
17 274
274 17
17 275
275 17
17 22
22 17
17 18
18 17
17 107
107 17
17 199
199 17
18 22
22 18
18 109
109 18
18 21
21 18
18 108
108 18
18 197
197 18
18 103
103 18
18 198
198 18
18 19
19 18
18 199
199 18
201 203
203 201
201 25
25 201
201 26
26 201
201 202
202 201
201 27
27 201
201 24
24 201
201 204
204 201
201 55
55 201
198 19
19 198
198 20
20 198
198 197
197 198
198 21
21 198
198 199
199 198
198 200
200 198
198 24
24 198
198 22
22 198
198 103
103 198
19 197
197 19
19 21
21 19
19 199
199 19
19 200
200 19
19 23
23 19
19 31
31 19
19 103
103 19
19 107
107 19
19 108
108 19
19 35
35 19
19 269
269 19
19 270
270 19
19 24
24 19
19 28
28 19
19 20
20 19
19 214
214 19
19 60
60 19
19 215
215 19
19 213
213 19
19 55
55 19
20 197
197 20
20 21
21 20
20 199
199 20
20 24
24 20
197 21
21 197
197 199
199 197
197 24
24 197
197 103
103 197
197 200
200 197
197 22
22 197
21 199
199 21
21 22
22 21
21 200
200 21
21 28
28 21
21 103
103 21
21 27
27 21
21 24
24 21
199 22
22 199
199 200
200 199
199 24
24 199
199 27
27 199
199 28
28 199
199 23
23 199
199 31
31 199
199 107
107 199
22 200
200 22
22 28
28 22
22 23
23 22
22 27
27 22
22 24
24 22
22 205
205 22
200 24
24 200
200 202
202 200
200 27
27 200
200 28
28 200
200 23
23 200
200 204
204 200
200 31
31 200
200 107
107 200
200 35
35 200
23 35
35 23
23 107
107 23
23 31
31 23
23 103
103 23
23 270
270 23
23 212
212 23
23 211
211 23
23 28
28 23
23 24
24 23
23 59
59 23
23 204
204 23
24 28
28 24
24 31
31 24
24 27
27 24
24 60
60 24
24 202
202 24
24 55
55 24
24 203
203 24
24 25
25 24
24 204
204 24
190 30
30 190
190 79
79 190
203 25
25 203
203 26
26 203
203 202
202 203
203 27
27 203
203 204
204 203
203 205
205 203
203 30
30 203
203 28
28 203
203 55
55 203
25 202
202 25
25 27
27 25
25 204
204 25
25 205
205 25
25 29
29 25
25 55
55 25
25 59
59 25
25 60
60 25
25 85
85 25
25 89
89 25
25 229
229 25
25 230
230 25
25 30
30 25
25 26
26 25
25 252
252 25
25 84
84 25
25 251
251 25
25 253
253 25
25 79
79 25
25 87
87 25
26 202
202 26
26 27
27 26
26 204
204 26
26 30
30 26
202 27
27 202
202 204
204 202
202 30
30 202
202 55
55 202
202 205
205 202
202 28
28 202
27 204
204 27
27 28
28 27
27 205
205 27
27 55
55 27
27 30
30 27
204 28
28 204
204 205
205 204
204 30
30 204
204 29
29 204
204 59
59 204
204 85
85 204
28 205
205 28
28 29
29 28
28 30
30 28
205 30
30 205
205 29
29 205
205 85
85 205
205 59
59 205
205 89
89 205
29 59
59 29
29 89
89 29
29 85
85 29
29 55
55 29
29 230
230 29
29 254
254 29
29 255
255 29
29 30
30 29
29 83
83 29
30 85
85 30
30 84
84 30
30 79
79 30
206 208
208 206
206 37
37 206
206 38
38 206
206 207
207 206
206 39
39 206
206 36
36 206
206 209
209 206
206 97
97 206
213 31
31 213
213 32
32 213
213 214
214 213
213 33
33 213
213 212
212 213
213 211
211 213
213 36
36 213
213 215
215 213
213 60
60 213
213 34
34 213
31 214
214 31
31 33
33 31
31 212
212 31
31 211
211 31
31 35
35 31
31 103
103 31
31 60
60 31
31 107
107 31
31 36
36 31
31 215
215 31
31 40
40 31
31 32
32 31
31 267
267 31
31 102
102 31
31 266
266 31
31 268
268 31
31 97
97 31
32 214
214 32
32 215
215 32
32 33
33 32
32 212
212 32
32 36
36 32
214 33
33 214
214 212
212 214
214 215
215 214
214 36
36 214
214 60
60 214
214 230
230 214
214 211
211 214
214 34
34 214
33 212
212 33
33 34
34 33
33 211
211 33
33 230
230 33
33 60
60 33
33 58
58 33
33 40
40 33
33 229
229 33
33 57
57 33
33 39
39 33
33 36
36 33
33 215
215 33
212 34
34 212
212 211
211 212
212 36
36 212
212 39
39 212
212 215
215 212
212 60
60 212
212 40
40 212
212 35
35 212
212 103
103 212
212 230
230 212
212 59
59 212
34 211
211 34
34 40
40 34
34 229
229 34
34 58
58 34
34 230
230 34
34 59
59 34
34 60
60 34
34 55
55 34
34 35
35 34
34 46
46 34
34 52
52 34
34 57
57 34
34 39
39 34
34 36
36 34
34 210
210 34
211 36
36 211
211 207
207 211
211 39
39 211
211 40
40 211
211 58
58 211
211 35
35 211
211 209
209 211
211 103
103 211
211 107
107 211
35 103
103 35
35 107
107 35
35 269
269 35
35 270
270 35
35 40
40 35
35 36
36 35
35 101
101 35
35 209
209 35
36 40
40 36
36 103
103 36
36 39
39 36
36 209
209 36
36 102
102 36
36 97
97 36
36 207
207 36
36 208
208 36
36 37
37 36
216 218
218 216
216 43
43 216
216 44
44 216
216 217
217 216
216 45
45 216
216 42
42 216
216 219
219 216
208 37
37 208
208 38
38 208
208 207
207 208
208 39
39 208
208 209
209 208
208 210
210 208
208 42
42 208
208 40
40 208
208 97
97 208
37 207
207 37
37 39
39 37
37 209
209 37
37 210
210 37
37 41
41 37
37 97
97 37
37 101
101 37
37 102
102 37
37 259
259 37
37 260
260 37
37 42
42 37
37 46
46 37
37 38
38 37
38 207
207 38
38 39
39 38
38 209
209 38
38 42
42 38
207 39
39 207
207 209
209 207
207 42
42 207
207 97
97 207
207 210
210 207
207 40
40 207
39 209
209 39
39 40
40 39
39 210
210 39
39 46
46 39
39 97
97 39
39 45
45 39
39 42
42 39
209 40
40 209
209 210
210 209
209 42
42 209
209 45
45 209
209 46
46 209
209 41
41 209
209 101
101 209
40 210
210 40
40 46
46 40
40 41
41 40
40 58
58 40
40 45
45 40
40 52
52 40
40 42
42 40
40 220
220 40
210 42
42 210
210 217
217 210
210 45
45 210
210 46
46 210
210 41
41 210
210 219
219 210
210 101
101 210
41 101
101 41
41 97
97 41
41 260
260 41
41 42
42 41
41 46
46 41
41 219
219 41
42 46
46 42
42 45
45 42
42 217
217 42
42 218
218 42
42 43
43 42
42 219
219 42
221 223
223 221
221 49
49 221
221 50
50 221
221 222
222 221
221 51
51 221
221 48
48 221
221 224
224 221
218 43
43 218
218 44
44 218
218 217
217 218
218 45
45 218
218 219
219 218
218 220
220 218
218 48
48 218
218 46
46 218
43 217
217 43
43 45
45 43
43 219
219 43
43 220
220 43
43 47
47 43
43 48
48 43
43 52
52 43
43 44
44 43
44 217
217 44
44 45
45 44
44 219
219 44
44 48
48 44
217 45
45 217
217 219
219 217
217 48
48 217
217 220
220 217
217 46
46 217
45 219
219 45
45 46
46 45
45 220
220 45
45 52
52 45
45 51
51 45
45 48
48 45
219 46
46 219
219 220
220 219
219 48
48 219
219 51
51 219
219 52
52 219
219 47
47 219
46 220
220 46
46 52
52 46
46 47
47 46
46 58
58 46
46 51
51 46
46 48
48 46
46 225
225 46
220 48
48 220
220 222
222 220
220 51
51 220
220 52
52 220
220 47
47 220
220 224
224 220
47 52
52 47
47 48
48 47
47 224
224 47
48 52
52 48
48 51
51 48
48 222
222 48
48 223
223 48
48 49
49 48
48 224
224 48
226 228
228 226
226 55
55 226
226 56
56 226
226 227
227 226
226 57
57 226
226 54
54 226
226 85
85 226
226 229
229 226
223 49
49 223
223 50
50 223
223 222
222 223
223 51
51 223
223 224
224 223
223 225
225 223
223 54
54 223
223 52
52 223
49 222
222 49
49 51
51 49
49 224
224 49
49 225
225 49
49 53
53 49
49 61
61 49
49 65
65 49
49 54
54 49
49 58
58 49
49 50
50 49
49 239
239 49
49 90
90 49
49 240
240 49
49 238
238 49
49 85
85 49
49 63
63 49
50 222
222 50
50 51
51 50
50 224
224 50
50 54
54 50
222 51
51 222
222 224
224 222
222 54
54 222
222 225
225 222
222 52
52 222
51 224
224 51
51 52
52 51
51 225
225 51
51 58
58 51
51 57
57 51
51 54
54 51
224 52
52 224
224 225
225 224
224 54
54 224
224 57
57 224
224 58
58 224
224 53
53 224
224 61
61 224
52 225
225 52
52 58
58 52
52 53
53 52
52 57
57 52
52 54
54 52
52 230
230 52
225 54
54 225
225 227
227 225
225 57
57 225
225 58
58 225
225 53
53 225
225 229
229 225
225 61
61 225
225 65
65 225
53 61
61 53
53 65
65 53
53 237
237 53
53 236
236 53
53 58
58 53
53 54
54 53
53 89
89 53
53 229
229 53
54 58
58 54
54 61
61 54
54 57
57 54
54 90
90 54
54 239
239 54
54 85
85 54
54 227
227 54
54 228
228 54
54 55
55 54
54 229
229 54
215 60
60 215
228 55
55 228
228 56
56 228
228 227
227 228
228 57
57 228
228 229
229 228
228 230
230 228
228 60
60 228
228 58
58 228
228 85
85 228
55 227
227 55
55 57
57 55
55 229
229 55
55 230
230 55
55 59
59 55
55 85
85 55
55 89
89 55
55 90
90 55
55 254
254 55
55 255
255 55
55 60
60 55
55 56
56 55
56 227
227 56
56 57
57 56
56 229
229 56
56 60
60 56
227 57
57 227
227 229
229 227
227 60
60 227
227 85
85 227
227 90
90 227
227 230
230 227
227 58
58 227
57 229
229 57
57 58
58 57
57 230
230 57
57 85
85 57
57 60
60 57
229 58
58 229
229 230
230 229
229 60
60 229
229 59
59 229
229 89
89 229
58 230
230 58
58 59
59 58
58 60
60 58
230 60
60 230
230 59
59 230
230 89
89 230
59 89
89 59
59 85
85 59
59 255
255 59
59 60
60 59
231 233
233 231
231 67
67 231
231 68
68 231
231 232
232 231
231 69
69 231
231 66
66 231
231 234
234 231
238 61
61 238
238 62
62 238
238 239
239 238
238 63
63 238
238 237
237 238
238 236
236 238
238 66
66 238
238 240
240 238
238 90
90 238
238 64
64 238
61 239
239 61
61 63
63 61
61 237
237 61
61 236
236 61
61 65
65 61
61 90
90 61
61 66
66 61
61 240
240 61
61 70
70 61
61 62
62 61
62 239
239 62
62 240
240 62
62 63
63 62
62 237
237 62
62 66
66 62
239 63
63 239
239 237
237 239
239 240
240 239
239 66
66 239
239 90
90 239
239 255
255 239
239 236
236 239
239 64
64 239
63 237
237 63
63 64
64 63
63 236
236 63
63 255
255 63
63 90
90 63
63 88
88 63
63 70
70 63
63 254
254 63
63 87
87 63
63 69
69 63
63 66
66 63
63 240
240 63
237 64
64 237
237 236
236 237
237 66
66 237
237 69
69 237
237 240
240 237
237 90
90 237
237 70
70 237
237 65
65 237
237 255
255 237
237 89
89 237
64 236
236 64
64 70
70 64
64 254
254 64
64 88
88 64
64 255
255 64
64 89
89 64
64 90
90 64
64 85
85 64
64 87
87 64
64 65
65 64
64 82
82 64
64 69
69 64
64 76
76 64
64 66
66 64
64 235
235 64
236 66
66 236
236 232
232 236
236 69
69 236
236 70
70 236
236 88
88 236
236 65
65 236
236 234
234 236
65 70
70 65
65 66
66 65
65 234
234 65
66 70
70 66
66 69
69 66
66 232
232 66
66 233
233 66
66 67
67 66
66 234
234 66
241 243
243 241
241 73
73 241
241 74
74 241
241 242
242 241
241 75
75 241
241 72
72 241
241 244
244 241
233 67
67 233
233 68
68 233
233 232
232 233
233 69
69 233
233 234
234 233
233 235
235 233
233 72
72 233
233 70
70 233
67 232
232 67
67 69
69 67
67 234
234 67
67 235
235 67
67 71
71 67
67 72
72 67
67 76
76 67
67 68
68 67
68 232
232 68
68 69
69 68
68 234
234 68
68 72
72 68
232 69
69 232
232 234
234 232
232 72
72 232
232 235
235 232
232 70
70 232
69 234
234 69
69 70
70 69
69 235
235 69
69 76
76 69
69 75
75 69
69 72
72 69
234 70
70 234
234 235
235 234
234 72
72 234
234 75
75 234
234 76
76 234
234 71
71 234
70 235
235 70
70 76
76 70
70 71
71 70
70 88
88 70
70 75
75 70
70 82
82 70
70 72
72 70
70 245
245 70
235 72
72 235
235 242
242 235
235 75
75 235
235 76
76 235
235 71
71 235
235 244
244 235
71 76
76 71
71 72
72 71
71 244
244 71
72 76
76 72
72 75
75 72
72 242
242 72
72 243
243 72
72 73
73 72
72 244
244 72
246 248
248 246
246 79
79 246
246 80
80 246
246 247
247 246
246 81
81 246
246 78
78 246
246 249
249 246
243 73
73 243
243 74
74 243
243 242
242 243
243 75
75 243
243 244
244 243
243 245
245 243
243 78
78 243
243 76
76 243
73 242
242 73
73 75
75 73
73 244
244 73
73 245
245 73
73 77
77 73
73 78
78 73
73 82
82 73
73 74
74 73
74 242
242 74
74 75
75 74
74 244
244 74
74 78
78 74
242 75
75 242
242 244
244 242
242 78
78 242
242 245
245 242
242 76
76 242
75 244
244 75
75 76
76 75
75 245
245 75
75 82
82 75
75 81
81 75
75 78
78 75
244 76
76 244
244 245
245 244
244 78
78 244
244 81
81 244
244 82
82 244
244 77
77 244
76 245
245 76
76 82
82 76
76 77
77 76
76 88
88 76
76 81
81 76
76 78
78 76
76 250
250 76
245 78
78 245
245 247
247 245
245 81
81 245
245 82
82 245
245 77
77 245
245 249
249 245
77 82
82 77
77 78
78 77
77 249
249 77
78 82
82 78
78 81
81 78
78 249
249 78
78 247
247 78
78 248
248 78
78 79
79 78
251 253
253 251
251 85
85 251
251 86
86 251
251 252
252 251
251 87
87 251
251 84
84 251
251 254
254 251
248 79
79 248
248 80
80 248
248 247
247 248
248 81
81 248
248 249
249 248
248 250
250 248
248 84
84 248
248 82
82 248
79 247
247 79
79 81
81 79
79 249
249 79
79 250
250 79
79 83
83 79
79 84
84 79
79 88
88 79
79 80
80 79
80 247
247 80
80 81
81 80
80 249
249 80
80 84
84 80
247 81
81 247
247 249
249 247
247 84
84 247
247 250
250 247
247 82
82 247
81 249
249 81
81 82
82 81
81 250
250 81
81 88
88 81
81 87
87 81
81 84
84 81
249 82
82 249
249 250
250 249
249 84
84 249
249 87
87 249
249 88
88 249
249 83
83 249
82 250
250 82
82 88
88 82
82 83
83 82
82 87
87 82
82 84
84 82
82 255
255 82
250 84
84 250
250 252
252 250
250 87
87 250
250 88
88 250
250 83
83 250
250 254
254 250
83 84
84 83
83 88
88 83
83 254
254 83
84 88
88 84
84 87
87 84
84 252
252 84
84 253
253 84
84 85
85 84
84 254
254 84
240 90
90 240
253 85
85 253
253 86
86 253
253 252
252 253
253 87
87 253
253 254
254 253
253 255
255 253
253 90
90 253
253 88
88 253
85 252
252 85
85 87
87 85
85 254
254 85
85 255
255 85
85 89
89 85
85 90
90 85
85 86
86 85
86 252
252 86
86 87
87 86
86 254
254 86
86 90
90 86
252 87
87 252
252 254
254 252
252 90
90 252
252 255
255 252
252 88
88 252
87 254
254 87
87 88
88 87
87 255
255 87
87 90
90 87
254 88
88 254
254 255
255 254
254 90
90 254
254 89
89 254
88 255
255 88
88 89
89 88
88 90
90 88
255 90
90 255
255 89
89 255
89 90
90 89
256 258
258 256
256 97
97 256
256 98
98 256
256 257
257 256
256 99
99 256
256 96
96 256
256 259
259 256
263 91
91 263
263 92
92 263
263 264
264 263
263 93
93 263
263 262
262 263
263 261
261 263
263 96
96 263
263 265
265 263
263 120
120 263
263 94
94 263
263 169
169 263
91 264
264 91
91 93
93 91
91 262
262 91
91 261
261 91
91 95
95 91
91 169
169 91
91 173
173 91
91 174
174 91
91 120
120 91
91 324
324 91
91 325
325 91
91 96
96 91
91 265
265 91
91 100
100 91
91 92
92 91
92 264
264 92
92 265
265 92
92 93
93 92
92 262
262 92
92 96
96 92
264 93
93 264
264 262
262 264
264 265
265 264
264 96
96 264
264 120
120 264
264 169
169 264
264 174
174 264
264 280
280 264
264 261
261 264
264 94
94 264
93 262
262 93
93 94
94 93
93 261
261 93
93 280
280 93
93 120
120 93
93 118
118 93
93 100
100 93
93 279
279 93
93 117
117 93
93 99
99 93
93 96
96 93
93 265
265 93
262 94
94 262
262 261
261 262
262 96
96 262
262 99
99 262
262 265
265 262
262 120
120 262
262 100
100 262
262 95
95 262
262 173
173 262
262 280
280 262
262 119
119 262
94 261
261 94
94 100
100 94
94 279
279 94
94 118
118 94
94 280
280 94
94 119
119 94
94 120
120 94
94 115
115 94
94 95
95 94
94 112
112 94
94 117
117 94
94 99
99 94
94 106
106 94
94 96
96 94
94 260
260 94
261 96
96 261
261 257
257 261
261 99
99 261
261 100
100 261
261 118
118 261
261 95
95 261
261 259
259 261
261 173
173 261
95 173
173 95
95 169
169 95
95 325
325 95
95 100
100 95
95 96
96 95
95 259
259 95
96 100
100 96
96 99
99 96
96 257
257 96
96 258
258 96
96 97
97 96
96 259
259 96
266 268
268 266
266 103
103 266
266 104
104 266
266 267
267 266
266 105
105 266
266 102
102 266
266 269
269 266
258 97
97 258
258 98
98 258
258 257
257 258
258 99
99 258
258 259
259 258
258 260
260 258
258 102
102 258
258 100
100 258
97 257
257 97
97 99
99 97
97 259
259 97
97 260
260 97
97 101
101 97
97 102
102 97
97 106
106 97
97 98
98 97
98 257
257 98
98 99
99 98
98 259
259 98
98 102
102 98
257 99
99 257
257 259
259 257
257 102
102 257
257 260
260 257
257 100
100 257
99 259
259 99
99 100
100 99
99 260
260 99
99 106
106 99
99 105
105 99
99 102
102 99
259 100
100 259
259 260
260 259
259 102
102 259
259 105
105 259
259 106
106 259
259 101
101 259
100 260
260 100
100 106
106 100
100 101
101 100
100 118
118 100
100 105
105 100
100 112
112 100
100 102
102 100
100 270
270 100
260 102
102 260
260 267
267 260
260 105
105 260
260 106
106 260
260 101
101 260
260 269
269 260
101 106
106 101
101 102
102 101
101 269
269 101
102 106
106 102
102 105
105 102
102 267
267 102
102 268
268 102
102 103
103 102
102 269
269 102
271 273
273 271
271 109
109 271
271 110
110 271
271 272
272 271
271 111
111 271
271 108
108 271
271 274
274 271
268 103
103 268
268 104
104 268
268 267
267 268
268 105
105 268
268 269
269 268
268 270
270 268
268 108
108 268
268 106
106 268
103 267
267 103
103 105
105 103
103 269
269 103
103 270
270 103
103 107
107 103
103 108
108 103
103 112
112 103
103 104
104 103
104 267
267 104
104 105
105 104
104 269
269 104
104 108
108 104
267 105
105 267
267 269
269 267
267 108
108 267
267 270
270 267
267 106
106 267
105 269
269 105
105 106
106 105
105 270
270 105
105 112
112 105
105 111
111 105
105 108
108 105
269 106
106 269
269 270
270 269
269 108
108 269
269 111
111 269
269 112
112 269
269 107
107 269
106 270
270 106
106 112
112 106
106 107
107 106
106 111
111 106
106 118
118 106
106 108
108 106
106 275
275 106
270 108
108 270
270 272
272 270
270 111
111 270
270 112
112 270
270 107
107 270
270 274
274 270
107 112
112 107
107 108
108 107
107 274
274 107
108 112
112 108
108 111
111 108
108 272
272 108
108 273
273 108
108 109
109 108
108 274
274 108
276 278
278 276
276 115
115 276
276 116
116 276
276 277
277 276
276 117
117 276
276 114
114 276
276 279
279 276
276 145
145 276
273 109
109 273
273 110
110 273
273 272
272 273
273 111
111 273
273 274
274 273
273 275
275 273
273 114
114 273
273 112
112 273
109 272
272 109
109 111
111 109
109 274
274 109
109 275
275 109
109 113
113 109
109 121
121 109
109 125
125 109
109 114
114 109
109 118
118 109
109 110
110 109
109 289
289 109
109 150
150 109
109 290
290 109
109 288
288 109
109 145
145 109
109 123
123 109
110 272
272 110
110 111
111 110
110 274
274 110
110 114
114 110
272 111
111 272
272 274
274 272
272 114
114 272
272 275
275 272
272 112
112 272
111 274
274 111
111 112
112 111
111 275
275 111
111 118
118 111
111 117
117 111
111 114
114 111
274 112
112 274
274 275
275 274
274 114
114 274
274 117
117 274
274 118
118 274
274 113
113 274
274 121
121 274
112 275
275 112
112 118
118 112
112 113
113 112
112 117
117 112
112 114
114 112
112 280
280 112
275 114
114 275
275 277
277 275
275 117
117 275
275 118
118 275
275 113
113 275
275 279
279 275
275 121
121 275
275 125
125 275
113 125
125 113
113 121
121 113
113 287
287 113
113 286
286 113
113 114
114 113
113 118
118 113
113 149
149 113
113 279
279 113
114 118
118 114
114 121
121 114
114 117
117 114
114 150
150 114
114 277
277 114
114 145
145 114
114 278
278 114
114 115
115 114
114 279
279 114
265 120
120 265
265 169
169 265
278 115
115 278
278 116
116 278
278 277
277 278
278 117
117 278
278 279
279 278
278 280
280 278
278 120
120 278
278 118
118 278
278 145
145 278
115 277
277 115
115 117
117 115
115 279
279 115
115 280
280 115
115 119
119 115
115 145
145 115
115 149
149 115
115 150
150 115
115 175
175 115
115 179
179 115
115 304
304 115
115 305
305 115
115 120
120 115
115 327
327 115
115 116
116 115
115 174
174 115
115 326
326 115
115 328
328 115
115 169
169 115
115 177
177 115
116 277
277 116
116 117
117 116
116 279
279 116
116 120
120 116
277 117
117 277
277 279
279 277
277 120
120 277
277 145
145 277
277 280
280 277
277 118
118 277
117 279
279 117
117 118
118 117
117 280
280 117
117 120
120 117
279 118
118 279
279 280
280 279
279 120
120 279
279 119
119 279
279 149
149 279
279 175
175 279
118 280
280 118
118 119
119 118
118 120
120 118
280 120
120 280
280 119
119 280
280 175
175 280
280 179
179 280
280 149
149 280
119 149
149 119
119 175
175 119
119 179
179 119
119 145
145 119
119 305
305 119
119 329
329 119
119 330
330 119
119 120
120 119
119 173
173 119
120 175
175 120
120 174
174 120
120 327
327 120
120 169
169 120
281 283
283 281
281 127
127 281
281 128
128 281
281 282
282 281
281 129
129 281
281 126
126 281
281 284
284 281
288 121
121 288
288 122
122 288
288 289
289 288
288 123
123 288
288 287
287 288
288 286
286 288
288 126
126 288
288 290
290 288
288 150
150 288
288 124
124 288
121 289
289 121
121 123
123 121
121 287
287 121
121 286
286 121
121 125
125 121
121 150
150 121
121 126
126 121
121 290
290 121
121 130
130 121
121 122
122 121
122 289
289 122
122 290
290 122
122 123
123 122
122 287
287 122
122 126
126 122
289 123
123 289
289 287
287 289
289 290
290 289
289 126
126 289
289 150
150 289
289 305
305 289
289 286
286 289
289 124
124 289
123 287
287 123
123 124
124 123
123 286
286 123
123 305
305 123
123 150
150 123
123 148
148 123
123 130
130 123
123 304
304 123
123 147
147 123
123 129
129 123
123 126
126 123
123 290
290 123
287 124
124 287
287 286
286 287
287 126
126 287
287 129
129 287
287 290
290 287
287 150
150 287
287 130
130 287
287 125
125 287
287 305
305 287
287 149
149 287
124 286
286 124
124 130
130 124
124 304
304 124
124 148
148 124
124 305
305 124
124 149
149 124
124 150
150 124
124 145
145 124
124 147
147 124
124 125
125 124
124 142
142 124
124 129
129 124
124 136
136 124
124 126
126 124
124 285
285 124
286 126
126 286
286 282
282 286
286 129
129 286
286 130
130 286
286 148
148 286
286 125
125 286
286 284
284 286
125 130
130 125
125 126
126 125
125 284
284 125
126 130
130 126
126 129
129 126
126 282
282 126
126 283
283 126
126 127
127 126
126 284
284 126
291 293
293 291
291 133
133 291
291 134
134 291
291 292
292 291
291 135
135 291
291 132
132 291
291 294
294 291
283 127
127 283
283 128
128 283
283 282
282 283
283 129
129 283
283 284
284 283
283 285
285 283
283 132
132 283
283 130
130 283
127 282
282 127
127 129
129 127
127 284
284 127
127 285
285 127
127 131
131 127
127 132
132 127
127 136
136 127
127 128
128 127
128 282
282 128
128 129
129 128
128 284
284 128
128 132
132 128
282 129
129 282
282 284
284 282
282 132
132 282
282 285
285 282
282 130
130 282
129 284
284 129
129 130
130 129
129 285
285 129
129 136
136 129
129 135
135 129
129 132
132 129
284 130
130 284
284 285
285 284
284 132
132 284
284 135
135 284
284 136
136 284
284 131
131 284
130 285
285 130
130 136
136 130
130 131
131 130
130 142
142 130
130 148
148 130
130 135
135 130
130 132
132 130
130 295
295 130
285 132
132 285
285 292
292 285
285 135
135 285
285 136
136 285
285 131
131 285
285 294
294 285
131 136
136 131
131 132
132 131
131 294
294 131
132 136
136 132
132 135
135 132
132 294
294 132
132 292
292 132
132 293
293 132
132 133
133 132
296 298
298 296
296 139
139 296
296 140
140 296
296 297
297 296
296 141
141 296
296 138
138 296
296 299
299 296
293 133
133 293
293 134
134 293
293 292
292 293
293 135
135 293
293 294
294 293
293 295
295 293
293 138
138 293
293 136
136 293
133 292
292 133
133 135
135 133
133 294
294 133
133 295
295 133
133 137
137 133
133 138
138 133
133 142
142 133
133 134
134 133
134 292
292 134
134 135
135 134
134 294
294 134
134 138
138 134
292 135
135 292
292 294
294 292
292 138
138 292
292 295
295 292
292 136
136 292
135 294
294 135
135 136
136 135
135 295
295 135
135 142
142 135
135 141
141 135
135 138
138 135
294 136
136 294
294 295
295 294
294 138
138 294
294 141
141 294
294 142
142 294
294 137
137 294
136 295
295 136
136 142
142 136
136 137
137 136
136 141
141 136
136 148
148 136
136 138
138 136
136 300
300 136
295 138
138 295
295 297
297 295
295 141
141 295
295 142
142 295
295 137
137 295
295 299
299 295
137 142
142 137
137 138
138 137
137 299
299 137
138 142
142 138
138 141
141 138
138 297
297 138
138 298
298 138
138 139
139 138
138 299
299 138
301 303
303 301
301 145
145 301
301 146
146 301
301 302
302 301
301 147
147 301
301 144
144 301
301 175
175 301
301 304
304 301
298 139
139 298
298 140
140 298
298 297
297 298
298 141
141 298
298 299
299 298
298 300
300 298
298 144
144 298
298 142
142 298
139 297
297 139
139 141
141 139
139 299
299 139
139 300
300 139
139 143
143 139
139 151
151 139
139 155
155 139
139 144
144 139
139 148
148 139
139 140
140 139
139 314
314 139
139 180
180 139
139 315
315 139
139 313
313 139
139 175
175 139
140 297
297 140
140 141
141 140
140 299
299 140
140 144
144 140
297 141
141 297
297 299
299 297
297 144
144 297
297 300
300 297
297 142
142 297
141 299
299 141
141 142
142 141
141 300
300 141
141 148
148 141
141 147
147 141
141 144
144 141
299 142
142 299
299 300
300 299
299 144
144 299
299 147
147 299
299 148
148 299
299 143
143 299
299 151
151 299
142 300
300 142
142 148
148 142
142 143
143 142
142 147
147 142
142 144
144 142
142 305
305 142
300 144
144 300
300 302
302 300
300 147
147 300
300 148
148 300
300 143
143 300
300 304
304 300
300 151
151 300
300 155
155 300
143 151
151 143
143 155
155 143
143 312
312 143
143 311
311 143
143 148
148 143
143 144
144 143
143 179
179 143
143 304
304 143
144 148
148 144
144 151
151 144
144 147
147 144
144 304
304 144
144 180
180 144
144 314
314 144
144 302
302 144
144 175
175 144
144 303
303 144
144 145
145 144
290 150
150 290
303 145
145 303
303 146
146 303
303 302
302 303
303 147
147 303
303 304
304 303
303 305
305 303
303 150
150 303
303 148
148 303
303 175
175 303
145 302
302 145
145 147
147 145
145 304
304 145
145 305
305 145
145 149
149 145
145 175
175 145
145 179
179 145
145 180
180 145
145 329
329 145
145 330
330 145
145 150
150 145
145 146
146 145
146 302
302 146
146 147
147 146
146 304
304 146
146 150
150 146
302 147
147 302
302 304
304 302
302 150
150 302
302 175
175 302
302 180
180 302
302 305
305 302
302 148
148 302
147 304
304 147
147 148
148 147
147 305
305 147
147 175
175 147
147 150
150 147
304 148
148 304
304 305
305 304
304 150
150 304
304 149
149 304
304 179
179 304
148 305
305 148
148 149
149 148
148 150
150 148
305 150
150 305
305 149
149 305
305 179
179 305
149 179
179 149
149 175
175 149
149 330
330 149
149 150
150 149
306 308
308 306
306 157
157 306
306 158
158 306
306 307
307 306
306 159
159 306
306 156
156 306
306 309
309 306
313 151
151 313
313 152
152 313
313 314
314 313
313 153
153 313
313 312
312 313
313 311
311 313
313 156
156 313
313 315
315 313
313 154
154 313
313 180
180 313
151 314
314 151
151 153
153 151
151 312
312 151
151 311
311 151
151 155
155 151
151 180
180 151
151 156
156 151
151 315
315 151
151 160
160 151
151 152
152 151
152 314
314 152
152 315
315 152
152 153
153 152
152 312
312 152
152 156
156 152
314 153
153 314
314 312
312 314
314 315
315 314
314 156
156 314
314 180
180 314
314 330
330 314
314 311
311 314
314 154
154 314
153 312
312 153
153 154
154 153
153 311
311 153
153 330
330 153
153 180
180 153
153 178
178 153
153 160
160 153
153 329
329 153
153 177
177 153
153 159
159 153
153 156
156 153
153 315
315 153
312 154
154 312
312 311
311 312
312 156
156 312
312 159
159 312
312 315
315 312
312 160
160 312
312 155
155 312
312 330
330 312
312 180
180 312
312 179
179 312
154 311
311 154
154 160
160 154
154 329
329 154
154 178
178 154
154 330
330 154
154 179
179 154
154 180
180 154
154 175
175 154
154 177
177 154
154 155
155 154
154 172
172 154
154 159
159 154
154 166
166 154
154 156
156 154
154 310
310 154
311 156
156 311
311 307
307 311
311 159
159 311
311 160
160 311
311 178
178 311
311 155
155 311
311 309
309 311
155 156
156 155
155 160
160 155
155 309
309 155
156 160
160 156
156 159
159 156
156 307
307 156
156 308
308 156
156 157
157 156
156 309
309 156
316 318
318 316
316 163
163 316
316 164
164 316
316 317
317 316
316 165
165 316
316 162
162 316
316 319
319 316
308 157
157 308
308 158
158 308
308 307
307 308
308 159
159 308
308 309
309 308
308 310
310 308
308 162
162 308
308 160
160 308
157 307
307 157
157 159
159 157
157 309
309 157
157 310
310 157
157 161
161 157
157 162
162 157
157 166
166 157
157 158
158 157
158 307
307 158
158 159
159 158
158 309
309 158
158 162
162 158
307 159
159 307
307 309
309 307
307 162
162 307
307 310
310 307
307 160
160 307
159 309
309 159
159 160
160 159
159 310
310 159
159 166
166 159
159 165
165 159
159 162
162 159
309 160
160 309
309 310
310 309
309 162
162 309
309 165
165 309
309 166
166 309
309 161
161 309
160 310
310 160
160 166
166 160
160 161
161 160
160 172
172 160
160 178
178 160
160 165
165 160
160 162
162 160
160 320
320 160
310 162
162 310
310 317
317 310
310 165
165 310
310 166
166 310
310 161
161 310
310 319
319 310
161 166
166 161
161 162
162 161
161 319
319 161
162 166
166 162
162 165
165 162
162 319
319 162
162 317
317 162
162 318
318 162
162 163
163 162
321 323
323 321
321 169
169 321
321 170
170 321
321 322
322 321
321 171
171 321
321 168
168 321
321 324
324 321
318 163
163 318
318 164
164 318
318 317
317 318
318 165
165 318
318 319
319 318
318 320
320 318
318 168
168 318
318 166
166 318
163 317
317 163
163 165
165 163
163 319
319 163
163 320
320 163
163 167
167 163
163 168
168 163
163 172
172 163
163 164
164 163
164 317
317 164
164 165
165 164
164 319
319 164
164 168
168 164
317 165
165 317
317 319
319 317
317 168
168 317
317 320
320 317
317 166
166 317
165 319
319 165
165 166
166 165
165 320
320 165
165 172
172 165
165 171
171 165
165 168
168 165
319 166
166 319
319 320
320 319
319 168
168 319
319 171
171 319
319 172
172 319
319 167
167 319
166 320
320 166
166 172
172 166
166 167
167 166
166 178
178 166
166 171
171 166
166 168
168 166
166 325
325 166
320 168
168 320
320 322
322 320
320 171
171 320
320 172
172 320
320 167
167 320
320 324
324 320
167 172
172 167
167 168
168 167
167 324
324 167
168 172
172 168
168 171
171 168
168 322
322 168
168 323
323 168
168 169
169 168
168 324
324 168
326 328
328 326
326 175
175 326
326 176
176 326
326 327
327 326
326 177
177 326
326 174
174 326
326 329
329 326
323 169
169 323
323 170
170 323
323 322
322 323
323 171
171 323
323 324
324 323
323 325
325 323
323 174
174 323
323 172
172 323
169 322
322 169
169 171
171 169
169 324
324 169
169 325
325 169
169 173
173 169
169 174
174 169
169 178
178 169
169 170
170 169
170 322
322 170
170 171
171 170
170 324
324 170
170 174
174 170
322 171
171 322
322 324
324 322
322 174
174 322
322 325
325 322
322 172
172 322
171 324
324 171
171 172
172 171
171 325
325 171
171 178
178 171
171 177
177 171
171 174
174 171
324 172
172 324
324 325
325 324
324 174
174 324
324 177
177 324
324 178
178 324
324 173
173 324
172 325
325 172
172 178
178 172
172 173
173 172
172 177
177 172
172 174
174 172
172 330
330 172
325 174
174 325
325 327
327 325
325 177
177 325
325 178
178 325
325 173
173 325
325 329
329 325
173 174
174 173
173 178
178 173
173 329
329 173
174 178
178 174
174 177
177 174
174 327
327 174
174 328
328 174
174 175
175 174
174 329
329 174
315 180
180 315
328 175
175 328
328 176
176 328
328 327
327 328
328 177
177 328
328 329
329 328
328 330
330 328
328 180
180 328
328 178
178 328
175 327
327 175
175 177
177 175
175 329
329 175
175 330
330 175
175 179
179 175
175 180
180 175
175 176
176 175
176 327
327 176
176 177
177 176
176 329
329 176
176 180
180 176
327 177
177 327
327 329
329 327
327 180
180 327
327 330
330 327
327 178
178 327
177 329
329 177
177 178
178 177
177 330
330 177
177 180
180 177
329 178
178 329
329 330
330 329
329 180
180 329
329 179
179 329
178 330
330 178
178 179
179 178
178 180
180 178
330 180
180 330
330 179
179 330
179 180
180 179
