209
1 7
7 1
1 15
15 1
1 55
55 1
1 56
56 1
1 53
53 1
1 12
12 1
1 54
54 1
1 121
121 1
1 2
2 1
1 120
120 1
1 123
123 1
1 125
125 1
1 4
4 1
2 7
7 2
2 14
14 2
2 15
15 2
2 4
4 2
2 3
3 2
2 125
125 2
3 4
4 3
3 7
7 3
3 14
14 3
3 15
15 3
3 8
8 3
4 111
111 4
4 112
112 4
4 8
8 4
4 7
7 4
4 9
9 4
4 121
121 4
4 120
120 4
4 122
122 4
111 112
112 111
111 120
120 111
111 121
121 111
111 9
9 111
111 10
10 111
111 42
42 111
111 8
8 111
111 48
48 111
111 13
13 111
111 119
119 111
111 114
114 111
111 115
115 111
111 5
5 111
111 113
113 111
113 115
115 113
113 117
117 113
113 118
118 113
113 119
119 113
113 6
6 113
113 114
114 113
113 112
112 113
113 116
116 113
115 118
118 115
115 119
119 115
115 114
114 115
115 112
112 115
115 117
117 115
115 5
5 115
115 116
116 115
115 6
6 115
116 117
117 116
116 118
118 116
116 6
6 116
116 114
114 116
116 119
119 116
116 5
5 116
117 5
5 117
117 118
118 117
117 119
119 117
117 6
6 117
117 114
114 117
5 118
118 5
5 119
119 5
5 8
8 5
5 13
13 5
5 9
9 5
5 6
6 5
5 114
114 5
118 119
119 118
118 6
6 118
118 114
114 118
118 112
112 118
119 114
114 119
119 112
112 119
119 6
6 119
6 114
114 6
114 112
112 114
112 8
8 112
112 9
9 112
112 42
42 112
112 121
121 112
112 7
7 112
112 122
122 112
112 123
123 112
112 120
120 112
112 10
10 112
112 13
13 112
120 122
122 120
120 7
7 120
120 121
121 120
120 9
9 120
120 15
15 120
120 11
11 120
120 123
123 120
120 10
10 120
122 121
121 122
122 9
9 122
122 11
11 122
122 123
123 122
122 13
13 122
122 15
15 122
122 19
19 122
122 43
43 122
122 12
12 122
122 10
10 122
122 44
44 122
122 48
48 122
122 42
42 122
122 7
7 122
122 125
125 122
122 8
8 122
7 8
8 7
7 123
123 7
7 14
14 7
7 121
121 7
7 15
15 7
7 125
125 7
7 13
13 7
7 9
9 7
7 12
12 7
121 11
11 121
121 123
123 121
121 15
15 121
121 9
9 121
121 13
13 121
121 10
10 121
121 8
8 121
8 9
9 8
8 13
13 8
8 123
123 8
9 123
123 9
9 13
13 9
9 10
10 9
9 125
125 9
9 11
11 9
9 48
48 9
9 20
20 9
10 11
11 10
10 13
13 10
10 48
48 10
10 42
42 10
10 45
45 10
10 123
123 10
10 20
20 10
10 44
44 10
10 34
34 10
11 123
123 11
11 13
13 11
11 19
19 11
11 20
20 11
11 34
34 11
11 44
44 11
11 45
45 11
11 48
48 11
11 43
43 11
11 42
42 11
11 23
23 11
11 137
137 11
11 15
15 11
123 13
13 123
123 19
19 123
123 20
20 123
123 44
44 123
123 48
48 123
123 15
15 123
123 12
12 123
123 125
125 123
123 124
124 123
123 16
16 123
124 12
12 124
124 125
125 124
124 15
15 124
124 13
13 124
124 20
20 124
124 16
16 124
12 13
13 12
12 125
125 12
12 15
15 12
12 16
16 12
12 19
19 12
12 20
20 12
13 125
125 13
13 20
20 13
13 15
15 13
13 16
16 13
13 21
21 13
13 19
19 13
13 48
48 13
125 15
15 125
125 20
20 125
125 14
14 125
14 15
15 14
15 19
19 15
15 55
55 15
15 56
56 15
15 18
18 15
16 18
18 16
16 19
19 16
16 20
20 16
16 23
23 16
16 176
176 16
16 175
175 16
16 79
79 16
16 80
80 16
16 21
21 16
16 17
17 16
16 22
22 16
16 90
90 16
17 18
18 17
17 21
21 17
17 22
22 17
17 23
23 17
17 79
79 17
17 176
176 17
17 90
90 17
18 21
21 18
18 23
23 18
18 79
79 18
18 126
126 18
18 175
175 18
18 33
33 18
18 127
127 18
18 32
32 18
18 20
20 18
18 176
176 18
18 80
80 18
18 19
19 18
18 34
34 18
18 62
62 18
18 51
51 18
18 137
137 18
18 145
145 18
18 50
50 18
18 43
43 18
19 43
43 19
19 50
50 19
19 51
51 19
19 137
137 19
19 65
65 19
19 42
42 19
19 66
66 19
19 136
136 19
19 34
34 19
19 44
44 19
19 23
23 19
19 48
48 19
19 20
20 19
19 33
33 19
19 138
138 19
20 23
23 20
20 34
34 20
20 45
45 20
20 33
33 20
20 48
48 20
20 21
21 20
21 23
23 21
21 22
22 21
21 79
79 21
22 23
23 22
23 126
126 23
23 32
32 23
23 33
33 23
23 36
36 23
23 79
79 23
23 34
34 23
23 137
137 23
23 138
138 23
23 43
43 23
23 45
45 23
24 30
30 24
24 39
39 24
24 70
70 24
24 71
71 24
24 68
68 24
24 35
35 24
24 69
69 24
24 136
136 24
24 25
25 24
24 135
135 24
24 138
138 24
24 140
140 24
24 27
27 24
25 30
30 25
25 38
38 25
25 39
39 25
25 27
27 25
25 26
26 25
25 140
140 25
26 27
27 26
26 30
30 26
26 38
38 26
26 39
39 26
26 37
37 26
26 31
31 26
27 126
126 27
27 127
127 27
27 31
31 27
27 30
30 27
27 32
32 27
27 136
136 27
27 135
135 27
27 137
137 27
126 127
127 126
126 135
135 126
126 136
136 126
126 32
32 126
126 33
33 126
126 31
31 126
126 36
36 126
126 134
134 126
126 129
129 126
126 130
130 126
126 28
28 126
126 128
128 126
126 37
37 126
128 130
130 128
128 132
132 128
128 133
133 128
128 134
134 128
128 29
29 128
128 129
129 128
128 127
127 128
128 131
131 128
130 133
133 130
130 134
134 130
130 129
129 130
130 127
127 130
130 132
132 130
130 28
28 130
130 131
131 130
130 29
29 130
131 132
132 131
131 133
133 131
131 29
29 131
131 129
129 131
131 134
134 131
131 28
28 131
132 28
28 132
132 133
133 132
132 134
134 132
132 29
29 132
132 129
129 132
28 133
133 28
28 134
134 28
28 31
31 28
28 36
36 28
28 32
32 28
28 37
37 28
28 29
29 28
28 129
129 28
133 134
134 133
133 29
29 133
133 129
129 133
133 127
127 133
133 37
37 133
134 129
129 134
134 127
127 134
134 29
29 134
134 37
37 134
29 129
129 29
29 37
37 29
129 127
127 129
127 31
31 127
127 32
32 127
127 136
136 127
127 30
30 127
127 137
137 127
127 33
33 127
127 138
138 127
127 36
36 127
127 135
135 127
135 137
137 135
135 30
30 135
135 136
136 135
135 32
32 135
135 39
39 135
135 34
34 135
135 33
33 135
135 138
138 135
137 136
136 137
137 34
34 137
137 138
138 137
137 39
39 137
137 43
43 137
137 42
42 137
137 44
44 137
137 33
33 137
137 32
32 137
137 36
36 137
137 35
35 137
137 30
30 137
137 140
140 137
137 31
31 137
30 31
31 30
30 138
138 30
30 37
37 30
30 38
38 30
30 136
136 30
30 39
39 30
30 140
140 30
30 36
36 30
30 32
32 30
136 34
34 136
136 138
138 136
136 39
39 136
136 43
43 136
136 42
42 136
136 35
35 136
136 32
32 136
136 36
36 136
136 33
33 136
136 31
31 136
31 32
32 31
31 36
36 31
31 138
138 31
31 37
37 31
32 138
138 32
32 36
36 32
32 33
33 32
32 140
140 32
32 34
34 32
32 45
45 32
33 34
34 33
33 36
36 33
33 138
138 33
33 45
45 33
34 138
138 34
34 36
36 34
34 43
43 34
34 45
45 34
34 44
44 34
34 48
48 34
34 39
39 34
138 36
36 138
138 43
43 138
138 44
44 138
138 45
45 138
138 39
39 138
138 35
35 138
138 140
140 138
138 139
139 138
138 40
40 138
139 35
35 139
139 140
140 139
139 39
39 139
139 36
36 139
139 37
37 139
139 45
45 139
139 40
40 139
35 36
36 35
35 140
140 35
35 39
39 35
35 40
40 35
35 43
43 35
35 44
44 35
35 45
45 35
36 140
140 36
36 45
45 36
36 39
39 36
36 40
40 36
36 46
46 36
36 43
43 36
36 44
44 36
140 39
39 140
140 45
45 140
140 37
37 140
140 38
38 140
37 38
38 37
38 39
39 38
39 43
43 39
39 70
70 39
39 71
71 39
39 42
42 39
40 42
42 40
40 43
43 40
40 44
44 40
40 45
45 40
40 48
48 40
40 193
193 40
40 192
192 40
40 95
95 40
40 46
46 40
40 96
96 40
40 41
41 40
40 47
47 40
40 106
106 40
41 42
42 41
41 46
46 41
41 47
47 41
41 48
48 41
41 95
95 41
41 193
193 41
41 106
106 41
42 46
46 42
42 48
48 42
42 95
95 42
42 192
192 42
42 45
45 42
42 193
193 42
42 96
96 42
42 43
43 42
42 44
44 42
42 77
77 42
42 66
66 42
42 162
162 42
42 65
65 42
43 65
65 43
43 66
66 43
43 50
50 43
43 51
51 43
43 44
44 43
43 48
48 43
43 45
45 43
44 45
45 44
44 48
48 44
45 48
48 45
45 46
46 45
46 48
48 46
46 47
47 46
46 95
95 46
47 48
48 47
48 95
95 48
141 49
49 141
141 142
142 141
141 61
61 141
141 144
144 141
141 143
143 141
141 50
50 141
141 145
145 141
141 146
146 141
141 51
51 141
141 57
57 141
49 142
142 49
49 50
50 49
49 143
143 49
49 57
57 49
49 64
64 49
49 145
145 49
49 51
51 49
49 61
61 49
49 146
146 49
49 58
58 49
49 144
144 49
142 61
61 142
142 143
143 142
142 146
146 142
142 50
50 142
142 144
144 142
142 57
57 142
50 143
143 50
50 51
51 50
50 57
57 50
50 145
145 50
50 144
144 50
50 53
53 50
50 55
55 50
50 65
65 50
50 62
62 50
50 61
61 50
143 51
51 143
143 145
145 143
143 144
144 143
143 61
61 143
143 146
146 143
143 62
62 143
143 57
57 143
143 150
150 143
143 157
157 143
143 53
53 143
143 149
149 143
51 145
145 51
51 150
150 51
51 53
53 51
51 57
57 51
51 149
149 51
51 157
157 51
51 144
144 51
51 62
62 51
51 148
148 51
51 58
58 51
51 63
63 51
51 80
80 51
51 55
55 51
51 94
94 51
145 144
144 145
145 61
61 145
145 62
62 145
145 146
146 145
145 94
94 145
145 157
157 145
145 63
63 145
145 150
150 145
145 57
57 145
145 149
149 145
145 58
58 145
150 57
57 150
150 149
149 150
150 157
157 150
150 144
144 150
150 146
146 150
150 62
62 150
150 94
94 150
150 60
60 150
150 58
58 150
150 53
53 150
150 151
151 150
150 52
52 150
150 148
148 150
150 152
152 150
150 55
55 150
150 59
59 150
52 53
53 52
52 54
54 52
52 55
55 52
52 149
149 52
52 151
151 52
52 152
152 52
52 60
60 52
52 148
148 52
52 157
157 52
52 147
147 52
52 57
57 52
148 53
53 148
148 55
55 148
148 147
147 148
148 56
56 148
148 57
57 148
148 149
149 148
148 151
151 148
148 54
54 148
148 58
58 148
53 55
55 53
53 147
147 53
53 57
57 53
53 149
149 53
53 157
157 53
53 54
54 53
53 56
56 53
53 62
62 53
53 63
63 53
53 151
151 53
53 60
60 53
54 55
55 54
54 149
149 54
54 147
147 54
54 56
56 54
55 56
56 55
55 147
147 55
55 149
149 55
55 151
151 55
55 57
57 55
147 56
56 147
147 57
57 147
147 149
149 147
56 57
57 56
56 149
149 56
57 149
149 57
57 58
58 57
57 151
151 57
57 157
157 57
57 144
144 57
57 59
59 57
57 152
152 57
149 151
151 149
149 152
152 149
149 58
58 149
149 60
60 149
149 157
157 149
149 59
59 149
149 144
144 149
149 146
146 149
58 59
59 58
58 151
151 58
58 152
152 58
58 60
60 58
58 157
157 58
59 151
151 59
59 60
60 59
59 152
152 59
151 152
152 151
151 60
60 151
151 157
157 151
152 60
60 152
60 157
157 60
157 62
62 157
157 63
63 157
157 94
94 157
157 144
144 157
157 146
146 157
144 61
61 144
144 146
146 144
144 62
62 144
144 63
63 144
61 146
146 61
61 62
62 61
146 62
62 146
146 94
94 146
62 63
63 62
62 94
94 62
62 80
80 62
62 81
81 62
62 93
93 62
63 80
80 63
63 81
81 63
63 94
94 63
158 64
64 158
158 159
159 158
158 76
76 158
158 161
161 158
158 160
160 158
158 65
65 158
158 162
162 158
158 163
163 158
158 66
66 158
158 72
72 158
64 159
159 64
64 65
65 64
64 160
160 64
64 72
72 64
64 162
162 64
64 66
66 64
64 76
76 64
64 163
163 64
64 73
73 64
64 161
161 64
159 76
76 159
159 160
160 159
159 163
163 159
159 65
65 159
159 161
161 159
159 72
72 159
65 160
160 65
65 66
66 65
65 72
72 65
65 162
162 65
65 161
161 65
65 68
68 65
65 70
70 65
65 77
77 65
65 76
76 65
160 66
66 160
160 162
162 160
160 161
161 160
160 76
76 160
160 163
163 160
160 77
77 160
160 72
72 160
160 167
167 160
160 174
174 160
160 68
68 160
160 166
166 160
66 162
162 66
66 167
167 66
66 68
68 66
66 72
72 66
66 166
166 66
66 174
174 66
66 161
161 66
66 77
77 66
66 165
165 66
66 73
73 66
66 78
78 66
66 96
96 66
66 70
70 66
66 110
110 66
162 161
161 162
162 76
76 162
162 77
77 162
162 163
163 162
162 110
110 162
162 174
174 162
162 78
78 162
162 167
167 162
162 72
72 162
162 166
166 162
162 73
73 162
167 72
72 167
167 166
166 167
167 174
174 167
167 161
161 167
167 163
163 167
167 77
77 167
167 110
110 167
167 75
75 167
167 73
73 167
167 68
68 167
167 168
168 167
167 67
67 167
167 165
165 167
167 169
169 167
167 70
70 167
167 74
74 167
67 68
68 67
67 69
69 67
67 70
70 67
67 166
166 67
67 168
168 67
67 169
169 67
67 75
75 67
67 165
165 67
67 174
174 67
67 164
164 67
67 72
72 67
165 68
68 165
165 70
70 165
165 164
164 165
165 71
71 165
165 72
72 165
165 166
166 165
165 168
168 165
165 69
69 165
165 73
73 165
68 70
70 68
68 164
164 68
68 72
72 68
68 166
166 68
68 174
174 68
68 69
69 68
68 71
71 68
68 77
77 68
68 78
78 68
68 168
168 68
68 75
75 68
69 70
70 69
69 166
166 69
69 164
164 69
69 71
71 69
70 71
71 70
70 164
164 70
70 166
166 70
70 168
168 70
70 72
72 70
164 71
71 164
164 72
72 164
164 166
166 164
71 72
72 71
71 166
166 71
72 166
166 72
72 73
73 72
72 168
168 72
72 174
174 72
72 161
161 72
72 74
74 72
72 169
169 72
166 168
168 166
166 169
169 166
166 73
73 166
166 75
75 166
166 174
174 166
166 74
74 166
166 161
161 166
166 163
163 166
73 74
74 73
73 168
168 73
73 169
169 73
73 75
75 73
73 174
174 73
74 168
168 74
74 75
75 74
74 169
169 74
168 169
169 168
168 75
75 168
168 174
174 168
169 75
75 169
75 174
174 75
174 77
77 174
174 78
78 174
174 110
110 174
174 161
161 174
174 163
163 174
161 76
76 161
161 163
163 161
161 77
77 161
161 78
78 161
76 163
163 76
76 77
77 76
163 77
77 163
163 110
110 163
77 78
78 77
77 110
110 77
77 96
96 77
77 97
97 77
77 109
109 77
78 96
96 78
78 97
97 78
78 110
110 78
175 79
79 175
175 176
176 175
175 177
177 175
175 178
178 175
175 90
90 175
175 80
80 175
175 179
179 175
175 180
180 175
175 81
81 175
175 86
86 175
175 94
94 175
79 176
176 79
79 80
80 79
79 177
177 79
79 86
86 79
79 81
81 79
79 179
179 79
79 90
90 79
79 180
180 79
79 178
178 79
176 90
90 176
176 177
177 176
176 178
178 176
176 180
180 176
176 179
179 176
176 80
80 176
176 86
86 176
176 94
94 176
80 177
177 80
80 81
81 80
80 86
86 80
80 94
94 80
80 178
178 80
80 93
93 80
80 83
83 80
80 179
179 80
80 91
91 80
80 90
90 80
177 81
81 177
177 179
179 177
177 178
178 177
177 90
90 177
177 180
180 177
177 91
91 177
177 86
86 177
177 94
94 177
177 184
184 177
177 83
83 177
177 191
191 177
81 179
179 81
81 184
184 81
81 83
83 81
81 86
86 81
81 183
183 81
81 191
191 81
81 178
178 81
81 91
91 81
81 182
182 81
81 92
92 81
81 94
94 81
81 93
93 81
179 178
178 179
179 90
90 179
179 91
91 179
179 180
180 179
179 92
92 179
179 184
184 179
179 191
191 179
179 86
86 179
179 183
183 179
179 87
87 179
184 83
83 184
184 86
86 184
184 183
183 184
184 87
87 184
184 89
89 184
184 191
191 184
184 178
178 184
184 91
91 184
184 185
185 184
184 186
186 184
184 82
82 184
184 182
182 184
184 84
84 184
184 88
88 184
82 182
182 82
82 83
83 82
82 84
84 82
82 183
183 82
82 185
185 82
82 186
186 82
82 89
89 82
82 191
191 82
82 181
181 82
82 85
85 82
82 86
86 82
182 83
83 182
182 84
84 182
182 181
181 182
182 85
85 182
182 86
86 182
182 183
183 182
182 185
185 182
182 87
87 182
83 84
84 83
83 181
181 83
83 85
85 83
83 86
86 83
83 183
183 83
83 191
191 83
83 93
93 83
83 94
94 83
83 91
91 83
83 185
185 83
83 89
89 83
83 92
92 83
84 85
85 84
84 93
93 84
84 181
181 84
84 183
183 84
84 185
185 84
84 86
86 84
181 85
85 181
181 86
86 181
181 183
183 181
85 86
86 85
85 183
183 85
85 93
93 85
86 183
183 86
86 87
87 86
86 185
185 86
86 191
191 86
86 178
178 86
86 91
91 86
86 88
88 86
86 186
186 86
183 185
185 183
183 186
186 183
183 87
87 183
183 89
89 183
183 191
191 183
87 88
88 87
87 185
185 87
87 186
186 87
87 89
89 87
87 191
191 87
88 185
185 88
88 186
186 88
88 89
89 88
185 186
186 185
185 89
89 185
185 191
191 185
186 89
89 186
89 191
191 89
191 91
91 191
191 92
92 191
191 178
178 191
178 90
90 178
178 180
180 178
178 91
91 178
178 92
92 178
178 94
94 178
90 180
180 90
90 91
91 90
180 91
91 180
91 92
92 91
91 94
94 91
91 93
93 91
93 94
94 93
192 95
95 192
192 193
193 192
192 194
194 192
192 195
195 192
192 106
106 192
192 96
96 192
192 196
196 192
192 197
197 192
192 97
97 192
192 102
102 192
192 110
110 192
95 193
193 95
95 96
96 95
95 194
194 95
95 102
102 95
95 97
97 95
95 196
196 95
95 106
106 95
95 197
197 95
95 195
195 95
193 106
106 193
193 194
194 193
193 195
195 193
193 197
197 193
193 196
196 193
193 96
96 193
193 102
102 193
193 110
110 193
96 194
194 96
96 97
97 96
96 102
102 96
96 110
110 96
96 195
195 96
96 109
109 96
96 99
99 96
96 196
196 96
96 107
107 96
96 106
106 96
194 97
97 194
194 196
196 194
194 195
195 194
194 106
106 194
194 197
197 194
194 107
107 194
194 102
102 194
194 110
110 194
194 201
201 194
194 99
99 194
194 208
208 194
97 196
196 97
97 201
201 97
97 99
99 97
97 102
102 97
97 200
200 97
97 208
208 97
97 195
195 97
97 107
107 97
97 199
199 97
97 108
108 97
97 110
110 97
97 109
109 97
196 195
195 196
196 106
106 196
196 107
107 196
196 197
197 196
196 108
108 196
196 201
201 196
196 208
208 196
196 102
102 196
196 200
200 196
196 103
103 196
201 99
99 201
201 102
102 201
201 200
200 201
201 103
103 201
201 105
105 201
201 208
208 201
201 195
195 201
201 107
107 201
201 202
202 201
201 203
203 201
201 98
98 201
201 199
199 201
201 100
100 201
201 104
104 201
98 199
199 98
98 99
99 98
98 100
100 98
98 200
200 98
98 202
202 98
98 203
203 98
98 105
105 98
98 208
208 98
98 198
198 98
98 101
101 98
98 102
102 98
199 99
99 199
199 100
100 199
199 198
198 199
199 101
101 199
199 102
102 199
199 200
200 199
199 202
202 199
199 103
103 199
99 100
100 99
99 198
198 99
99 101
101 99
99 102
102 99
99 200
200 99
99 208
208 99
99 109
109 99
99 110
110 99
99 107
107 99
99 202
202 99
99 105
105 99
99 108
108 99
100 101
101 100
100 109
109 100
100 198
198 100
100 200
200 100
100 202
202 100
100 102
102 100
198 101
101 198
198 102
102 198
198 200
200 198
101 102
102 101
101 200
200 101
101 109
109 101
102 200
200 102
102 103
103 102
102 202
202 102
102 208
208 102
102 195
195 102
102 107
107 102
102 104
104 102
102 203
203 102
200 202
202 200
200 203
203 200
200 103
103 200
200 105
105 200
200 208
208 200
103 104
104 103
103 202
202 103
103 203
203 103
103 105
105 103
103 208
208 103
104 202
202 104
104 203
203 104
104 105
105 104
202 203
203 202
202 105
105 202
202 208
208 202
203 105
105 203
105 208
208 105
208 107
107 208
208 108
108 208
208 195
195 208
195 106
106 195
195 197
197 195
195 107
107 195
195 108
108 195
195 110
110 195
106 197
197 106
106 107
107 106
197 107
107 197
107 108
108 107
107 110
110 107
107 109
109 107
109 110
110 109
