897
1 379
379 1
1 380
380 1
1 3
3 1
1 10
10 1
1 417
417 1
1 2
2 1
1 4
4 1
1 11
11 1
1 416
416 1
379 380
380 379
379 2
2 379
379 3
3 379
379 11
11 379
379 4
4 379
379 145
145 379
379 10
10 379
379 136
136 379
380 3
3 380
380 136
136 380
380 145
145 380
380 2
2 380
380 4
4 380
2 11
11 2
2 145
145 2
3 4
4 3
3 395
395 3
3 8
8 3
3 35
35 3
3 145
145 3
3 10
10 3
3 9
9 3
3 397
397 3
3 144
144 3
3 396
396 3
3 11
11 3
4 382
382 4
4 383
383 4
4 395
395 4
4 397
397 4
4 11
11 4
4 144
144 4
4 145
145 4
4 401
401 4
4 398
398 4
4 9
9 4
381 390
390 381
381 391
391 381
381 382
382 381
381 393
393 381
381 383
383 381
381 392
392 381
381 9
9 381
381 398
398 381
381 397
397 381
381 394
394 381
381 386
386 381
381 140
140 381
381 15
15 381
381 7
7 381
381 388
388 381
381 387
387 381
381 389
389 381
381 6
6 381
388 387
387 388
388 6
6 388
388 389
389 388
388 382
382 388
388 393
393 388
388 394
394 388
388 7
7 388
388 392
392 388
388 391
391 388
387 6
6 387
387 389
389 387
387 7
7 387
387 24
24 387
387 382
382 387
387 392
392 387
390 391
391 390
390 382
382 390
390 383
383 390
390 392
392 390
390 15
15 390
390 140
140 390
390 397
397 390
390 398
398 390
390 399
399 390
390 393
393 390
390 9
9 390
5 418
418 5
5 419
419 5
5 420
420 5
5 42
42 5
5 441
441 5
5 443
443 5
5 427
427 5
5 428
428 5
5 12
12 5
5 440
440 5
391 382
382 391
391 393
393 391
391 392
392 391
391 9
9 391
391 398
398 391
391 397
397 391
391 394
394 391
391 383
383 391
391 7
7 391
391 140
140 391
391 6
6 391
391 406
406 391
391 15
15 391
6 7
7 6
6 16
16 6
6 22
22 6
6 24
24 6
6 389
389 6
6 392
392 6
6 393
393 6
6 394
394 6
389 393
393 389
389 394
394 389
389 7
7 389
389 382
382 389
389 392
392 389
389 386
386 389
382 393
393 382
382 394
394 382
382 386
386 382
382 7
7 382
382 392
392 382
382 383
383 382
382 140
140 382
382 579
579 382
382 577
577 382
382 397
397 382
382 9
9 382
393 394
394 393
393 386
386 393
393 392
392 393
393 423
423 393
393 7
7 393
394 7
7 394
394 392
392 394
394 419
419 394
394 423
423 394
394 386
386 394
383 397
397 383
383 140
140 383
383 144
144 383
383 386
386 383
383 15
15 383
386 579
579 386
386 392
392 386
7 392
392 7
7 16
16 7
7 24
24 7
7 406
406 7
392 419
419 392
392 423
423 392
392 9
9 392
392 397
397 392
395 396
396 395
395 9
9 395
395 8
8 395
395 433
433 395
395 581
581 395
395 35
35 395
395 144
144 395
8 396
396 8
8 144
144 8
8 145
145 8
8 581
581 8
8 138
138 8
8 35
35 8
8 143
143 8
8 580
580 8
396 581
581 396
396 144
144 396
396 580
580 396
396 433
433 396
396 35
35 396
396 9
9 396
396 432
432 396
9 397
397 9
9 432
432 9
9 35
35 9
9 433
433 9
9 398
398 9
9 420
420 9
9 10
10 9
9 399
399 9
9 31
31 9
9 30
30 9
9 12
12 9
398 397
397 398
398 10
10 398
398 11
11 398
398 12
12 398
398 399
399 398
398 400
400 398
398 13
13 398
398 401
401 398
398 402
402 398
398 15
15 398
397 11
11 397
397 401
401 397
397 400
400 397
397 399
399 397
397 15
15 397
397 12
12 397
397 10
10 397
397 13
13 397
10 416
416 10
10 417
417 10
10 30
30 10
10 31
31 10
10 29
29 10
10 35
35 10
10 399
399 10
11 12
12 11
11 13
13 11
11 399
399 11
11 400
400 11
11 401
401 11
11 402
402 11
401 402
402 401
401 400
400 401
401 13
13 401
401 399
399 401
401 15
15 401
402 400
400 402
402 399
399 402
402 15
15 402
402 13
13 402
402 14
14 402
400 13
13 400
400 399
399 400
400 15
15 400
400 12
12 400
12 399
399 12
12 13
13 12
13 399
399 13
399 15
15 399
399 14
14 399
14 15
15 14
14 406
406 14
14 407
407 14
14 408
408 14
14 403
403 14
14 404
404 14
14 410
410 14
403 406
406 403
403 404
404 403
403 17
17 403
403 409
409 403
403 407
407 403
403 410
410 403
403 18
18 403
403 15
15 403
403 140
140 403
403 408
408 403
15 406
406 15
15 404
404 15
15 140
140 15
15 407
407 15
15 147
147 15
15 408
408 15
15 16
16 15
406 16
16 406
406 404
404 406
406 407
407 406
406 408
408 406
406 140
140 406
406 17
17 406
406 405
405 406
406 409
409 406
406 18
18 406
406 410
410 406
406 21
21 406
406 19
19 406
405 409
409 405
405 407
407 405
405 411
411 405
405 21
21 405
405 412
412 405
405 16
16 405
405 17
17 405
405 20
20 405
405 19
19 405
405 22
22 405
16 17
17 16
16 407
407 16
16 22
22 16
16 412
412 16
16 411
411 16
16 24
24 16
16 19
19 16
16 404
404 16
16 408
408 16
404 140
140 404
404 17
17 404
404 407
407 404
17 409
409 17
17 407
407 17
17 18
18 17
17 19
19 17
17 410
410 17
17 22
22 17
17 412
412 17
17 24
24 17
17 413
413 17
409 407
407 409
409 410
410 409
409 18
18 409
409 408
408 409
407 408
408 407
407 410
410 407
407 18
18 407
408 410
410 408
410 18
18 410
413 20
20 413
413 412
412 413
413 411
411 413
413 21
21 413
413 22
22 413
413 23
23 413
413 414
414 413
413 415
415 413
413 26
26 413
413 27
27 413
413 24
24 413
413 25
25 413
413 19
19 413
19 20
20 19
19 412
412 19
19 411
411 19
19 22
22 19
19 414
414 19
19 24
24 19
19 25
25 19
19 21
21 19
20 414
414 20
20 21
21 20
20 412
412 20
20 411
411 20
20 26
26 20
20 415
415 20
20 22
22 20
412 411
411 412
412 21
21 412
412 22
22 412
412 23
23 412
412 414
414 412
412 26
26 412
412 415
415 412
412 24
24 412
412 25
25 412
411 21
21 411
411 22
22 411
411 414
414 411
411 23
23 411
411 415
415 411
21 414
414 21
22 414
414 22
22 24
24 22
22 25
25 22
22 415
415 22
22 23
23 22
23 414
414 23
23 24
24 23
23 415
415 23
23 27
27 23
414 24
24 414
414 415
415 414
414 26
26 414
414 27
27 414
414 25
25 414
24 25
25 24
24 415
415 24
415 25
25 415
415 27
27 415
415 26
26 415
25 26
26 25
26 27
27 26
28 416
416 28
28 417
417 28
28 30
30 28
28 37
37 28
28 454
454 28
28 29
29 28
28 31
31 28
28 62
62 28
28 38
38 28
28 453
453 28
416 417
417 416
416 29
29 416
416 30
30 416
416 38
38 416
416 31
31 416
416 37
37 416
417 30
30 417
417 29
29 417
417 31
31 417
29 38
38 29
30 31
31 30
30 432
432 30
30 35
35 30
30 62
62 30
30 37
37 30
30 36
36 30
30 434
434 30
30 433
433 30
30 38
38 30
31 419
419 31
31 420
420 31
31 432
432 31
31 434
434 31
31 38
38 31
31 438
438 31
31 435
435 31
31 36
36 31
418 427
427 418
418 428
428 418
418 419
419 418
418 430
430 418
418 420
420 418
418 429
429 418
418 36
36 418
418 435
435 418
418 434
434 418
418 431
431 418
418 423
423 418
418 42
42 418
418 34
34 418
418 425
425 418
418 424
424 418
418 426
426 418
418 33
33 418
425 424
424 425
425 33
33 425
425 426
426 425
425 419
419 425
425 430
430 425
425 431
431 425
425 34
34 425
425 429
429 425
425 428
428 425
424 33
33 424
424 426
426 424
424 34
34 424
424 51
51 424
424 419
419 424
424 429
429 424
427 428
428 427
427 419
419 427
427 420
420 427
427 429
429 427
427 42
42 427
427 434
434 427
427 435
435 427
427 436
436 427
427 430
430 427
427 36
36 427
32 455
455 32
32 456
456 32
32 69
69 32
32 457
457 32
32 478
478 32
32 480
480 32
32 464
464 32
32 465
465 32
32 39
39 32
32 477
477 32
428 419
419 428
428 430
430 428
428 429
429 428
428 36
36 428
428 435
435 428
428 434
434 428
428 431
431 428
428 420
420 428
428 34
34 428
428 33
33 428
428 443
443 428
428 42
42 428
33 34
34 33
33 43
43 33
33 49
49 33
33 51
51 33
33 426
426 33
33 429
429 33
33 430
430 33
33 431
431 33
426 430
430 426
426 431
431 426
426 34
34 426
426 419
419 426
426 429
429 426
426 423
423 426
419 430
430 419
419 431
431 419
419 423
423 419
419 34
34 419
419 429
429 419
419 420
420 419
419 434
434 419
419 36
36 419
430 431
431 430
430 423
423 430
430 429
429 430
430 34
34 430
431 34
34 431
431 429
429 431
431 456
456 431
431 460
460 431
431 423
423 431
420 434
434 420
420 423
423 420
420 42
42 420
423 429
429 423
34 429
429 34
34 43
43 34
34 51
51 34
34 443
443 34
429 456
456 429
429 36
36 429
429 434
434 429
432 433
433 432
432 36
36 432
432 470
470 432
432 35
35 432
432 62
62 432
35 433
433 35
35 62
62 35
433 470
470 433
433 62
62 433
433 469
469 433
433 36
36 433
36 434
434 36
36 469
469 36
36 62
62 36
36 470
470 36
36 435
435 36
36 457
457 36
36 37
37 36
36 436
436 36
36 57
57 36
36 58
58 36
36 39
39 36
435 434
434 435
435 37
37 435
435 38
38 435
435 39
39 435
435 436
436 435
435 437
437 435
435 40
40 435
435 438
438 435
435 439
439 435
435 42
42 435
434 38
38 434
434 438
438 434
434 437
437 434
434 436
436 434
434 42
42 434
434 39
39 434
434 37
37 434
434 40
40 434
37 453
453 37
37 454
454 37
37 57
57 37
37 58
58 37
37 56
56 37
37 62
62 37
37 436
436 37
38 39
39 38
38 40
40 38
38 436
436 38
38 437
437 38
38 438
438 38
38 439
439 38
438 439
439 438
438 437
437 438
438 40
40 438
438 436
436 438
438 42
42 438
439 437
437 439
439 436
436 439
439 42
42 439
439 40
40 439
439 41
41 439
437 40
40 437
437 436
436 437
437 42
42 437
437 39
39 437
39 436
436 39
39 40
40 39
40 436
436 40
436 42
42 436
436 41
41 436
41 42
42 41
41 443
443 41
41 444
444 41
41 445
445 41
41 440
440 41
41 441
441 41
41 447
447 41
440 443
443 440
440 441
441 440
440 44
44 440
440 446
446 440
440 444
444 440
440 447
447 440
440 45
45 440
440 42
42 440
440 445
445 440
42 443
443 42
42 441
441 42
42 444
444 42
42 445
445 42
42 43
43 42
443 43
43 443
443 441
441 443
443 444
444 443
443 445
445 443
443 44
44 443
443 442
442 443
443 446
446 443
443 45
45 443
443 447
447 443
443 48
48 443
443 46
46 443
442 446
446 442
442 444
444 442
442 448
448 442
442 48
48 442
442 449
449 442
442 43
43 442
442 44
44 442
442 47
47 442
442 46
46 442
442 49
49 442
43 44
44 43
43 444
444 43
43 49
49 43
43 449
449 43
43 448
448 43
43 51
51 43
43 46
46 43
43 441
441 43
43 445
445 43
441 44
44 441
441 444
444 441
44 446
446 44
44 444
444 44
44 45
45 44
44 46
46 44
44 447
447 44
44 49
49 44
44 449
449 44
44 51
51 44
44 450
450 44
446 444
444 446
446 447
447 446
446 45
45 446
446 445
445 446
444 445
445 444
444 447
447 444
444 45
45 444
445 447
447 445
447 45
45 447
450 47
47 450
450 449
449 450
450 448
448 450
450 48
48 450
450 49
49 450
450 50
50 450
450 451
451 450
450 452
452 450
450 53
53 450
450 54
54 450
450 51
51 450
450 52
52 450
450 46
46 450
46 47
47 46
46 449
449 46
46 448
448 46
46 49
49 46
46 451
451 46
46 51
51 46
46 52
52 46
46 48
48 46
47 451
451 47
47 48
48 47
47 449
449 47
47 448
448 47
47 53
53 47
47 452
452 47
47 49
49 47
449 448
448 449
449 48
48 449
449 49
49 449
449 50
50 449
449 451
451 449
449 53
53 449
449 452
452 449
449 51
51 449
449 52
52 449
448 48
48 448
448 49
49 448
448 451
451 448
448 50
50 448
448 452
452 448
48 451
451 48
49 451
451 49
49 51
51 49
49 52
52 49
49 452
452 49
49 50
50 49
50 451
451 50
50 51
51 50
50 452
452 50
50 54
54 50
451 51
51 451
451 452
452 451
451 53
53 451
451 54
54 451
451 52
52 451
51 52
52 51
51 452
452 51
452 52
52 452
452 54
54 452
452 53
53 452
52 53
53 52
53 54
54 53
55 453
453 55
55 454
454 55
55 57
57 55
55 64
64 55
55 861
861 55
55 56
56 55
55 58
58 55
55 65
65 55
55 860
860 55
453 454
454 453
453 56
56 453
453 57
57 453
453 65
65 453
453 58
58 453
453 64
64 453
454 57
57 454
454 56
56 454
454 58
58 454
56 65
65 56
57 58
58 57
57 469
469 57
57 62
62 57
57 359
359 57
57 64
64 57
57 63
63 57
57 471
471 57
57 470
470 57
57 65
65 57
58 456
456 58
58 457
457 58
58 469
469 58
58 471
471 58
58 65
65 58
58 475
475 58
58 472
472 58
58 63
63 58
455 464
464 455
455 465
465 455
455 456
456 455
455 467
467 455
455 457
457 455
455 466
466 455
455 63
63 455
455 472
472 455
455 471
471 455
455 468
468 455
455 460
460 455
455 69
69 455
455 61
61 455
455 462
462 455
455 461
461 455
455 463
463 455
455 60
60 455
462 461
461 462
462 60
60 462
462 463
463 462
462 456
456 462
462 467
467 462
462 468
468 462
462 61
61 462
462 466
466 462
462 465
465 462
461 60
60 461
461 463
463 461
461 61
61 461
461 78
78 461
461 456
456 461
461 466
466 461
464 465
465 464
464 456
456 464
464 457
457 464
464 466
466 464
464 69
69 464
464 471
471 464
464 472
472 464
464 473
473 464
464 467
467 464
464 63
63 464
59 862
862 59
59 863
863 59
59 366
366 59
59 885
885 59
59 864
864 59
59 887
887 59
59 871
871 59
59 872
872 59
59 66
66 59
59 884
884 59
465 456
456 465
465 467
467 465
465 466
466 465
465 63
63 465
465 472
472 465
465 471
471 465
465 468
468 465
465 457
457 465
465 61
61 465
465 60
60 465
465 480
480 465
465 69
69 465
60 61
61 60
60 70
70 60
60 76
76 60
60 78
78 60
60 463
463 60
60 466
466 60
60 467
467 60
60 468
468 60
463 467
467 463
463 468
468 463
463 61
61 463
463 456
456 463
463 466
466 463
463 460
460 463
456 467
467 456
456 468
468 456
456 460
460 456
456 61
61 456
456 466
466 456
456 457
457 456
456 471
471 456
456 63
63 456
467 468
468 467
467 460
460 467
467 466
466 467
467 61
61 467
468 61
61 468
468 466
466 468
468 863
863 468
468 867
867 468
468 460
460 468
457 471
471 457
457 460
460 457
457 69
69 457
460 466
466 460
61 466
466 61
61 70
70 61
61 78
78 61
61 480
480 61
466 863
863 466
466 63
63 466
466 471
471 466
469 470
470 469
469 63
63 469
469 62
62 469
469 359
359 469
469 877
877 469
62 470
470 62
62 359
359 62
470 877
877 470
470 359
359 470
470 876
876 470
470 63
63 470
63 471
471 63
63 876
876 63
63 359
359 63
63 877
877 63
63 472
472 63
63 864
864 63
63 64
64 63
63 473
473 63
63 355
355 63
63 354
354 63
63 66
66 63
472 471
471 472
472 64
64 472
472 65
65 472
472 66
66 472
472 473
473 472
472 474
474 472
472 67
67 472
472 475
475 472
472 476
476 472
472 69
69 472
471 65
65 471
471 475
475 471
471 474
474 471
471 473
473 471
471 69
69 471
471 66
66 471
471 64
64 471
471 67
67 471
64 860
860 64
64 861
861 64
64 353
353 64
64 354
354 64
64 355
355 64
64 359
359 64
64 473
473 64
65 66
66 65
65 67
67 65
65 473
473 65
65 474
474 65
65 475
475 65
65 476
476 65
475 476
476 475
475 474
474 475
475 67
67 475
475 473
473 475
475 69
69 475
476 474
474 476
476 473
473 476
476 69
69 476
476 67
67 476
476 68
68 476
474 67
67 474
474 473
473 474
474 69
69 474
474 66
66 474
66 473
473 66
66 366
366 66
66 67
67 66
67 473
473 67
473 69
69 473
473 68
68 473
68 69
69 68
68 480
480 68
68 481
481 68
68 482
482 68
68 477
477 68
68 478
478 68
68 484
484 68
477 480
480 477
477 478
478 477
477 71
71 477
477 483
483 477
477 481
481 477
477 484
484 477
477 72
72 477
477 69
69 477
477 482
482 477
69 480
480 69
69 478
478 69
69 481
481 69
69 482
482 69
69 70
70 69
480 70
70 480
480 478
478 480
480 481
481 480
480 482
482 480
480 71
71 480
480 479
479 480
480 483
483 480
480 72
72 480
480 484
484 480
480 75
75 480
480 73
73 480
479 483
483 479
479 481
481 479
479 485
485 479
479 75
75 479
479 486
486 479
479 70
70 479
479 71
71 479
479 74
74 479
479 73
73 479
479 76
76 479
70 71
71 70
70 481
481 70
70 76
76 70
70 486
486 70
70 485
485 70
70 78
78 70
70 73
73 70
70 478
478 70
70 482
482 70
478 71
71 478
478 481
481 478
71 483
483 71
71 481
481 71
71 72
72 71
71 73
73 71
71 484
484 71
71 76
76 71
71 486
486 71
71 78
78 71
71 487
487 71
483 481
481 483
483 484
484 483
483 72
72 483
483 482
482 483
481 482
482 481
481 484
484 481
481 72
72 481
482 484
484 482
484 72
72 484
487 74
74 487
487 486
486 487
487 485
485 487
487 75
75 487
487 76
76 487
487 77
77 487
487 488
488 487
487 489
489 487
487 80
80 487
487 81
81 487
487 78
78 487
487 79
79 487
487 73
73 487
73 74
74 73
73 486
486 73
73 485
485 73
73 76
76 73
73 488
488 73
73 78
78 73
73 79
79 73
73 75
75 73
74 488
488 74
74 75
75 74
74 486
486 74
74 485
485 74
74 80
80 74
74 489
489 74
74 76
76 74
486 485
485 486
486 75
75 486
486 76
76 486
486 77
77 486
486 488
488 486
486 80
80 486
486 489
489 486
486 78
78 486
486 79
79 486
485 75
75 485
485 76
76 485
485 488
488 485
485 77
77 485
485 489
489 485
75 488
488 75
76 488
488 76
76 78
78 76
76 79
79 76
76 489
489 76
76 77
77 76
77 488
488 77
77 78
78 77
77 489
489 77
77 81
81 77
488 78
78 488
488 489
489 488
488 80
80 488
488 81
81 488
488 79
79 488
78 79
79 78
78 489
489 78
489 79
79 489
489 81
81 489
489 80
80 489
79 80
80 79
80 81
81 80
82 490
490 82
82 491
491 82
82 84
84 82
82 91
91 82
82 528
528 82
82 83
83 82
82 85
85 82
82 92
92 82
82 527
527 82
490 491
491 490
490 83
83 490
490 84
84 490
490 92
92 490
490 85
85 490
490 361
361 490
490 91
91 490
490 352
352 490
491 84
84 491
491 352
352 491
491 361
361 491
491 83
83 491
491 85
85 491
83 92
92 83
83 361
361 83
84 85
85 84
84 506
506 84
84 89
89 84
84 116
116 84
84 361
361 84
84 91
91 84
84 90
90 84
84 508
508 84
84 360
360 84
84 507
507 84
84 92
92 84
85 493
493 85
85 494
494 85
85 506
506 85
85 508
508 85
85 92
92 85
85 360
360 85
85 361
361 85
85 512
512 85
85 509
509 85
85 90
90 85
492 501
501 492
492 502
502 492
492 493
493 492
492 504
504 492
492 494
494 492
492 503
503 492
492 90
90 492
492 509
509 492
492 508
508 492
492 505
505 492
492 497
497 492
492 356
356 492
492 96
96 492
492 88
88 492
492 499
499 492
492 498
498 492
492 500
500 492
492 87
87 492
499 498
498 499
499 87
87 499
499 500
500 499
499 493
493 499
499 504
504 499
499 505
505 499
499 88
88 499
499 503
503 499
499 502
502 499
498 87
87 498
498 500
500 498
498 88
88 498
498 105
105 498
498 493
493 498
498 503
503 498
501 502
502 501
501 493
493 501
501 494
494 501
501 503
503 501
501 96
96 501
501 356
356 501
501 508
508 501
501 509
509 501
501 510
510 501
501 504
504 501
501 90
90 501
86 529
529 86
86 530
530 86
86 123
123 86
86 531
531 86
86 552
552 86
86 554
554 86
86 538
538 86
86 539
539 86
86 93
93 86
86 551
551 86
502 493
493 502
502 504
504 502
502 503
503 502
502 90
90 502
502 509
509 502
502 508
508 502
502 505
505 502
502 494
494 502
502 88
88 502
502 356
356 502
502 87
87 502
502 517
517 502
502 96
96 502
87 88
88 87
87 97
97 87
87 103
103 87
87 105
105 87
87 500
500 87
87 503
503 87
87 504
504 87
87 505
505 87
500 504
504 500
500 505
505 500
500 88
88 500
500 493
493 500
500 503
503 500
500 497
497 500
493 504
504 493
493 505
505 493
493 497
497 493
493 88
88 493
493 503
503 493
493 494
494 493
493 356
356 493
493 875
875 493
493 873
873 493
493 508
508 493
493 90
90 493
504 505
505 504
504 497
497 504
504 503
503 504
504 88
88 504
505 88
88 505
505 503
503 505
505 530
530 505
505 534
534 505
505 497
497 505
494 508
508 494
494 356
356 494
494 360
360 494
494 497
497 494
494 96
96 494
497 875
875 497
497 873
873 497
497 503
503 497
497 874
874 497
88 503
503 88
88 97
97 88
88 105
105 88
88 517
517 88
503 530
530 503
503 90
90 503
503 508
508 503
506 507
507 506
506 90
90 506
506 544
544 506
506 89
89 506
506 360
360 506
506 116
116 506
506 877
877 506
89 507
507 89
89 360
360 89
89 361
361 89
89 877
877 89
89 354
354 89
89 116
116 89
89 359
359 89
89 876
876 89
507 876
876 507
507 877
877 507
507 360
360 507
507 544
544 507
507 116
116 507
507 90
90 507
507 543
543 507
90 508
508 90
90 543
543 90
90 116
116 90
90 544
544 90
90 509
509 90
90 531
531 90
90 91
91 90
90 510
510 90
90 111
111 90
90 112
112 90
90 93
93 90
509 508
508 509
509 91
91 509
509 92
92 509
509 93
93 509
509 510
510 509
509 511
511 509
509 94
94 509
509 512
512 509
509 513
513 509
509 96
96 509
508 92
92 508
508 512
512 508
508 511
511 508
508 510
510 508
508 96
96 508
508 93
93 508
508 91
91 508
508 94
94 508
91 527
527 91
91 528
528 91
91 111
111 91
91 112
112 91
91 110
110 91
91 116
116 91
91 510
510 91
92 93
93 92
92 94
94 92
92 510
510 92
92 511
511 92
92 512
512 92
92 513
513 92
512 513
513 512
512 511
511 512
512 94
94 512
512 510
510 512
512 96
96 512
513 511
511 513
513 510
510 513
513 96
96 513
513 94
94 513
513 95
95 513
511 94
94 511
511 510
510 511
511 96
96 511
511 93
93 511
93 510
510 93
93 94
94 93
94 510
510 94
510 96
96 510
510 95
95 510
95 96
96 95
95 517
517 95
95 518
518 95
95 519
519 95
95 514
514 95
95 515
515 95
95 521
521 95
514 517
517 514
514 515
515 514
514 98
98 514
514 520
520 514
514 518
518 514
514 521
521 514
514 99
99 514
514 96
96 514
514 356
356 514
514 519
519 514
96 517
517 96
96 515
515 96
96 356
356 96
96 518
518 96
96 519
519 96
96 97
97 96
517 97
97 517
517 515
515 517
517 518
518 517
517 519
519 517
517 356
356 517
517 98
98 517
517 516
516 517
517 520
520 517
517 99
99 517
517 521
521 517
517 102
102 517
517 100
100 517
516 520
520 516
516 518
518 516
516 522
522 516
516 102
102 516
516 523
523 516
516 97
97 516
516 98
98 516
516 101
101 516
516 100
100 516
516 103
103 516
97 98
98 97
97 518
518 97
97 103
103 97
97 523
523 97
97 522
522 97
97 105
105 97
97 100
100 97
97 515
515 97
97 519
519 97
515 356
356 515
515 98
98 515
515 518
518 515
98 520
520 98
98 518
518 98
98 99
99 98
98 100
100 98
98 521
521 98
98 103
103 98
98 523
523 98
98 105
105 98
98 524
524 98
520 518
518 520
520 521
521 520
520 99
99 520
520 519
519 520
518 519
519 518
518 521
521 518
518 99
99 518
519 521
521 519
521 99
99 521
524 101
101 524
524 523
523 524
524 522
522 524
524 102
102 524
524 103
103 524
524 104
104 524
524 525
525 524
524 526
526 524
524 107
107 524
524 108
108 524
524 105
105 524
524 106
106 524
524 100
100 524
100 101
101 100
100 523
523 100
100 522
522 100
100 103
103 100
100 525
525 100
100 105
105 100
100 106
106 100
100 102
102 100
101 525
525 101
101 102
102 101
101 523
523 101
101 522
522 101
101 107
107 101
101 526
526 101
101 103
103 101
523 522
522 523
523 102
102 523
523 103
103 523
523 104
104 523
523 525
525 523
523 107
107 523
523 526
526 523
523 105
105 523
523 106
106 523
522 102
102 522
522 103
103 522
522 525
525 522
522 104
104 522
522 526
526 522
102 525
525 102
103 525
525 103
103 105
105 103
103 106
106 103
103 526
526 103
103 104
104 103
104 525
525 104
104 105
105 104
104 526
526 104
104 108
108 104
525 105
105 525
525 526
526 525
525 107
107 525
525 108
108 525
525 106
106 525
105 106
106 105
105 526
526 105
526 106
106 526
526 108
108 526
526 107
107 526
106 107
107 106
107 108
108 107
109 527
527 109
109 528
528 109
109 111
111 109
109 118
118 109
109 565
565 109
109 110
110 109
109 112
112 109
109 119
119 109
109 564
564 109
527 528
528 527
527 110
110 527
527 111
111 527
527 119
119 527
527 112
112 527
527 118
118 527
528 111
111 528
528 110
110 528
528 112
112 528
110 119
119 110
111 112
112 111
111 543
543 111
111 116
116 111
111 143
143 111
111 118
118 111
111 117
117 111
111 545
545 111
111 544
544 111
111 119
119 111
112 530
530 112
112 531
531 112
112 543
543 112
112 545
545 112
112 119
119 112
112 549
549 112
112 546
546 112
112 117
117 112
529 538
538 529
529 539
539 529
529 530
530 529
529 541
541 529
529 531
531 529
529 540
540 529
529 117
117 529
529 546
546 529
529 545
545 529
529 542
542 529
529 534
534 529
529 123
123 529
529 115
115 529
529 536
536 529
529 535
535 529
529 537
537 529
529 114
114 529
536 535
535 536
536 114
114 536
536 537
537 536
536 530
530 536
536 541
541 536
536 542
542 536
536 115
115 536
536 540
540 536
536 539
539 536
535 114
114 535
535 537
537 535
535 115
115 535
535 132
132 535
535 530
530 535
535 540
540 535
538 539
539 538
538 530
530 538
538 531
531 538
538 540
540 538
538 123
123 538
538 545
545 538
538 546
546 538
538 547
547 538
538 541
541 538
538 117
117 538
113 566
566 113
113 567
567 113
113 150
150 113
113 568
568 113
113 589
589 113
113 591
591 113
113 575
575 113
113 120
120 113
113 588
588 113
539 530
530 539
539 541
541 539
539 540
540 539
539 117
117 539
539 546
546 539
539 545
545 539
539 542
542 539
539 531
531 539
539 115
115 539
539 114
114 539
539 554
554 539
539 123
123 539
114 115
115 114
114 124
124 114
114 130
130 114
114 132
132 114
114 537
537 114
114 540
540 114
114 541
541 114
114 542
542 114
537 541
541 537
537 542
542 537
537 115
115 537
537 530
530 537
537 540
540 537
537 534
534 537
530 541
541 530
530 542
542 530
530 534
534 530
530 115
115 530
530 540
540 530
530 531
531 530
530 545
545 530
530 117
117 530
541 542
542 541
541 534
534 541
541 540
540 541
541 115
115 541
542 115
115 542
542 540
540 542
542 567
567 542
542 571
571 542
542 534
534 542
531 545
545 531
531 534
534 531
531 123
123 531
534 540
540 534
115 540
540 115
115 124
124 115
115 132
132 115
115 554
554 115
540 567
567 540
540 117
117 540
540 545
545 540
543 544
544 543
543 117
117 543
543 581
581 543
543 116
116 543
543 143
143 543
116 544
544 116
116 143
143 116
544 581
581 544
544 143
143 544
544 580
580 544
544 117
117 544
117 545
545 117
117 580
580 117
117 143
143 117
117 581
581 117
117 546
546 117
117 568
568 117
117 118
118 117
117 547
547 117
117 138
138 117
117 139
139 117
117 120
120 117
546 545
545 546
546 118
118 546
546 119
119 546
546 120
120 546
546 547
547 546
546 548
548 546
546 121
121 546
546 549
549 546
546 550
550 546
546 123
123 546
545 119
119 545
545 549
549 545
545 548
548 545
545 547
547 545
545 123
123 545
545 120
120 545
545 118
118 545
545 121
121 545
118 564
564 118
118 565
565 118
118 138
138 118
118 139
139 118
118 137
137 118
118 143
143 118
118 547
547 118
119 120
120 119
119 121
121 119
119 547
547 119
119 548
548 119
119 549
549 119
119 550
550 119
549 550
550 549
549 548
548 549
549 121
121 549
549 547
547 549
549 123
123 549
550 548
548 550
550 547
547 550
550 123
123 550
550 121
121 550
550 122
122 550
548 121
121 548
548 547
547 548
548 123
123 548
548 120
120 548
120 547
547 120
120 121
121 120
121 547
547 121
547 123
123 547
547 122
122 547
122 123
123 122
122 554
554 122
122 555
555 122
122 556
556 122
122 551
551 122
122 552
552 122
122 558
558 122
551 554
554 551
551 552
552 551
551 125
125 551
551 557
557 551
551 555
555 551
551 558
558 551
551 126
126 551
551 123
123 551
551 556
556 551
123 554
554 123
123 552
552 123
123 555
555 123
123 556
556 123
123 124
124 123
554 124
124 554
554 552
552 554
554 555
555 554
554 556
556 554
554 125
125 554
554 553
553 554
554 557
557 554
554 126
126 554
554 558
558 554
554 129
129 554
554 127
127 554
553 557
557 553
553 555
555 553
553 559
559 553
553 129
129 553
553 560
560 553
553 124
124 553
553 125
125 553
553 128
128 553
553 127
127 553
553 130
130 553
124 125
125 124
124 555
555 124
124 130
130 124
124 560
560 124
124 559
559 124
124 132
132 124
124 127
127 124
124 552
552 124
124 556
556 124
552 125
125 552
552 555
555 552
125 557
557 125
125 555
555 125
125 126
126 125
125 127
127 125
125 558
558 125
125 130
130 125
125 560
560 125
125 132
132 125
125 561
561 125
557 555
555 557
557 558
558 557
557 126
126 557
557 556
556 557
555 556
556 555
555 558
558 555
555 126
126 555
556 558
558 556
558 126
126 558
561 128
128 561
561 560
560 561
561 559
559 561
561 129
129 561
561 130
130 561
561 131
131 561
561 562
562 561
561 563
563 561
561 134
134 561
561 135
135 561
561 132
132 561
561 133
133 561
561 127
127 561
127 128
128 127
127 560
560 127
127 559
559 127
127 130
130 127
127 562
562 127
127 132
132 127
127 133
133 127
127 129
129 127
128 562
562 128
128 129
129 128
128 560
560 128
128 559
559 128
128 134
134 128
128 563
563 128
128 130
130 128
560 559
559 560
560 129
129 560
560 130
130 560
560 131
131 560
560 562
562 560
560 134
134 560
560 563
563 560
560 132
132 560
560 133
133 560
559 129
129 559
559 130
130 559
559 562
562 559
559 131
131 559
559 563
563 559
129 562
562 129
130 562
562 130
130 132
132 130
130 133
133 130
130 563
563 130
130 131
131 130
131 562
562 131
131 132
132 131
131 563
563 131
131 135
135 131
562 132
132 562
562 563
563 562
562 134
134 562
562 135
135 562
562 133
133 562
132 133
133 132
132 563
563 132
563 133
133 563
563 135
135 563
563 134
134 563
133 134
134 133
134 135
135 134
136 564
564 136
136 565
565 136
136 138
138 136
136 145
145 136
136 137
137 136
136 139
139 136
136 146
146 136
564 565
565 564
564 137
137 564
564 138
138 564
564 146
146 564
564 139
139 564
564 145
145 564
565 138
138 565
565 137
137 565
565 139
139 565
137 146
146 137
138 139
139 138
138 580
580 138
138 143
143 138
138 145
145 138
138 144
144 138
138 582
582 138
138 581
581 138
138 146
146 138
139 567
567 139
139 568
568 139
139 580
580 139
139 582
582 139
139 146
146 139
139 586
586 139
139 583
583 139
139 144
144 139
566 575
575 566
566 576
576 566
566 567
567 566
566 578
578 566
566 568
568 566
566 577
577 566
566 144
144 566
566 583
583 566
566 582
582 566
566 579
579 566
566 571
571 566
566 150
150 566
566 142
142 566
566 573
573 566
566 572
572 566
566 574
574 566
566 141
141 566
573 572
572 573
573 141
141 573
573 574
574 573
573 567
567 573
573 578
578 573
573 579
579 573
573 142
142 573
573 577
577 573
573 576
576 573
572 141
141 572
572 574
574 572
572 142
142 572
572 159
159 572
572 567
567 572
572 577
577 572
575 576
576 575
575 567
567 575
575 568
568 575
575 577
577 575
575 150
150 575
575 582
582 575
575 583
583 575
575 584
584 575
575 578
578 575
575 144
144 575
140 147
147 140
576 567
567 576
576 578
578 576
576 577
577 576
576 144
144 576
576 583
583 576
576 582
582 576
576 579
579 576
576 568
568 576
576 142
142 576
576 141
141 576
576 591
591 576
576 150
150 576
141 142
142 141
141 151
151 141
141 157
157 141
141 159
159 141
141 574
574 141
141 577
577 141
141 578
578 141
141 579
579 141
574 578
578 574
574 579
579 574
574 142
142 574
574 567
567 574
574 577
577 574
574 571
571 574
567 578
578 567
567 579
579 567
567 571
571 567
567 142
142 567
567 577
577 567
567 568
568 567
567 582
582 567
567 144
144 567
578 579
579 578
578 571
571 578
578 577
577 578
578 142
142 578
579 142
142 579
579 577
577 579
579 571
571 579
568 582
582 568
568 571
571 568
568 150
150 568
571 577
577 571
142 577
577 142
142 151
151 142
142 159
159 142
142 591
591 142
577 144
144 577
577 582
582 577
580 581
581 580
580 144
144 580
580 143
143 580
143 581
581 143
581 144
144 581
144 582
582 144
144 583
583 144
144 145
145 144
144 584
584 144
144 147
147 144
583 582
582 583
583 145
145 583
583 146
146 583
583 147
147 583
583 584
584 583
583 585
585 583
583 148
148 583
583 586
586 583
583 587
587 583
583 150
150 583
582 146
146 582
582 586
586 582
582 585
585 582
582 584
584 582
582 150
150 582
582 147
147 582
582 145
145 582
582 148
148 582
145 584
584 145
146 147
147 146
146 148
148 146
146 584
584 146
146 585
585 146
146 586
586 146
146 587
587 146
586 587
587 586
586 585
585 586
586 148
148 586
586 584
584 586
586 150
150 586
587 585
585 587
587 584
584 587
587 150
150 587
587 148
148 587
587 149
149 587
585 148
148 585
585 584
584 585
585 150
150 585
585 147
147 585
147 584
584 147
147 148
148 147
148 584
584 148
584 150
150 584
584 149
149 584
149 150
150 149
149 591
591 149
149 592
592 149
149 593
593 149
149 588
588 149
149 589
589 149
149 595
595 149
588 591
591 588
588 589
589 588
588 152
152 588
588 594
594 588
588 592
592 588
588 595
595 588
588 153
153 588
588 150
150 588
588 593
593 588
150 591
591 150
150 589
589 150
150 592
592 150
150 593
593 150
150 151
151 150
591 151
151 591
591 589
589 591
591 592
592 591
591 593
593 591
591 152
152 591
591 590
590 591
591 594
594 591
591 153
153 591
591 595
595 591
591 156
156 591
591 154
154 591
590 594
594 590
590 592
592 590
590 596
596 590
590 156
156 590
590 597
597 590
590 151
151 590
590 152
152 590
590 155
155 590
590 154
154 590
590 157
157 590
151 152
152 151
151 592
592 151
151 157
157 151
151 597
597 151
151 596
596 151
151 159
159 151
151 154
154 151
151 589
589 151
151 593
593 151
589 152
152 589
589 592
592 589
152 594
594 152
152 592
592 152
152 153
153 152
152 154
154 152
152 595
595 152
152 157
157 152
152 597
597 152
152 159
159 152
152 598
598 152
594 592
592 594
594 595
595 594
594 153
153 594
594 593
593 594
592 593
593 592
592 595
595 592
592 153
153 592
593 595
595 593
595 153
153 595
598 155
155 598
598 597
597 598
598 596
596 598
598 156
156 598
598 157
157 598
598 158
158 598
598 599
599 598
598 600
600 598
598 161
161 598
598 162
162 598
598 159
159 598
598 160
160 598
598 154
154 598
154 155
155 154
154 597
597 154
154 596
596 154
154 157
157 154
154 599
599 154
154 159
159 154
154 160
160 154
154 156
156 154
155 599
599 155
155 156
156 155
155 597
597 155
155 596
596 155
155 161
161 155
155 600
600 155
155 157
157 155
597 596
596 597
597 156
156 597
597 157
157 597
597 158
158 597
597 599
599 597
597 161
161 597
597 600
600 597
597 159
159 597
597 160
160 597
596 156
156 596
596 157
157 596
596 599
599 596
596 158
158 596
596 600
600 596
156 599
599 156
157 599
599 157
157 159
159 157
157 160
160 157
157 600
600 157
157 158
158 157
158 599
599 158
158 159
159 158
158 600
600 158
158 162
162 158
599 159
159 599
599 600
600 599
599 161
161 599
599 162
162 599
599 160
160 599
159 160
160 159
159 600
600 159
600 160
160 600
600 162
162 600
600 161
161 600
160 161
161 160
161 162
162 161
163 601
601 163
163 602
602 163
163 165
165 163
163 172
172 163
163 639
639 163
163 164
164 163
163 166
166 163
163 173
173 163
163 638
638 163
601 602
602 601
601 164
164 601
601 165
165 601
601 173
173 601
601 166
166 601
601 334
334 601
601 172
172 601
601 325
325 601
602 165
165 602
602 325
325 602
602 334
334 602
602 164
164 602
602 166
166 602
164 173
173 164
164 334
334 164
165 166
166 165
165 617
617 165
165 170
170 165
165 197
197 165
165 334
334 165
165 172
172 165
165 171
171 165
165 619
619 165
165 333
333 165
165 618
618 165
165 173
173 165
166 604
604 166
166 605
605 166
166 617
617 166
166 619
619 166
166 173
173 166
166 333
333 166
166 334
334 166
166 623
623 166
166 620
620 166
166 171
171 166
603 612
612 603
603 613
613 603
603 604
604 603
603 615
615 603
603 605
605 603
603 614
614 603
603 171
171 603
603 620
620 603
603 619
619 603
603 616
616 603
603 608
608 603
603 329
329 603
603 177
177 603
603 169
169 603
603 610
610 603
603 609
609 603
603 611
611 603
603 168
168 603
610 609
609 610
610 168
168 610
610 611
611 610
610 604
604 610
610 615
615 610
610 616
616 610
610 169
169 610
610 614
614 610
610 613
613 610
609 168
168 609
609 611
611 609
609 169
169 609
609 186
186 609
609 604
604 609
609 614
614 609
612 613
613 612
612 604
604 612
612 605
605 612
612 614
614 612
612 177
177 612
612 329
329 612
612 619
619 612
612 620
620 612
612 621
621 612
612 615
615 612
612 171
171 612
167 640
640 167
167 641
641 167
167 642
642 167
167 204
204 167
167 663
663 167
167 665
665 167
167 649
649 167
167 650
650 167
167 174
174 167
167 662
662 167
613 604
604 613
613 615
615 613
613 614
614 613
613 171
171 613
613 620
620 613
613 619
619 613
613 616
616 613
613 605
605 613
613 169
169 613
613 168
168 613
613 628
628 613
613 177
177 613
168 169
169 168
168 178
178 168
168 184
184 168
168 186
186 168
168 611
611 168
168 614
614 168
168 615
615 168
168 616
616 168
611 615
615 611
611 616
616 611
611 169
169 611
611 604
604 611
611 614
614 611
611 608
608 611
604 615
615 604
604 616
616 604
604 608
608 604
604 169
169 604
604 614
614 604
604 605
605 604
604 329
329 604
604 838
838 604
604 836
836 604
604 619
619 604
604 171
171 604
615 616
616 615
615 608
608 615
615 614
614 615
615 645
645 615
615 169
169 615
616 169
169 616
616 614
614 616
616 641
641 616
616 645
645 616
616 608
608 616
605 619
619 605
605 329
329 605
605 333
333 605
605 608
608 605
605 177
177 605
608 838
838 608
608 614
614 608
169 614
614 169
169 178
178 169
169 186
186 169
169 628
628 169
614 641
641 614
614 171
171 614
614 619
619 614
617 618
618 617
617 171
171 617
617 170
170 617
617 333
333 617
617 840
840 617
617 197
197 617
617 334
334 617
617 655
655 617
170 618
618 170
170 840
840 170
170 333
333 170
170 334
334 170
170 327
327 170
170 839
839 170
170 197
197 170
170 325
325 170
170 332
332 170
618 839
839 618
618 840
840 618
618 333
333 618
618 655
655 618
618 197
197 618
618 171
171 618
618 654
654 618
171 619
619 171
171 654
654 171
171 197
197 171
171 655
655 171
171 620
620 171
171 642
642 171
171 172
172 171
171 621
621 171
171 193
193 171
171 192
192 171
171 174
174 171
620 619
619 620
620 172
172 620
620 173
173 620
620 174
174 620
620 621
621 620
620 622
622 620
620 175
175 620
620 623
623 620
620 624
624 620
620 177
177 620
619 173
173 619
619 623
623 619
619 622
622 619
619 621
621 619
619 177
177 619
619 174
174 619
619 172
172 619
619 175
175 619
172 638
638 172
172 639
639 172
172 192
192 172
172 193
193 172
172 191
191 172
172 197
197 172
172 621
621 172
173 174
174 173
173 175
175 173
173 621
621 173
173 622
622 173
173 623
623 173
173 624
624 173
623 624
624 623
623 622
622 623
623 175
175 623
623 621
621 623
623 177
177 623
624 622
622 624
624 621
621 624
624 177
177 624
624 175
175 624
624 176
176 624
622 175
175 622
622 621
621 622
622 177
177 622
622 174
174 622
174 621
621 174
174 204
204 174
174 175
175 174
175 621
621 175
621 177
177 621
621 176
176 621
176 177
177 176
176 628
628 176
176 629
629 176
176 630
630 176
176 625
625 176
176 626
626 176
176 632
632 176
625 628
628 625
625 626
626 625
625 179
179 625
625 631
631 625
625 629
629 625
625 632
632 625
625 180
180 625
625 177
177 625
625 329
329 625
625 630
630 625
177 628
628 177
177 626
626 177
177 329
329 177
177 629
629 177
177 630
630 177
177 178
178 177
628 178
178 628
628 626
626 628
628 629
629 628
628 630
630 628
628 329
329 628
628 179
179 628
628 627
627 628
628 631
631 628
628 180
180 628
628 632
632 628
628 183
183 628
628 181
181 628
627 631
631 627
627 629
629 627
627 633
633 627
627 183
183 627
627 634
634 627
627 178
178 627
627 179
179 627
627 182
182 627
627 181
181 627
627 184
184 627
178 179
179 178
178 629
629 178
178 184
184 178
178 634
634 178
178 633
633 178
178 186
186 178
178 181
181 178
178 626
626 178
178 630
630 178
626 329
329 626
626 179
179 626
626 629
629 626
179 631
631 179
179 629
629 179
179 180
180 179
179 181
181 179
179 632
632 179
179 184
184 179
179 634
634 179
179 186
186 179
179 635
635 179
631 629
629 631
631 632
632 631
631 180
180 631
631 630
630 631
629 630
630 629
629 632
632 629
629 180
180 629
630 632
632 630
632 180
180 632
635 182
182 635
635 634
634 635
635 633
633 635
635 183
183 635
635 184
184 635
635 185
185 635
635 636
636 635
635 637
637 635
635 188
188 635
635 189
189 635
635 186
186 635
635 187
187 635
635 181
181 635
181 182
182 181
181 634
634 181
181 633
633 181
181 184
184 181
181 636
636 181
181 186
186 181
181 187
187 181
181 183
183 181
182 636
636 182
182 183
183 182
182 634
634 182
182 633
633 182
182 188
188 182
182 637
637 182
182 184
184 182
634 633
633 634
634 183
183 634
634 184
184 634
634 185
185 634
634 636
636 634
634 188
188 634
634 637
637 634
634 186
186 634
634 187
187 634
633 183
183 633
633 184
184 633
633 636
636 633
633 185
185 633
633 637
637 633
183 636
636 183
184 636
636 184
184 186
186 184
184 187
187 184
184 637
637 184
184 185
185 184
185 636
636 185
185 186
186 185
185 637
637 185
185 189
189 185
636 186
186 636
636 637
637 636
636 188
188 636
636 189
189 636
636 187
187 636
186 187
187 186
186 637
637 186
637 187
187 637
637 189
189 637
637 188
188 637
187 188
188 187
188 189
189 188
190 638
638 190
190 639
639 190
190 192
192 190
190 199
199 190
190 676
676 190
190 191
191 190
190 193
193 190
190 224
224 190
190 200
200 190
190 675
675 190
638 639
639 638
638 191
191 638
638 192
192 638
638 200
200 638
638 193
193 638
638 199
199 638
639 192
192 639
639 191
191 639
639 193
193 639
191 200
200 191
192 193
193 192
192 654
654 192
192 197
197 192
192 224
224 192
192 199
199 192
192 198
198 192
192 656
656 192
192 655
655 192
192 200
200 192
193 641
641 193
193 642
642 193
193 654
654 193
193 656
656 193
193 200
200 193
193 660
660 193
193 657
657 193
193 198
198 193
640 649
649 640
640 650
650 640
640 641
641 640
640 652
652 640
640 642
642 640
640 651
651 640
640 198
198 640
640 656
656 640
640 653
653 640
640 645
645 640
640 204
204 640
640 196
196 640
640 647
647 640
640 646
646 640
640 648
648 640
640 195
195 640
647 646
646 647
647 195
195 647
647 648
648 647
647 641
641 647
647 652
652 647
647 653
653 647
647 196
196 647
647 651
651 647
647 650
650 647
646 195
195 646
646 648
648 646
646 196
196 646
646 213
213 646
646 641
641 646
646 651
651 646
649 650
650 649
649 641
641 649
649 642
642 649
649 651
651 649
649 204
204 649
649 656
656 649
649 657
657 649
649 658
658 649
649 652
652 649
649 198
198 649
194 677
677 194
194 678
678 194
194 679
679 194
194 231
231 194
194 700
700 194
194 702
702 194
194 686
686 194
194 687
687 194
194 201
201 194
194 699
699 194
650 641
641 650
650 652
652 650
650 651
651 650
650 198
198 650
650 657
657 650
650 656
656 650
650 653
653 650
650 642
642 650
650 196
196 650
650 195
195 650
650 665
665 650
650 204
204 650
195 196
196 195
195 205
205 195
195 211
211 195
195 213
213 195
195 648
648 195
195 651
651 195
195 652
652 195
195 653
653 195
648 652
652 648
648 653
653 648
648 196
196 648
648 641
641 648
648 651
651 648
648 645
645 648
641 652
652 641
641 653
653 641
641 645
645 641
641 196
196 641
641 651
651 641
641 642
642 641
641 656
656 641
641 198
198 641
652 653
653 652
652 645
645 652
652 651
651 652
652 196
196 652
653 196
196 653
653 651
651 653
653 678
678 653
653 682
682 653
653 645
645 653
642 656
656 642
642 645
645 642
642 204
204 642
645 651
651 645
196 651
651 196
196 205
205 196
196 213
213 196
196 665
665 196
651 678
678 651
651 682
682 651
651 198
198 651
651 656
656 651
654 655
655 654
654 198
198 654
654 692
692 654
654 197
197 654
654 224
224 654
197 655
655 197
197 224
224 197
655 692
692 655
655 224
224 655
655 198
198 655
655 691
691 655
198 656
656 198
198 691
691 198
198 224
224 198
198 692
692 198
198 657
657 198
198 679
679 198
198 199
199 198
198 658
658 198
198 219
219 198
198 220
220 198
198 201
201 198
657 656
656 657
657 199
199 657
657 200
200 657
657 201
201 657
657 658
658 657
657 659
659 657
657 202
202 657
657 660
660 657
657 661
661 657
657 204
204 657
656 200
200 656
656 660
660 656
656 659
659 656
656 658
658 656
656 204
204 656
656 201
201 656
656 199
199 656
656 202
202 656
199 675
675 199
199 676
676 199
199 219
219 199
199 220
220 199
199 224
224 199
199 691
691 199
199 658
658 199
199 218
218 199
200 201
201 200
200 202
202 200
200 658
658 200
200 659
659 200
200 660
660 200
200 661
661 200
660 661
661 660
660 659
659 660
660 202
202 660
660 658
658 660
660 204
204 660
661 659
659 661
661 658
658 661
661 204
204 661
661 202
202 661
661 203
203 661
659 202
202 659
659 658
658 659
659 204
204 659
659 201
201 659
201 658
658 201
201 202
202 201
201 220
220 201
202 658
658 202
658 204
204 658
658 203
203 658
203 204
204 203
203 665
665 203
203 666
666 203
203 667
667 203
203 662
662 203
203 663
663 203
203 669
669 203
662 665
665 662
662 663
663 662
662 206
206 662
662 668
668 662
662 666
666 662
662 669
669 662
662 207
207 662
662 204
204 662
662 667
667 662
204 665
665 204
204 663
663 204
204 666
666 204
204 667
667 204
204 205
205 204
665 205
205 665
665 663
663 665
665 666
666 665
665 667
667 665
665 206
206 665
665 664
664 665
665 668
668 665
665 207
207 665
665 669
669 665
665 210
210 665
665 208
208 665
664 668
668 664
664 666
666 664
664 670
670 664
664 210
210 664
664 671
671 664
664 205
205 664
664 206
206 664
664 209
209 664
664 208
208 664
664 211
211 664
205 206
206 205
205 666
666 205
205 211
211 205
205 671
671 205
205 670
670 205
205 213
213 205
205 208
208 205
205 663
663 205
205 667
667 205
663 206
206 663
663 666
666 663
206 668
668 206
206 666
666 206
206 207
207 206
206 208
208 206
206 669
669 206
206 211
211 206
206 671
671 206
206 213
213 206
206 672
672 206
668 666
666 668
668 669
669 668
668 207
207 668
668 667
667 668
666 667
667 666
666 669
669 666
666 207
207 666
667 669
669 667
669 207
207 669
672 209
209 672
672 671
671 672
672 670
670 672
672 210
210 672
672 211
211 672
672 212
212 672
672 673
673 672
672 674
674 672
672 215
215 672
672 216
216 672
672 213
213 672
672 214
214 672
672 208
208 672
208 209
209 208
208 671
671 208
208 670
670 208
208 211
211 208
208 673
673 208
208 213
213 208
208 214
214 208
208 210
210 208
209 673
673 209
209 210
210 209
209 671
671 209
209 670
670 209
209 215
215 209
209 674
674 209
209 211
211 209
671 670
670 671
671 210
210 671
671 211
211 671
671 212
212 671
671 673
673 671
671 215
215 671
671 674
674 671
671 213
213 671
671 214
214 671
670 210
210 670
670 211
211 670
670 673
673 670
670 212
212 670
670 674
674 670
210 673
673 210
211 673
673 211
211 213
213 211
211 214
214 211
211 674
674 211
211 212
212 211
212 673
673 212
212 213
213 212
212 674
674 212
212 216
216 212
673 213
213 673
673 674
674 673
673 215
215 673
673 216
216 673
673 214
214 673
213 214
214 213
213 674
674 213
674 214
214 674
674 216
216 674
674 215
215 674
214 215
215 214
215 216
216 215
217 675
675 217
217 676
676 217
217 219
219 217
217 226
226 217
217 713
713 217
217 218
218 217
217 220
220 217
217 227
227 217
217 712
712 217
675 676
676 675
675 218
218 675
675 219
219 675
675 227
227 675
675 220
220 675
675 226
226 675
676 219
219 676
676 218
218 676
676 220
220 676
218 227
227 218
219 220
220 219
219 691
691 219
219 224
224 219
219 251
251 219
219 226
226 219
219 225
225 219
219 693
693 219
219 692
692 219
219 227
227 219
220 678
678 220
220 679
679 220
220 691
691 220
220 693
693 220
220 227
227 220
220 697
697 220
220 694
694 220
220 225
225 220
677 686
686 677
677 687
687 677
677 678
678 677
677 689
689 677
677 679
679 677
677 688
688 677
677 225
225 677
677 694
694 677
677 693
693 677
677 690
690 677
677 682
682 677
677 231
231 677
677 223
223 677
677 684
684 677
677 683
683 677
677 685
685 677
677 222
222 677
684 683
683 684
684 222
222 684
684 685
685 684
684 678
678 684
684 689
689 684
684 690
690 684
684 223
223 684
684 688
688 684
684 687
687 684
683 222
222 683
683 685
685 683
683 223
223 683
683 240
240 683
683 678
678 683
683 688
688 683
686 687
687 686
686 678
678 686
686 679
679 686
686 688
688 686
686 231
231 686
686 693
693 686
686 694
694 686
686 695
695 686
686 689
689 686
686 225
225 686
221 714
714 221
221 715
715 221
221 716
716 221
221 258
258 221
221 737
737 221
221 739
739 221
221 723
723 221
221 724
724 221
221 228
228 221
221 736
736 221
687 678
678 687
687 689
689 687
687 688
688 687
687 225
225 687
687 694
694 687
687 693
693 687
687 690
690 687
687 679
679 687
687 223
223 687
687 222
222 687
687 702
702 687
687 231
231 687
222 223
223 222
222 232
232 222
222 238
238 222
222 240
240 222
222 685
685 222
222 688
688 222
222 689
689 222
222 690
690 222
685 689
689 685
685 690
690 685
685 223
223 685
685 678
678 685
685 688
688 685
685 682
682 685
678 689
689 678
678 690
690 678
678 682
682 678
678 223
223 678
678 688
688 678
678 679
679 678
678 693
693 678
678 225
225 678
689 690
690 689
689 682
682 689
689 688
688 689
689 223
223 689
690 223
223 690
690 688
688 690
690 715
715 690
690 719
719 690
690 682
682 690
679 693
693 679
679 682
682 679
679 231
231 679
682 688
688 682
223 688
688 223
223 232
232 223
223 240
240 223
223 702
702 223
688 715
715 688
688 225
225 688
688 693
693 688
691 692
692 691
691 225
225 691
691 224
224 691
691 251
251 691
691 729
729 691
224 692
692 224
224 251
251 224
692 729
729 692
692 251
251 692
692 225
225 692
692 728
728 692
225 693
693 225
225 728
728 225
225 251
251 225
225 729
729 225
225 694
694 225
225 716
716 225
225 226
226 225
225 695
695 225
225 247
247 225
225 246
246 225
225 228
228 225
694 693
693 694
694 226
226 694
694 227
227 694
694 228
228 694
694 695
695 694
694 696
696 694
694 229
229 694
694 697
697 694
694 698
698 694
694 231
231 694
693 227
227 693
693 697
697 693
693 696
696 693
693 695
695 693
693 231
231 693
693 228
228 693
693 226
226 693
693 229
229 693
226 712
712 226
226 713
713 226
226 246
246 226
226 247
247 226
226 245
245 226
226 251
251 226
226 695
695 226
227 228
228 227
227 229
229 227
227 695
695 227
227 696
696 227
227 697
697 227
227 698
698 227
697 698
698 697
697 696
696 697
697 229
229 697
697 695
695 697
697 231
231 697
698 696
696 698
698 695
695 698
698 231
231 698
698 229
229 698
698 230
230 698
696 229
229 696
696 695
695 696
696 231
231 696
696 228
228 696
228 695
695 228
228 258
258 228
228 229
229 228
229 695
695 229
695 231
231 695
695 230
230 695
230 231
231 230
230 702
702 230
230 703
703 230
230 704
704 230
230 699
699 230
230 700
700 230
230 706
706 230
699 702
702 699
699 700
700 699
699 233
233 699
699 705
705 699
699 703
703 699
699 706
706 699
699 234
234 699
699 231
231 699
699 704
704 699
231 702
702 231
231 700
700 231
231 703
703 231
231 704
704 231
231 232
232 231
702 232
232 702
702 700
700 702
702 703
703 702
702 704
704 702
702 233
233 702
702 701
701 702
702 705
705 702
702 234
234 702
702 706
706 702
702 237
237 702
702 235
235 702
701 705
705 701
701 703
703 701
701 707
707 701
701 237
237 701
701 708
708 701
701 232
232 701
701 233
233 701
701 236
236 701
701 235
235 701
701 238
238 701
232 233
233 232
232 703
703 232
232 238
238 232
232 708
708 232
232 707
707 232
232 240
240 232
232 235
235 232
232 700
700 232
232 704
704 232
700 233
233 700
700 703
703 700
233 705
705 233
233 703
703 233
233 234
234 233
233 235
235 233
233 706
706 233
233 238
238 233
233 708
708 233
233 240
240 233
233 709
709 233
705 703
703 705
705 706
706 705
705 234
234 705
705 704
704 705
703 704
704 703
703 706
706 703
703 234
234 703
704 706
706 704
706 234
234 706
709 236
236 709
709 708
708 709
709 707
707 709
709 237
237 709
709 238
238 709
709 239
239 709
709 710
710 709
709 711
711 709
709 242
242 709
709 243
243 709
709 240
240 709
709 241
241 709
709 235
235 709
235 236
236 235
235 708
708 235
235 707
707 235
235 238
238 235
235 710
710 235
235 240
240 235
235 241
241 235
235 237
237 235
236 710
710 236
236 237
237 236
236 708
708 236
236 707
707 236
236 242
242 236
236 711
711 236
236 238
238 236
708 707
707 708
708 237
237 708
708 238
238 708
708 239
239 708
708 710
710 708
708 242
242 708
708 711
711 708
708 240
240 708
708 241
241 708
707 237
237 707
707 238
238 707
707 710
710 707
707 239
239 707
707 711
711 707
237 710
710 237
238 710
710 238
238 240
240 238
238 241
241 238
238 711
711 238
238 239
239 238
239 710
710 239
239 240
240 239
239 711
711 239
239 243
243 239
710 240
240 710
710 711
711 710
710 242
242 710
710 243
243 710
710 241
241 710
240 241
241 240
240 711
711 240
711 241
241 711
711 243
243 711
711 242
242 711
241 242
242 241
242 243
243 242
244 712
712 244
244 713
713 244
244 246
246 244
244 253
253 244
244 750
750 244
244 245
245 244
244 247
247 244
244 278
278 244
244 254
254 244
244 749
749 244
712 713
713 712
712 245
245 712
712 246
246 712
712 254
254 712
712 247
247 712
712 253
253 712
713 246
246 713
713 245
245 713
713 247
247 713
245 254
254 245
246 247
247 246
246 728
728 246
246 251
251 246
246 278
278 246
246 253
253 246
246 252
252 246
246 730
730 246
246 729
729 246
246 254
254 246
247 715
715 247
247 716
716 247
247 728
728 247
247 730
730 247
247 254
254 247
247 734
734 247
247 731
731 247
247 252
252 247
714 723
723 714
714 724
724 714
714 715
715 714
714 726
726 714
714 716
716 714
714 725
725 714
714 252
252 714
714 730
730 714
714 727
727 714
714 719
719 714
714 258
258 714
714 250
250 714
714 721
721 714
714 720
720 714
714 722
722 714
714 249
249 714
721 720
720 721
721 249
249 721
721 722
722 721
721 715
715 721
721 726
726 721
721 727
727 721
721 250
250 721
721 725
725 721
721 724
724 721
720 249
249 720
720 722
722 720
720 250
250 720
720 267
267 720
720 715
715 720
720 725
725 720
723 724
724 723
723 715
715 723
723 716
716 723
723 725
725 723
723 258
258 723
723 730
730 723
723 731
731 723
723 732
732 723
723 726
726 723
723 252
252 723
248 751
751 248
248 752
752 248
248 285
285 248
248 753
753 248
248 774
774 248
248 776
776 248
248 760
760 248
248 255
255 248
248 773
773 248
724 715
715 724
724 726
726 724
724 725
725 724
724 252
252 724
724 731
731 724
724 730
730 724
724 727
727 724
724 716
716 724
724 250
250 724
724 249
249 724
724 739
739 724
724 258
258 724
249 250
250 249
249 259
259 249
249 265
265 249
249 267
267 249
249 722
722 249
249 725
725 249
249 726
726 249
249 727
727 249
722 726
726 722
722 727
727 722
722 250
250 722
722 715
715 722
722 725
725 722
722 719
719 722
715 726
726 715
715 727
727 715
715 719
719 715
715 250
250 715
715 725
725 715
715 716
716 715
715 730
730 715
715 252
252 715
726 727
727 726
726 719
719 726
726 725
725 726
726 250
250 726
727 250
250 727
727 725
725 727
727 752
752 727
727 756
756 727
727 719
719 727
716 730
730 716
716 719
719 716
716 258
258 716
719 725
725 719
250 725
725 250
250 259
259 250
250 267
267 250
250 739
739 250
725 752
752 725
725 252
252 725
725 730
730 725
728 729
729 728
728 252
252 728
728 766
766 728
728 251
251 728
728 278
278 728
251 729
729 251
251 278
278 251
729 766
766 729
729 278
278 729
729 765
765 729
729 252
252 729
252 730
730 252
252 765
765 252
252 278
278 252
252 766
766 252
252 731
731 252
252 753
753 252
252 253
253 252
252 732
732 252
252 273
273 252
252 274
274 252
252 255
255 252
731 730
730 731
731 253
253 731
731 254
254 731
731 255
255 731
731 732
732 731
731 733
733 731
731 256
256 731
731 734
734 731
731 735
735 731
731 258
258 731
730 254
254 730
730 734
734 730
730 733
733 730
730 732
732 730
730 258
258 730
730 255
255 730
730 253
253 730
730 256
256 730
253 749
749 253
253 750
750 253
253 273
273 253
253 274
274 253
253 272
272 253
253 278
278 253
253 732
732 253
254 255
255 254
254 256
256 254
254 732
732 254
254 733
733 254
254 734
734 254
254 735
735 254
734 735
735 734
734 733
733 734
734 256
256 734
734 732
732 734
734 258
258 734
735 733
733 735
735 732
732 735
735 258
258 735
735 256
256 735
735 257
257 735
733 256
256 733
733 732
732 733
733 258
258 733
733 255
255 733
255 732
732 255
255 256
256 255
256 732
732 256
732 258
258 732
732 257
257 732
257 258
258 257
257 739
739 257
257 740
740 257
257 741
741 257
257 736
736 257
257 737
737 257
257 743
743 257
736 739
739 736
736 737
737 736
736 260
260 736
736 742
742 736
736 740
740 736
736 743
743 736
736 261
261 736
736 258
258 736
736 741
741 736
258 739
739 258
258 737
737 258
258 740
740 258
258 741
741 258
258 259
259 258
739 259
259 739
739 737
737 739
739 740
740 739
739 741
741 739
739 260
260 739
739 738
738 739
739 742
742 739
739 261
261 739
739 743
743 739
739 264
264 739
739 262
262 739
738 742
742 738
738 740
740 738
738 744
744 738
738 264
264 738
738 745
745 738
738 259
259 738
738 260
260 738
738 263
263 738
738 262
262 738
738 265
265 738
259 260
260 259
259 740
740 259
259 265
265 259
259 745
745 259
259 744
744 259
259 267
267 259
259 262
262 259
259 737
737 259
259 741
741 259
737 260
260 737
737 740
740 737
260 742
742 260
260 740
740 260
260 261
261 260
260 262
262 260
260 743
743 260
260 265
265 260
260 745
745 260
260 267
267 260
260 746
746 260
742 740
740 742
742 743
743 742
742 261
261 742
742 741
741 742
740 741
741 740
740 743
743 740
740 261
261 740
741 743
743 741
743 261
261 743
746 263
263 746
746 745
745 746
746 744
744 746
746 264
264 746
746 265
265 746
746 266
266 746
746 747
747 746
746 748
748 746
746 269
269 746
746 270
270 746
746 267
267 746
746 268
268 746
746 262
262 746
262 263
263 262
262 745
745 262
262 744
744 262
262 265
265 262
262 747
747 262
262 267
267 262
262 268
268 262
262 264
264 262
263 747
747 263
263 264
264 263
263 745
745 263
263 744
744 263
263 269
269 263
263 748
748 263
263 265
265 263
745 744
744 745
745 264
264 745
745 265
265 745
745 266
266 745
745 747
747 745
745 269
269 745
745 748
748 745
745 267
267 745
745 268
268 745
744 264
264 744
744 265
265 744
744 747
747 744
744 266
266 744
744 748
748 744
264 747
747 264
265 747
747 265
265 267
267 265
265 268
268 265
265 748
748 265
265 266
266 265
266 747
747 266
266 267
267 266
266 748
748 266
266 270
270 266
747 267
267 747
747 748
748 747
747 269
269 747
747 270
270 747
747 268
268 747
267 268
268 267
267 748
748 267
748 268
268 748
748 270
270 748
748 269
269 748
268 269
269 268
269 270
270 269
271 749
749 271
271 750
750 271
271 273
273 271
271 280
280 271
271 787
787 271
271 272
272 271
271 274
274 271
271 281
281 271
271 786
786 271
749 750
750 749
749 272
272 749
749 273
273 749
749 281
281 749
749 274
274 749
749 280
280 749
750 273
273 750
750 272
272 750
750 274
274 750
272 281
281 272
273 274
274 273
273 765
765 273
273 278
278 273
273 305
305 273
273 280
280 273
273 279
279 273
273 767
767 273
273 766
766 273
273 281
281 273
274 752
752 274
274 753
753 274
274 765
765 274
274 767
767 274
274 281
281 274
274 771
771 274
274 768
768 274
274 279
279 274
751 760
760 751
751 761
761 751
751 752
752 751
751 763
763 751
751 753
753 751
751 762
762 751
751 279
279 751
751 768
768 751
751 767
767 751
751 764
764 751
751 756
756 751
751 285
285 751
751 277
277 751
751 758
758 751
751 757
757 751
751 759
759 751
751 276
276 751
758 757
757 758
758 276
276 758
758 759
759 758
758 752
752 758
758 763
763 758
758 764
764 758
758 277
277 758
758 762
762 758
758 761
761 758
757 276
276 757
757 759
759 757
757 277
277 757
757 294
294 757
757 752
752 757
757 762
762 757
760 761
761 760
760 752
752 760
760 753
753 760
760 762
762 760
760 285
285 760
760 767
767 760
760 768
768 760
760 769
769 760
760 763
763 760
760 279
279 760
275 788
788 275
275 789
789 275
275 790
790 275
275 312
312 275
275 811
811 275
275 813
813 275
275 797
797 275
275 798
798 275
275 282
282 275
275 810
810 275
761 752
752 761
761 763
763 761
761 762
762 761
761 279
279 761
761 768
768 761
761 767
767 761
761 764
764 761
761 753
753 761
761 277
277 761
761 276
276 761
761 776
776 761
761 285
285 761
276 277
277 276
276 286
286 276
276 292
292 276
276 294
294 276
276 759
759 276
276 762
762 276
276 763
763 276
276 764
764 276
759 763
763 759
759 764
764 759
759 277
277 759
759 752
752 759
759 762
762 759
759 756
756 759
752 763
763 752
752 764
764 752
752 756
756 752
752 277
277 752
752 762
762 752
752 753
753 752
752 767
767 752
752 279
279 752
763 764
764 763
763 756
756 763
763 762
762 763
763 277
277 763
764 277
277 764
764 762
762 764
764 789
789 764
764 793
793 764
764 756
756 764
753 767
767 753
753 756
756 753
753 285
285 753
756 762
762 756
277 762
762 277
277 286
286 277
277 294
294 277
277 776
776 277
762 789
789 762
762 279
279 762
762 767
767 762
765 766
766 765
765 279
279 765
765 278
278 765
765 305
305 765
765 803
803 765
278 766
766 278
278 305
305 278
766 803
803 766
766 305
305 766
766 279
279 766
766 802
802 766
279 767
767 279
279 802
802 279
279 305
305 279
279 803
803 279
279 768
768 279
279 790
790 279
279 280
280 279
279 769
769 279
279 301
301 279
279 300
300 279
279 282
282 279
768 767
767 768
768 280
280 768
768 281
281 768
768 282
282 768
768 769
769 768
768 770
770 768
768 283
283 768
768 771
771 768
768 772
772 768
768 285
285 768
767 281
281 767
767 771
771 767
767 770
770 767
767 769
769 767
767 285
285 767
767 282
282 767
767 280
280 767
767 283
283 767
280 786
786 280
280 787
787 280
280 300
300 280
280 301
301 280
280 299
299 280
280 305
305 280
280 769
769 280
281 282
282 281
281 283
283 281
281 769
769 281
281 770
770 281
281 771
771 281
281 772
772 281
771 772
772 771
771 770
770 771
771 283
283 771
771 769
769 771
771 285
285 771
772 770
770 772
772 769
769 772
772 285
285 772
772 283
283 772
772 284
284 772
770 283
283 770
770 769
769 770
770 285
285 770
770 282
282 770
282 769
769 282
282 312
312 282
282 283
283 282
283 769
769 283
769 285
285 769
769 284
284 769
284 285
285 284
284 776
776 284
284 777
777 284
284 778
778 284
284 773
773 284
284 774
774 284
284 780
780 284
773 776
776 773
773 774
774 773
773 287
287 773
773 779
779 773
773 777
777 773
773 780
780 773
773 288
288 773
773 285
285 773
773 778
778 773
285 776
776 285
285 774
774 285
285 777
777 285
285 778
778 285
285 286
286 285
776 286
286 776
776 774
774 776
776 777
777 776
776 778
778 776
776 287
287 776
776 775
775 776
776 779
779 776
776 288
288 776
776 780
780 776
776 291
291 776
776 289
289 776
775 779
779 775
775 777
777 775
775 781
781 775
775 291
291 775
775 782
782 775
775 286
286 775
775 287
287 775
775 290
290 775
775 289
289 775
775 292
292 775
286 287
287 286
286 777
777 286
286 292
292 286
286 782
782 286
286 781
781 286
286 294
294 286
286 289
289 286
286 774
774 286
286 778
778 286
774 287
287 774
774 777
777 774
287 779
779 287
287 777
777 287
287 288
288 287
287 289
289 287
287 780
780 287
287 292
292 287
287 782
782 287
287 294
294 287
287 783
783 287
779 777
777 779
779 780
780 779
779 288
288 779
779 778
778 779
777 778
778 777
777 780
780 777
777 288
288 777
778 780
780 778
780 288
288 780
783 290
290 783
783 782
782 783
783 781
781 783
783 291
291 783
783 292
292 783
783 293
293 783
783 784
784 783
783 785
785 783
783 296
296 783
783 297
297 783
783 294
294 783
783 295
295 783
783 289
289 783
289 290
290 289
289 782
782 289
289 781
781 289
289 292
292 289
289 784
784 289
289 294
294 289
289 295
295 289
289 291
291 289
290 784
784 290
290 291
291 290
290 782
782 290
290 781
781 290
290 296
296 290
290 785
785 290
290 292
292 290
782 781
781 782
782 291
291 782
782 292
292 782
782 293
293 782
782 784
784 782
782 296
296 782
782 785
785 782
782 294
294 782
782 295
295 782
781 291
291 781
781 292
292 781
781 784
784 781
781 293
293 781
781 785
785 781
291 784
784 291
292 784
784 292
292 294
294 292
292 295
295 292
292 785
785 292
292 293
293 292
293 784
784 293
293 294
294 293
293 785
785 293
293 297
297 293
784 294
294 784
784 785
785 784
784 296
296 784
784 297
297 784
784 295
295 784
294 295
295 294
294 785
785 294
785 295
295 785
785 297
297 785
785 296
296 785
295 296
296 295
296 297
297 296
298 786
786 298
298 787
787 298
298 300
300 298
298 307
307 298
298 824
824 298
298 299
299 298
298 301
301 298
298 308
308 298
298 823
823 298
786 787
787 786
786 299
299 786
786 300
300 786
786 308
308 786
786 301
301 786
786 307
307 786
787 300
300 787
787 299
299 787
787 301
301 787
299 308
308 299
300 301
301 300
300 802
802 300
300 305
305 300
300 332
332 300
300 307
307 300
300 306
306 300
300 804
804 300
300 803
803 300
300 308
308 300
301 789
789 301
301 790
790 301
301 802
802 301
301 804
804 301
301 308
308 301
301 808
808 301
301 805
805 301
301 306
306 301
788 797
797 788
788 798
798 788
788 789
789 788
788 800
800 788
788 790
790 788
788 799
799 788
788 306
306 788
788 804
804 788
788 801
801 788
788 793
793 788
788 312
312 788
788 304
304 788
788 795
795 788
788 794
794 788
788 796
796 788
788 303
303 788
795 794
794 795
795 303
303 795
795 796
796 795
795 789
789 795
795 800
800 795
795 801
801 795
795 304
304 795
795 799
799 795
795 798
798 795
794 303
303 794
794 796
796 794
794 304
304 794
794 321
321 794
794 789
789 794
794 799
799 794
797 798
798 797
797 789
789 797
797 790
790 797
797 799
799 797
797 312
312 797
797 804
804 797
797 805
805 797
797 806
806 797
797 800
800 797
797 306
306 797
302 825
825 302
302 826
826 302
302 827
827 302
302 339
339 302
302 848
848 302
302 834
834 302
302 850
850 302
302 835
835 302
302 309
309 302
302 847
847 302
798 789
789 798
798 800
800 798
798 799
799 798
798 306
306 798
798 805
805 798
798 804
804 798
798 801
801 798
798 790
790 798
798 304
304 798
798 303
303 798
798 813
813 798
798 312
312 798
303 304
304 303
303 313
313 303
303 319
319 303
303 321
321 303
303 796
796 303
303 799
799 303
303 800
800 303
303 801
801 303
796 800
800 796
796 801
801 796
796 304
304 796
796 789
789 796
796 799
799 796
796 793
793 796
789 800
800 789
789 801
801 789
789 793
793 789
789 304
304 789
789 799
799 789
789 790
790 789
789 804
804 789
789 306
306 789
800 801
801 800
800 793
793 800
800 799
799 800
800 830
830 800
800 304
304 800
801 304
304 801
801 799
799 801
801 826
826 801
801 830
830 801
801 793
793 801
790 804
804 790
790 793
793 790
790 312
312 790
793 799
799 793
304 799
799 304
304 313
313 304
304 321
321 304
304 813
813 304
799 826
826 799
799 830
830 799
799 306
306 799
799 804
804 799
802 803
803 802
802 306
306 802
802 840
840 802
802 305
305 802
802 332
332 802
305 803
803 305
305 332
332 305
803 840
840 803
803 332
332 803
803 306
306 803
803 839
839 803
306 804
804 306
306 839
839 306
306 332
332 306
306 840
840 306
306 805
805 306
306 827
827 306
306 307
307 306
306 806
806 306
306 328
328 306
306 327
327 306
306 309
309 306
805 804
804 805
805 307
307 805
805 308
308 805
805 309
309 805
805 806
806 805
805 807
807 805
805 310
310 805
805 808
808 805
805 809
809 805
805 312
312 805
804 308
308 804
804 808
808 804
804 807
807 804
804 806
806 804
804 312
312 804
804 309
309 804
804 307
307 804
804 310
310 804
307 823
823 307
307 824
824 307
307 327
327 307
307 328
328 307
307 326
326 307
307 332
332 307
307 806
806 307
308 309
309 308
308 310
310 308
308 806
806 308
308 807
807 308
308 808
808 308
308 809
809 308
808 809
809 808
808 807
807 808
808 310
310 808
808 806
806 808
808 312
312 808
809 807
807 809
809 806
806 809
809 312
312 809
809 310
310 809
809 311
311 809
807 310
310 807
807 806
806 807
807 312
312 807
807 309
309 807
309 806
806 309
309 310
310 309
309 328
328 309
310 806
806 310
806 312
312 806
806 311
311 806
311 312
312 311
311 813
813 311
311 814
814 311
311 815
815 311
311 810
810 311
311 811
811 311
311 817
817 311
810 813
813 810
810 811
811 810
810 314
314 810
810 816
816 810
810 814
814 810
810 817
817 810
810 315
315 810
810 312
312 810
810 815
815 810
312 813
813 312
312 811
811 312
312 814
814 312
312 815
815 312
312 313
313 312
813 313
313 813
813 811
811 813
813 814
814 813
813 815
815 813
813 314
314 813
813 812
812 813
813 816
816 813
813 315
315 813
813 817
817 813
813 318
318 813
813 316
316 813
812 816
816 812
812 814
814 812
812 818
818 812
812 318
318 812
812 819
819 812
812 313
313 812
812 314
314 812
812 317
317 812
812 316
316 812
812 319
319 812
313 314
314 313
313 814
814 313
313 319
319 313
313 819
819 313
313 818
818 313
313 321
321 313
313 316
316 313
313 811
811 313
313 815
815 313
811 314
314 811
811 814
814 811
314 816
816 314
314 814
814 314
314 315
315 314
314 316
316 314
314 817
817 314
314 319
319 314
314 819
819 314
314 321
321 314
314 820
820 314
816 814
814 816
816 817
817 816
816 315
315 816
816 815
815 816
814 815
815 814
814 817
817 814
814 315
315 814
815 817
817 815
817 315
315 817
820 317
317 820
820 819
819 820
820 818
818 820
820 318
318 820
820 319
319 820
820 320
320 820
820 821
821 820
820 822
822 820
820 323
323 820
820 324
324 820
820 321
321 820
820 322
322 820
820 316
316 820
316 317
317 316
316 819
819 316
316 818
818 316
316 319
319 316
316 821
821 316
316 321
321 316
316 322
322 316
316 318
318 316
317 821
821 317
317 318
318 317
317 819
819 317
317 818
818 317
317 323
323 317
317 822
822 317
317 319
319 317
819 818
818 819
819 318
318 819
819 319
319 819
819 320
320 819
819 821
821 819
819 323
323 819
819 822
822 819
819 321
321 819
819 322
322 819
818 318
318 818
818 319
319 818
818 821
821 818
818 320
320 818
818 822
822 818
318 821
821 318
319 821
821 319
319 321
321 319
319 322
322 319
319 822
822 319
319 320
320 319
320 821
821 320
320 321
321 320
320 822
822 320
320 324
324 320
821 321
321 821
821 822
822 821
821 323
323 821
821 324
324 821
821 322
322 821
321 322
322 321
321 822
822 321
822 322
322 822
822 324
324 822
822 323
323 822
322 323
323 322
323 324
324 323
325 823
823 325
325 824
824 325
325 327
327 325
325 334
334 325
325 326
326 325
325 328
328 325
325 335
335 325
823 824
824 823
823 326
326 823
823 327
327 823
823 335
335 823
823 328
328 823
823 334
334 823
824 327
327 824
824 326
326 824
824 328
328 824
326 335
335 326
327 328
328 327
327 839
839 327
327 332
332 327
327 334
334 327
327 333
333 327
327 841
841 327
327 840
840 327
327 335
335 327
328 826
826 328
328 827
827 328
328 839
839 328
328 841
841 328
328 335
335 328
328 845
845 328
328 842
842 328
328 333
333 328
825 834
834 825
825 835
835 825
825 826
826 825
825 837
837 825
825 827
827 825
825 836
836 825
825 333
333 825
825 842
842 825
825 841
841 825
825 838
838 825
825 830
830 825
825 339
339 825
825 331
331 825
825 832
832 825
825 831
831 825
825 833
833 825
825 330
330 825
832 831
831 832
832 330
330 832
832 833
833 832
832 826
826 832
832 837
837 832
832 838
838 832
832 331
331 832
832 836
836 832
832 835
835 832
831 330
330 831
831 833
833 831
831 331
331 831
831 348
348 831
831 826
826 831
831 836
836 831
834 835
835 834
834 826
826 834
834 827
827 834
834 836
836 834
834 339
339 834
834 841
841 834
834 842
842 834
834 843
843 834
834 837
837 834
834 333
333 834
329 336
336 329
835 826
826 835
835 837
837 835
835 836
836 835
835 333
333 835
835 842
842 835
835 841
841 835
835 838
838 835
835 827
827 835
835 331
331 835
835 330
330 835
835 850
850 835
835 339
339 835
330 331
331 330
330 340
340 330
330 346
346 330
330 348
348 330
330 833
833 330
330 836
836 330
330 837
837 330
330 838
838 330
833 837
837 833
833 838
838 833
833 331
331 833
833 826
826 833
833 836
836 833
833 830
830 833
826 837
837 826
826 838
838 826
826 830
830 826
826 331
331 826
826 836
836 826
826 827
827 826
826 841
841 826
826 333
333 826
837 838
838 837
837 830
830 837
837 836
836 837
837 331
331 837
838 331
331 838
838 836
836 838
838 830
830 838
827 841
841 827
827 830
830 827
827 339
339 827
830 836
836 830
331 836
836 331
331 340
340 331
331 348
348 331
331 850
850 331
836 333
333 836
836 841
841 836
839 840
840 839
839 333
333 839
839 332
332 839
332 840
840 332
840 333
333 840
333 841
841 333
333 842
842 333
333 334
334 333
333 843
843 333
333 336
336 333
842 841
841 842
842 334
334 842
842 335
335 842
842 336
336 842
842 843
843 842
842 844
844 842
842 337
337 842
842 845
845 842
842 846
846 842
842 339
339 842
841 335
335 841
841 845
845 841
841 844
844 841
841 843
843 841
841 339
339 841
841 336
336 841
841 334
334 841
841 337
337 841
334 843
843 334
335 336
336 335
335 337
337 335
335 843
843 335
335 844
844 335
335 845
845 335
335 846
846 335
845 846
846 845
845 844
844 845
845 337
337 845
845 843
843 845
845 339
339 845
846 844
844 846
846 843
843 846
846 339
339 846
846 337
337 846
846 338
338 846
844 337
337 844
844 843
843 844
844 339
339 844
844 336
336 844
336 843
843 336
336 337
337 336
337 843
843 337
843 339
339 843
843 338
338 843
338 339
339 338
338 850
850 338
338 851
851 338
338 852
852 338
338 847
847 338
338 848
848 338
338 854
854 338
847 850
850 847
847 848
848 847
847 341
341 847
847 853
853 847
847 851
851 847
847 854
854 847
847 342
342 847
847 339
339 847
847 852
852 847
339 850
850 339
339 848
848 339
339 851
851 339
339 852
852 339
339 340
340 339
850 340
340 850
850 848
848 850
850 851
851 850
850 852
852 850
850 341
341 850
850 849
849 850
850 853
853 850
850 342
342 850
850 854
854 850
850 345
345 850
850 343
343 850
849 853
853 849
849 851
851 849
849 855
855 849
849 345
345 849
849 856
856 849
849 340
340 849
849 341
341 849
849 344
344 849
849 343
343 849
849 346
346 849
340 341
341 340
340 851
851 340
340 346
346 340
340 856
856 340
340 855
855 340
340 348
348 340
340 343
343 340
340 848
848 340
340 852
852 340
848 341
341 848
848 851
851 848
341 853
853 341
341 851
851 341
341 342
342 341
341 343
343 341
341 854
854 341
341 346
346 341
341 856
856 341
341 348
348 341
341 857
857 341
853 851
851 853
853 854
854 853
853 342
342 853
853 852
852 853
851 852
852 851
851 854
854 851
851 342
342 851
852 854
854 852
854 342
342 854
857 344
344 857
857 856
856 857
857 855
855 857
857 345
345 857
857 346
346 857
857 347
347 857
857 858
858 857
857 859
859 857
857 350
350 857
857 351
351 857
857 348
348 857
857 349
349 857
857 343
343 857
343 344
344 343
343 856
856 343
343 855
855 343
343 346
346 343
343 858
858 343
343 348
348 343
343 349
349 343
343 345
345 343
344 858
858 344
344 345
345 344
344 856
856 344
344 855
855 344
344 350
350 344
344 859
859 344
344 346
346 344
856 855
855 856
856 345
345 856
856 346
346 856
856 347
347 856
856 858
858 856
856 350
350 856
856 859
859 856
856 348
348 856
856 349
349 856
855 345
345 855
855 346
346 855
855 858
858 855
855 347
347 855
855 859
859 855
345 858
858 345
346 858
858 346
346 348
348 346
346 349
349 346
346 859
859 346
346 347
347 346
347 858
858 347
347 348
348 347
347 859
859 347
347 351
351 347
858 348
348 858
858 859
859 858
858 350
350 858
858 351
351 858
858 349
349 858
348 349
349 348
348 859
859 348
859 349
349 859
859 351
351 859
859 350
350 859
349 350
350 349
350 351
351 350
352 860
860 352
352 861
861 352
352 354
354 352
352 361
361 352
352 353
353 352
352 355
355 352
352 362
362 352
860 861
861 860
860 353
353 860
860 354
354 860
860 362
362 860
860 355
355 860
860 361
361 860
861 354
354 861
861 353
353 861
861 355
355 861
353 362
362 353
354 355
355 354
354 876
876 354
354 359
359 354
354 361
361 354
354 360
360 354
354 878
878 354
354 877
877 354
354 362
362 354
355 863
863 355
355 864
864 355
355 876
876 355
355 878
878 355
355 362
362 355
355 882
882 355
355 879
879 355
355 360
360 355
862 871
871 862
862 872
872 862
862 863
863 862
862 874
874 862
862 864
864 862
862 873
873 862
862 360
360 862
862 879
879 862
862 878
878 862
862 875
875 862
862 867
867 862
862 366
366 862
862 358
358 862
862 869
869 862
862 868
868 862
862 870
870 862
862 357
357 862
869 868
868 869
869 357
357 869
869 870
870 869
869 863
863 869
869 874
874 869
869 875
875 869
869 358
358 869
869 873
873 869
869 872
872 869
868 357
357 868
868 870
870 868
868 358
358 868
868 375
375 868
868 863
863 868
868 873
873 868
871 872
872 871
871 863
863 871
871 864
864 871
871 873
873 871
871 366
366 871
871 878
878 871
871 879
879 871
871 880
880 871
871 874
874 871
871 360
360 871
356 363
363 356
872 863
863 872
872 874
874 872
872 873
873 872
872 360
360 872
872 879
879 872
872 878
878 872
872 875
875 872
872 864
864 872
872 358
358 872
872 357
357 872
872 887
887 872
872 366
366 872
357 358
358 357
357 367
367 357
357 373
373 357
357 375
375 357
357 870
870 357
357 873
873 357
357 874
874 357
357 875
875 357
870 874
874 870
870 875
875 870
870 358
358 870
870 863
863 870
870 873
873 870
870 867
867 870
863 874
874 863
863 875
875 863
863 867
867 863
863 358
358 863
863 873
873 863
863 864
864 863
863 878
878 863
863 360
360 863
874 875
875 874
874 867
867 874
874 873
873 874
874 358
358 874
875 358
358 875
875 873
873 875
875 867
867 875
864 878
878 864
864 867
867 864
864 366
366 864
867 873
873 867
358 873
873 358
358 367
367 358
358 375
375 358
358 887
887 358
873 360
360 873
873 878
878 873
876 877
877 876
876 360
360 876
876 359
359 876
359 877
877 359
877 360
360 877
360 878
878 360
360 879
879 360
360 361
361 360
360 880
880 360
360 363
363 360
879 878
878 879
879 361
361 879
879 362
362 879
879 363
363 879
879 880
880 879
879 881
881 879
879 364
364 879
879 882
882 879
879 883
883 879
879 366
366 879
878 362
362 878
878 882
882 878
878 881
881 878
878 880
880 878
878 366
366 878
878 363
363 878
878 361
361 878
878 364
364 878
361 880
880 361
362 363
363 362
362 364
364 362
362 880
880 362
362 881
881 362
362 882
882 362
362 883
883 362
882 883
883 882
882 881
881 882
882 364
364 882
882 880
880 882
882 366
366 882
883 881
881 883
883 880
880 883
883 366
366 883
883 364
364 883
883 365
365 883
881 364
364 881
881 880
880 881
881 366
366 881
881 363
363 881
363 880
880 363
363 364
364 363
364 880
880 364
880 366
366 880
880 365
365 880
365 366
366 365
365 887
887 365
365 888
888 365
365 889
889 365
365 884
884 365
365 885
885 365
365 891
891 365
884 887
887 884
884 885
885 884
884 368
368 884
884 890
890 884
884 888
888 884
884 891
891 884
884 369
369 884
884 366
366 884
884 889
889 884
366 887
887 366
366 885
885 366
366 888
888 366
366 889
889 366
366 367
367 366
887 367
367 887
887 885
885 887
887 888
888 887
887 889
889 887
887 368
368 887
887 886
886 887
887 890
890 887
887 369
369 887
887 891
891 887
887 372
372 887
887 370
370 887
886 890
890 886
886 888
888 886
886 892
892 886
886 372
372 886
886 893
893 886
886 367
367 886
886 368
368 886
886 371
371 886
886 370
370 886
886 373
373 886
367 368
368 367
367 888
888 367
367 373
373 367
367 893
893 367
367 892
892 367
367 375
375 367
367 370
370 367
367 885
885 367
367 889
889 367
885 368
368 885
885 888
888 885
368 890
890 368
368 888
888 368
368 369
369 368
368 370
370 368
368 891
891 368
368 373
373 368
368 893
893 368
368 375
375 368
368 894
894 368
890 888
888 890
890 891
891 890
890 369
369 890
890 889
889 890
888 889
889 888
888 891
891 888
888 369
369 888
889 891
891 889
891 369
369 891
894 371
371 894
894 893
893 894
894 892
892 894
894 372
372 894
894 373
373 894
894 374
374 894
894 895
895 894
894 896
896 894
894 377
377 894
894 378
378 894
894 375
375 894
894 376
376 894
894 370
370 894
370 371
371 370
370 893
893 370
370 892
892 370
370 373
373 370
370 895
895 370
370 375
375 370
370 376
376 370
370 372
372 370
371 895
895 371
371 372
372 371
371 893
893 371
371 892
892 371
371 377
377 371
371 896
896 371
371 373
373 371
893 892
892 893
893 372
372 893
893 373
373 893
893 374
374 893
893 895
895 893
893 377
377 893
893 896
896 893
893 375
375 893
893 376
376 893
892 372
372 892
892 373
373 892
892 895
895 892
892 374
374 892
892 896
896 892
372 895
895 372
373 895
895 373
373 375
375 373
373 376
376 373
373 896
896 373
373 374
374 373
374 895
895 374
374 375
375 374
374 896
896 374
374 378
378 374
895 375
375 895
895 896
896 895
895 377
377 895
895 378
378 895
895 376
376 895
375 376
376 375
375 896
896 375
896 376
376 896
896 378
378 896
896 377
377 896
376 377
377 376
377 378
378 377
