350
1 64
64 1
1 2
2 1
1 65
65 1
1 14
14 1
1 134
134 1
1 133
133 1
1 13
13 1
1 3
3 1
1 66
66 1
1 67
67 1
1 4
4 1
1 15
15 1
68 67
67 68
68 2
2 68
68 76
76 68
68 77
77 68
68 69
69 68
68 79
79 68
68 78
78 68
68 4
4 68
68 66
66 68
68 81
81 68
68 74
74 68
68 131
131 68
68 136
136 68
68 137
137 68
68 129
129 68
68 75
75 68
68 134
134 68
68 90
90 68
68 84
84 68
68 95
95 68
67 74
74 67
67 77
77 67
67 79
79 67
67 78
78 67
67 84
84 67
67 90
90 67
67 95
95 67
67 83
83 67
67 94
94 67
67 129
129 67
67 76
76 67
67 75
75 67
67 131
131 67
67 91
91 67
67 136
136 67
67 66
66 67
67 137
137 67
67 139
139 67
67 138
138 67
67 65
65 67
67 69
69 67
67 3
3 67
67 2
2 67
67 64
64 67
2 3
3 2
2 65
65 2
2 66
66 2
2 4
4 2
2 64
64 2
64 65
65 64
64 66
66 64
64 138
138 64
64 3
3 64
64 133
133 64
64 137
137 64
64 136
136 64
64 15
15 64
3 65
65 3
3 66
66 3
3 4
4 3
3 80
80 3
3 81
81 3
76 66
66 76
76 74
74 76
76 77
77 76
76 69
69 76
76 78
78 76
76 80
80 76
76 81
81 76
76 75
75 76
76 91
91 76
76 90
90 76
76 79
79 76
76 83
83 76
76 84
84 76
75 66
66 75
75 74
74 75
75 91
91 75
75 131
131 75
75 136
136 75
75 130
130 75
75 90
90 75
75 129
129 75
75 65
65 75
65 66
66 65
65 74
74 65
65 136
136 65
65 137
137 65
65 138
138 65
65 133
133 65
65 15
15 65
65 134
134 65
66 138
138 66
66 74
74 66
66 77
77 66
74 136
136 74
74 131
131 74
74 137
137 74
74 77
77 74
74 78
78 74
74 91
91 74
74 90
90 74
74 129
129 74
74 134
134 74
74 79
79 74
74 84
84 74
74 83
83 74
74 95
95 74
77 79
79 77
77 78
78 77
77 84
84 77
77 69
69 77
77 83
83 77
77 90
90 77
77 81
81 77
77 80
80 77
69 79
79 69
69 78
78 69
69 4
4 69
69 80
80 69
69 81
81 69
79 78
78 79
79 129
129 79
79 131
131 79
79 83
83 79
78 80
80 78
78 81
81 78
78 83
83 78
78 82
82 78
4 80
80 4
4 5
5 4
4 81
81 4
4 6
6 4
4 82
82 4
4 83
83 4
4 7
7 4
84 83
83 84
84 5
5 84
84 92
92 84
84 93
93 84
84 85
85 84
84 94
94 84
84 7
7 84
84 250
250 84
84 82
82 84
84 97
97 84
84 95
95 84
84 90
90 84
84 91
91 84
84 106
106 84
84 100
100 84
83 90
90 83
83 93
93 83
83 95
95 83
83 94
94 83
83 100
100 83
83 106
106 83
83 99
99 83
83 111
111 83
83 92
92 83
83 91
91 83
83 107
107 83
83 82
82 83
83 81
81 83
83 85
85 83
83 6
6 83
83 5
5 83
83 80
80 83
5 6
6 5
5 81
81 5
5 82
82 5
5 7
7 5
5 80
80 5
80 81
81 80
80 82
82 80
80 6
6 80
6 81
81 6
6 82
82 6
6 7
7 6
6 96
96 6
6 97
97 6
92 82
82 92
92 90
90 92
92 93
93 92
92 85
85 92
92 94
94 92
92 96
96 92
92 97
97 92
92 91
91 92
92 107
107 92
92 106
106 92
92 95
95 92
92 99
99 92
92 100
100 92
91 82
82 91
91 90
90 91
91 107
107 91
91 81
81 91
81 82
82 81
81 90
90 81
82 90
90 82
82 93
93 82
90 93
93 90
90 94
94 90
90 107
107 90
90 95
95 90
90 106
106 90
90 99
99 90
90 100
100 90
90 111
111 90
93 95
95 93
93 94
94 93
93 100
100 93
93 85
85 93
93 99
99 93
93 106
106 93
93 97
97 93
93 96
96 93
85 95
95 85
85 94
94 85
85 7
7 85
85 96
96 85
85 97
97 85
85 250
250 85
85 251
251 85
95 94
94 95
95 251
251 95
95 250
250 95
95 260
260 95
95 255
255 95
95 99
99 95
95 100
100 95
95 98
98 95
95 106
106 95
94 100
100 94
94 99
99 94
94 96
96 94
94 97
97 94
94 98
98 94
94 251
251 94
94 250
250 94
94 245
245 94
94 7
7 94
94 252
252 94
7 96
96 7
7 8
8 7
7 97
97 7
7 9
9 7
7 98
98 7
7 99
99 7
7 10
10 7
100 99
99 100
100 8
8 100
100 108
108 100
100 109
109 100
100 101
101 100
100 111
111 100
100 110
110 100
100 10
10 100
100 98
98 100
100 106
106 100
100 107
107 100
100 117
117 100
100 120
120 100
100 125
125 100
99 106
106 99
99 109
109 99
99 111
111 99
99 110
110 99
99 120
120 99
99 117
117 99
99 115
115 99
99 125
125 99
99 108
108 99
99 107
107 99
99 116
116 99
99 98
98 99
99 97
97 99
99 101
101 99
99 9
9 99
99 8
8 99
99 96
96 99
8 9
9 8
8 97
97 8
8 98
98 8
8 10
10 8
8 96
96 8
96 97
97 96
96 98
98 96
96 9
9 96
9 97
97 9
9 98
98 9
9 10
10 9
9 112
112 9
9 113
113 9
108 98
98 108
108 106
106 108
108 109
109 108
108 101
101 108
108 110
110 108
108 112
112 108
108 113
113 108
108 107
107 108
108 116
116 108
108 117
117 108
108 111
111 108
108 115
115 108
108 120
120 108
107 98
98 107
107 106
106 107
107 116
116 107
107 97
97 107
97 98
98 97
97 106
106 97
98 106
106 98
98 109
109 98
106 109
109 106
106 110
110 106
106 116
116 106
106 117
117 106
106 111
111 106
106 115
115 106
106 120
120 106
106 125
125 106
109 111
111 109
109 110
110 109
109 120
120 109
109 101
101 109
109 115
115 109
109 117
117 109
109 113
113 109
109 112
112 109
101 111
111 101
101 110
110 101
101 10
10 101
101 112
112 101
101 113
113 101
111 110
110 111
111 115
115 111
110 112
112 110
110 113
113 110
110 115
115 110
110 114
114 110
10 112
112 10
10 11
11 10
10 113
113 10
10 12
12 10
10 114
114 10
10 115
115 10
10 13
13 10
120 115
115 120
120 11
11 120
120 122
122 120
120 123
123 120
120 119
119 120
120 125
125 120
120 124
124 120
120 13
13 120
120 114
114 120
120 127
127 120
120 117
117 120
120 116
116 120
120 131
131 120
120 134
134 120
120 139
139 120
115 117
117 115
115 123
123 115
115 125
125 115
115 124
124 115
115 134
134 115
115 131
131 115
115 139
139 115
115 129
129 115
115 122
122 115
115 116
116 115
115 130
130 115
115 114
114 115
115 113
113 115
115 119
119 115
115 12
12 115
115 11
11 115
115 112
112 115
11 12
12 11
11 113
113 11
11 114
114 11
11 13
13 11
11 112
112 11
112 113
113 112
112 114
114 112
112 12
12 112
12 113
113 12
12 114
114 12
12 13
13 12
12 126
126 12
12 127
127 12
122 114
114 122
122 117
117 122
122 123
123 122
122 119
119 122
122 124
124 122
122 126
126 122
122 127
127 122
122 116
116 122
122 130
130 122
122 131
131 122
122 125
125 122
122 129
129 122
122 134
134 122
116 114
114 116
116 117
117 116
116 130
130 116
116 113
113 116
113 114
114 113
113 117
117 113
114 117
117 114
114 123
123 114
117 123
123 117
117 124
124 117
117 130
130 117
117 131
131 117
117 125
125 117
117 134
134 117
117 129
129 117
117 139
139 117
123 125
125 123
123 124
124 123
123 134
134 123
123 119
119 123
123 129
129 123
123 131
131 123
123 127
127 123
123 126
126 123
119 125
125 119
119 124
124 119
119 13
13 119
119 126
126 119
119 127
127 119
119 166
166 119
119 167
167 119
125 124
124 125
125 167
167 125
125 166
166 125
125 165
165 125
125 161
161 125
125 129
129 125
124 126
126 124
124 127
127 124
124 161
161 124
124 167
167 124
124 166
166 124
124 129
129 124
124 128
128 124
13 126
126 13
13 14
14 13
13 127
127 13
13 15
15 13
13 128
128 13
13 129
129 13
134 129
129 134
134 14
14 134
134 136
136 134
134 137
137 134
134 133
133 134
134 139
139 134
134 138
138 134
134 128
128 134
134 131
131 134
134 130
130 134
129 131
131 129
129 137
137 129
129 139
139 129
129 138
138 129
129 136
136 129
129 130
130 129
129 128
128 129
129 127
127 129
129 133
133 129
129 15
15 129
129 14
14 129
129 126
126 129
14 15
15 14
14 127
127 14
14 128
128 14
14 126
126 14
126 127
127 126
126 128
128 126
126 15
15 126
15 127
127 15
15 128
128 15
136 128
128 136
136 131
131 136
136 137
137 136
136 133
133 136
136 138
138 136
136 130
130 136
136 139
139 136
130 128
128 130
130 131
131 130
130 127
127 130
127 128
128 127
127 131
131 127
128 131
131 128
131 137
137 131
131 138
138 131
131 139
139 131
137 139
139 137
137 138
138 137
137 133
133 137
133 139
139 133
133 138
138 133
139 138
138 139
16 140
140 16
16 17
17 16
16 141
141 16
16 30
30 16
16 204
204 16
16 203
203 16
16 29
29 16
16 18
18 16
16 142
142 16
16 143
143 16
16 20
20 16
16 31
31 16
148 143
143 148
148 17
17 148
148 150
150 148
148 151
151 148
148 147
147 148
148 152
152 148
148 20
20 148
148 142
142 148
148 155
155 148
148 153
153 148
148 145
145 148
148 19
19 148
148 201
201 148
148 206
206 148
148 207
207 148
148 199
199 148
148 144
144 148
148 204
204 148
148 159
159 148
148 162
162 148
148 167
167 148
148 166
166 148
143 145
145 143
143 151
151 143
143 153
153 143
143 152
152 143
143 162
162 143
143 159
159 143
143 157
157 143
143 167
167 143
143 199
199 143
143 150
150 143
143 19
19 143
143 144
144 143
143 201
201 143
143 158
158 143
143 206
206 143
143 142
142 143
143 207
207 143
143 209
209 143
143 208
208 143
143 141
141 143
143 147
147 143
143 18
18 143
143 17
17 143
143 140
140 143
17 18
18 17
17 141
141 17
17 142
142 17
17 20
20 17
17 140
140 17
140 141
141 140
140 142
142 140
140 208
208 140
140 18
18 140
140 203
203 140
140 207
207 140
140 206
206 140
140 31
31 140
18 141
141 18
18 142
142 18
18 20
20 18
18 154
154 18
18 155
155 18
150 142
142 150
150 145
145 150
150 151
151 150
150 147
147 150
150 152
152 150
150 154
154 150
150 155
155 150
150 144
144 150
150 159
159 150
150 158
158 150
150 153
153 150
150 157
157 150
150 162
162 150
144 142
142 144
144 145
145 144
144 158
158 144
144 201
201 144
144 206
206 144
144 200
200 144
144 199
199 144
144 141
141 144
141 142
142 141
141 145
145 141
141 206
206 141
141 207
207 141
141 208
208 141
141 203
203 141
141 31
31 141
141 204
204 141
142 208
208 142
142 145
145 142
142 19
19 142
142 207
207 142
142 151
151 142
145 206
206 145
145 201
201 145
145 19
19 145
145 207
207 145
145 151
151 145
145 152
152 145
145 158
158 145
145 159
159 145
145 199
199 145
145 153
153 145
145 204
204 145
145 157
157 145
145 162
162 145
145 167
167 145
151 153
153 151
151 152
152 151
151 162
162 151
151 147
147 151
151 19
19 151
151 157
157 151
151 159
159 151
151 155
155 151
151 154
154 151
147 153
153 147
147 152
152 147
147 20
20 147
147 154
154 147
147 155
155 147
147 19
19 147
19 153
153 19
19 152
152 19
19 207
207 19
19 209
209 19
19 201
201 19
19 206
206 19
19 208
208 19
19 199
199 19
153 152
152 153
153 199
199 153
153 201
201 153
153 204
204 153
153 157
157 153
152 154
154 152
152 155
155 152
152 157
157 152
152 156
156 152
20 154
154 20
20 21
21 20
20 155
155 20
20 22
22 20
20 156
156 20
20 157
157 20
20 23
23 20
162 157
157 162
162 21
21 162
162 164
164 162
162 165
165 162
162 161
161 162
162 166
166 162
162 23
23 162
162 156
156 162
162 167
167 162
162 169
169 162
162 159
159 162
162 158
158 162
162 173
173 162
162 176
176 162
162 181
181 162
162 180
180 162
157 159
159 157
157 165
165 157
157 167
167 157
157 166
166 157
157 176
176 157
157 173
173 157
157 171
171 157
157 181
181 157
157 164
164 157
157 158
158 157
157 172
172 157
157 156
156 157
157 155
155 157
157 161
161 157
157 22
22 157
157 21
21 157
157 154
154 157
21 22
22 21
21 155
155 21
21 156
156 21
21 23
23 21
21 154
154 21
154 155
155 154
154 156
156 154
154 22
22 154
22 155
155 22
22 156
156 22
22 23
23 22
22 168
168 22
22 169
169 22
164 156
156 164
164 159
159 164
164 165
165 164
164 161
161 164
164 166
166 164
164 168
168 164
164 169
169 164
164 158
158 164
164 172
172 164
164 173
173 164
164 167
167 164
164 171
171 164
164 176
176 164
158 156
156 158
158 159
159 158
158 172
172 158
158 155
155 158
155 156
156 155
155 159
159 155
156 159
159 156
156 165
165 156
159 165
165 159
159 166
166 159
159 172
172 159
159 167
167 159
159 173
173 159
159 171
171 159
159 176
176 159
159 181
181 159
165 167
167 165
165 166
166 165
165 176
176 165
165 161
161 165
165 171
171 165
165 173
173 165
165 169
169 165
165 168
168 165
161 167
167 161
161 166
166 161
161 23
23 161
161 168
168 161
161 169
169 161
167 166
166 167
167 171
171 167
166 168
168 166
166 169
169 166
166 171
171 166
166 170
170 166
23 168
168 23
23 24
24 23
23 169
169 23
23 25
25 23
23 170
170 23
23 26
26 23
23 171
171 23
176 171
171 176
176 24
24 176
176 178
178 176
176 179
179 176
176 175
175 176
176 181
181 176
176 180
180 176
176 26
26 176
176 170
170 176
176 183
183 176
176 173
173 176
176 172
172 176
176 187
187 176
176 190
190 176
176 195
195 176
171 173
173 171
171 179
179 171
171 181
181 171
171 180
180 171
171 190
190 171
171 187
187 171
171 195
195 171
171 185
185 171
171 178
178 171
171 172
172 171
171 186
186 171
171 170
170 171
171 169
169 171
171 175
175 171
171 25
25 171
171 24
24 171
171 168
168 171
24 25
25 24
24 169
169 24
24 170
170 24
24 26
26 24
24 168
168 24
168 169
169 168
168 170
170 168
168 25
25 168
25 169
169 25
25 170
170 25
25 26
26 25
25 182
182 25
25 183
183 25
178 170
170 178
178 173
173 178
178 179
179 178
178 175
175 178
178 180
180 178
178 182
182 178
178 183
183 178
178 172
172 178
178 186
186 178
178 187
187 178
178 181
181 178
178 185
185 178
178 190
190 178
172 170
170 172
172 173
173 172
172 186
186 172
172 169
169 172
169 170
170 169
169 173
173 169
170 173
173 170
170 179
179 170
173 179
179 173
173 180
180 173
173 186
186 173
173 187
187 173
173 181
181 173
173 190
190 173
173 185
185 173
173 195
195 173
179 181
181 179
179 180
180 179
179 190
190 179
179 175
175 179
179 185
185 179
179 187
187 179
179 183
183 179
179 182
182 179
179 184
184 179
175 181
181 175
175 180
180 175
175 26
26 175
175 182
182 175
175 183
183 175
181 180
180 181
181 185
185 181
181 190
190 181
180 182
182 180
180 183
183 180
180 185
185 180
180 184
184 180
26 182
182 26
26 27
27 26
26 183
183 26
26 28
28 26
26 184
184 26
26 185
185 26
26 29
29 26
190 185
185 190
190 27
27 190
190 192
192 190
190 193
193 190
190 189
189 190
190 195
195 190
190 194
194 190
190 29
29 190
190 184
184 190
190 197
197 190
190 187
187 190
190 186
186 190
190 201
201 190
190 204
204 190
190 209
209 190
185 187
187 185
185 193
193 185
185 195
195 185
185 194
194 185
185 204
204 185
185 201
201 185
185 199
199 185
185 209
209 185
185 192
192 185
185 186
186 185
185 184
184 185
185 183
183 185
185 189
189 185
185 28
28 185
185 27
27 185
185 182
182 185
27 28
28 27
27 183
183 27
27 184
184 27
27 29
29 27
27 182
182 27
182 183
183 182
182 184
184 182
182 28
28 182
28 183
183 28
28 184
184 28
28 29
29 28
28 196
196 28
28 197
197 28
192 184
184 192
192 187
187 192
192 193
193 192
192 189
189 192
192 194
194 192
192 196
196 192
192 197
197 192
192 186
186 192
192 201
201 192
192 200
200 192
192 195
195 192
192 199
199 192
192 204
204 192
186 184
184 186
186 187
187 186
186 200
200 186
186 183
183 186
183 184
184 183
183 187
187 183
184 187
187 184
184 193
193 184
187 193
193 187
187 194
194 187
187 200
200 187
187 201
201 187
187 195
195 187
187 199
199 187
187 204
204 187
187 209
209 187
193 195
195 193
193 194
194 193
193 204
204 193
193 189
189 193
193 199
199 193
193 201
201 193
193 197
197 193
193 196
196 193
189 195
195 189
189 194
194 189
189 29
29 189
189 196
196 189
189 197
197 189
195 194
194 195
195 199
199 195
194 196
196 194
194 197
197 194
194 199
199 194
194 198
198 194
29 196
196 29
29 30
30 29
29 197
197 29
29 31
31 29
29 198
198 29
29 199
199 29
204 199
199 204
204 30
30 204
204 206
206 204
204 207
207 204
204 203
203 204
204 209
209 204
204 208
208 204
204 198
198 204
204 329
329 204
204 330
330 204
204 334
334 204
204 335
335 204
204 201
201 204
204 200
200 204
199 201
201 199
199 207
207 199
199 209
209 199
199 208
208 199
199 206
206 199
199 200
200 199
199 198
198 199
199 197
197 199
199 203
203 199
199 31
31 199
199 30
30 199
199 196
196 199
30 31
31 30
30 197
197 30
30 198
198 30
30 196
196 30
196 197
197 196
196 198
198 196
196 31
31 196
31 197
197 31
31 198
198 31
206 198
198 206
206 201
201 206
206 207
207 206
206 203
203 206
206 208
208 206
206 200
200 206
206 209
209 206
200 198
198 200
200 201
201 200
200 197
197 200
197 198
198 197
197 201
201 197
198 201
201 198
198 207
207 198
201 207
207 201
201 208
208 201
201 209
209 201
207 209
209 207
207 208
208 207
207 335
335 207
207 203
203 207
203 209
209 203
203 208
208 203
203 329
329 203
203 330
330 203
203 335
335 203
203 334
334 203
209 208
208 209
209 335
335 209
209 333
333 209
209 334
334 209
209 329
329 209
209 330
330 209
208 329
329 208
208 335
335 208
208 330
330 208
208 334
334 208
32 210
210 32
32 33
33 32
32 211
211 32
32 46
46 32
32 274
274 32
32 273
273 32
32 45
45 32
32 34
34 32
32 212
212 32
32 213
213 32
32 35
35 32
32 47
47 32
218 213
213 218
218 33
33 218
218 220
220 218
218 221
221 218
218 217
217 218
218 223
223 218
218 222
222 218
218 35
35 218
218 212
212 218
218 215
215 218
218 271
271 218
218 276
276 218
218 269
269 218
218 214
214 218
218 277
277 218
218 274
274 218
218 229
229 218
218 232
232 218
218 236
236 218
213 215
215 213
213 221
221 213
213 223
223 213
213 222
222 213
213 232
232 213
213 229
229 213
213 227
227 213
213 237
237 213
213 236
236 213
213 269
269 213
213 220
220 213
213 214
214 213
213 271
271 213
213 228
228 213
213 276
276 213
213 212
212 213
213 277
277 213
213 279
279 213
213 278
278 213
213 211
211 213
213 217
217 213
213 34
34 213
213 33
33 213
213 210
210 213
33 34
34 33
33 211
211 33
33 212
212 33
33 35
35 33
33 210
210 33
210 211
211 210
210 212
212 210
210 278
278 210
210 34
34 210
210 273
273 210
210 277
277 210
210 276
276 210
210 47
47 210
34 211
211 34
34 212
212 34
34 35
35 34
34 224
224 34
34 225
225 34
220 212
212 220
220 215
215 220
220 221
221 220
220 217
217 220
220 222
222 220
220 224
224 220
220 225
225 220
220 214
214 220
220 228
228 220
220 229
229 220
220 223
223 220
220 227
227 220
220 232
232 220
214 212
212 214
214 215
215 214
214 228
228 214
214 271
271 214
214 276
276 214
214 270
270 214
214 269
269 214
214 211
211 214
211 212
212 211
211 215
215 211
211 276
276 211
211 277
277 211
211 278
278 211
211 273
273 211
211 47
47 211
211 274
274 211
212 278
278 212
212 215
215 212
212 221
221 212
215 276
276 215
215 271
271 215
215 277
277 215
215 221
221 215
215 222
222 215
215 228
228 215
215 229
229 215
215 269
269 215
215 274
274 215
215 223
223 215
215 227
227 215
215 232
232 215
215 237
237 215
221 223
223 221
221 222
222 221
221 232
232 221
221 217
217 221
221 227
227 221
221 229
229 221
221 225
225 221
221 224
224 221
217 223
223 217
217 222
222 217
217 35
35 217
217 224
224 217
217 225
225 217
223 222
222 223
223 269
269 223
223 271
271 223
223 274
274 223
223 227
227 223
222 224
224 222
222 225
225 222
222 227
227 222
222 226
226 222
35 224
224 35
35 36
36 35
35 225
225 35
35 37
37 35
35 226
226 35
35 227
227 35
35 38
38 35
232 227
227 232
232 36
36 232
232 234
234 232
232 235
235 232
232 231
231 232
232 237
237 232
232 236
236 232
232 38
38 232
232 226
226 232
232 229
229 232
232 228
228 232
232 243
243 232
232 246
246 232
232 251
251 232
227 229
229 227
227 235
235 227
227 237
237 227
227 236
236 227
227 246
246 227
227 243
243 227
227 251
251 227
227 241
241 227
227 234
234 227
227 228
228 227
227 242
242 227
227 226
226 227
227 225
225 227
227 231
231 227
227 37
37 227
227 36
36 227
227 224
224 227
36 37
37 36
36 225
225 36
36 226
226 36
36 38
38 36
36 224
224 36
224 225
225 224
224 226
226 224
224 37
37 224
37 225
225 37
37 226
226 37
37 38
38 37
37 238
238 37
37 239
239 37
234 226
226 234
234 229
229 234
234 235
235 234
234 231
231 234
234 236
236 234
234 238
238 234
234 239
239 234
234 228
228 234
234 242
242 234
234 243
243 234
234 237
237 234
234 241
241 234
234 246
246 234
234 41
41 234
228 226
226 228
228 229
229 228
228 242
242 228
228 225
225 228
225 226
226 225
225 229
229 225
226 231
231 226
226 229
229 226
229 235
235 229
229 236
236 229
229 242
242 229
229 243
243 229
229 237
237 229
229 241
241 229
229 246
246 229
229 41
41 229
229 251
251 229
235 237
237 235
235 236
236 235
235 246
246 235
235 41
41 235
235 231
231 235
235 241
241 235
235 243
243 235
235 239
239 235
235 238
238 235
231 237
237 231
231 236
236 231
231 38
38 231
231 238
238 231
231 239
239 231
237 236
236 237
237 241
241 237
237 41
41 237
236 238
238 236
236 239
239 236
236 41
41 236
236 241
241 236
236 240
240 236
38 238
238 38
38 39
39 38
38 239
239 38
38 40
40 38
38 240
240 38
38 42
42 38
38 241
241 38
246 241
241 246
246 39
39 246
246 248
248 246
246 249
249 246
246 245
245 246
246 251
251 246
246 250
250 246
246 42
42 246
246 240
240 246
246 253
253 246
246 243
243 246
246 41
41 246
246 242
242 246
246 257
257 246
246 260
260 246
241 243
243 241
241 249
249 241
241 251
251 241
241 250
250 241
241 260
260 241
241 257
257 241
241 255
255 241
241 265
265 241
241 248
248 241
241 242
242 241
241 256
256 241
241 41
41 241
241 240
240 241
241 239
239 241
241 245
245 241
241 40
40 241
241 39
39 241
241 238
238 241
39 40
40 39
39 239
239 39
39 240
240 39
39 42
42 39
39 238
238 39
238 239
239 238
238 240
240 238
238 40
40 238
40 239
239 40
40 240
240 40
40 42
42 40
40 252
252 40
40 253
253 40
248 240
240 248
248 243
243 248
248 249
249 248
248 245
245 248
248 250
250 248
248 252
252 248
248 253
253 248
248 242
242 248
248 251
251 248
248 257
257 248
248 256
256 248
248 255
255 248
248 260
260 248
242 240
240 242
242 243
243 242
242 256
256 242
242 239
239 242
239 240
240 239
239 243
243 239
240 243
243 240
240 41
41 240
240 249
249 240
243 41
41 243
243 249
249 243
243 250
250 243
243 256
256 243
243 251
251 243
243 257
257 243
243 255
255 243
243 260
260 243
243 265
265 243
249 251
251 249
249 250
250 249
249 260
260 249
249 245
245 249
249 255
255 249
249 257
257 249
249 253
253 249
249 252
252 249
245 251
251 245
245 250
250 245
245 42
42 245
245 252
252 245
245 253
253 245
41 251
251 41
41 250
250 41
251 250
250 251
251 255
255 251
251 260
260 251
251 254
254 251
251 257
257 251
250 260
260 250
250 255
255 250
250 252
252 250
250 253
253 250
250 254
254 250
250 42
42 250
42 252
252 42
42 43
43 42
42 253
253 42
42 44
44 42
42 254
254 42
42 255
255 42
42 45
45 42
260 255
255 260
260 43
43 260
260 262
262 260
260 263
263 260
260 259
259 260
260 264
264 260
260 45
45 260
260 254
254 260
260 265
265 260
260 267
267 260
260 257
257 260
260 256
256 260
260 271
271 260
260 274
274 260
260 279
279 260
260 278
278 260
255 257
257 255
255 263
263 255
255 265
265 255
255 264
264 255
255 274
274 255
255 271
271 255
255 279
279 255
255 269
269 255
255 262
262 255
255 256
256 255
255 270
270 255
255 254
254 255
255 253
253 255
255 259
259 255
255 44
44 255
255 43
43 255
255 252
252 255
43 44
44 43
43 253
253 43
43 254
254 43
43 45
45 43
43 252
252 43
252 253
253 252
252 254
254 252
252 44
44 252
44 253
253 44
44 254
254 44
44 45
45 44
44 266
266 44
44 267
267 44
262 254
254 262
262 257
257 262
262 263
263 262
262 259
259 262
262 264
264 262
262 266
266 262
262 267
267 262
262 256
256 262
262 271
271 262
262 270
270 262
262 265
265 262
262 269
269 262
262 274
274 262
256 254
254 256
256 257
257 256
256 270
270 256
256 253
253 256
253 254
254 253
253 257
257 253
254 257
257 254
254 263
263 254
257 263
263 257
257 264
264 257
257 270
270 257
257 271
271 257
257 265
265 257
257 274
274 257
257 269
269 257
257 279
279 257
263 265
265 263
263 264
264 263
263 274
274 263
263 259
259 263
263 269
269 263
263 271
271 263
263 267
267 263
263 266
266 263
259 265
265 259
259 264
264 259
259 45
45 259
259 266
266 259
259 267
267 259
265 264
264 265
265 269
269 265
265 274
274 265
264 266
266 264
264 267
267 264
264 269
269 264
264 268
268 264
45 266
266 45
45 46
46 45
45 267
267 45
45 47
47 45
45 268
268 45
45 269
269 45
274 269
269 274
274 46
46 274
274 276
276 274
274 277
277 274
274 273
273 274
274 279
279 274
274 278
278 274
274 268
268 274
274 271
271 274
274 270
270 274
269 271
271 269
269 277
277 269
269 279
279 269
269 278
278 269
269 276
276 269
269 270
270 269
269 268
268 269
269 267
267 269
269 273
273 269
269 47
47 269
269 46
46 269
269 266
266 269
46 47
47 46
46 267
267 46
46 268
268 46
46 266
266 46
266 267
267 266
266 268
268 266
266 47
47 266
47 267
267 47
47 268
268 47
276 268
268 276
276 271
271 276
276 277
277 276
276 273
273 276
276 278
278 276
276 270
270 276
276 279
279 276
270 268
268 270
270 271
271 270
270 267
267 270
267 268
268 267
267 271
271 267
268 271
271 268
268 277
277 268
271 277
277 271
271 278
278 271
271 279
279 271
277 279
279 277
277 278
278 277
277 273
273 277
273 279
279 273
273 278
278 273
279 278
278 279
48 280
280 48
48 49
49 48
48 281
281 48
48 61
61 48
48 344
344 48
48 343
343 48
48 60
60 48
48 50
50 48
48 282
282 48
48 283
283 48
48 62
62 48
48 51
51 48
288 283
283 288
288 49
49 288
288 290
290 288
288 291
291 288
288 287
287 288
288 292
292 288
288 51
51 288
288 282
282 288
288 293
293 288
288 295
295 288
288 285
285 288
288 341
341 288
288 346
346 288
288 339
339 288
288 284
284 288
288 347
347 288
288 344
344 288
288 299
299 288
288 302
302 288
288 307
307 288
283 285
285 283
283 291
291 283
283 293
293 283
283 292
292 283
283 302
302 283
283 299
299 283
283 307
307 283
283 297
297 283
283 339
339 283
283 290
290 283
283 284
284 283
283 341
341 283
283 346
346 283
283 282
282 283
283 347
347 283
283 349
349 283
283 348
348 283
283 281
281 283
283 287
287 283
283 50
50 283
283 49
49 283
283 280
280 283
49 50
50 49
49 281
281 49
49 282
282 49
49 51
51 49
49 280
280 49
280 281
281 280
280 282
282 280
280 348
348 280
280 50
50 280
280 343
343 280
280 347
347 280
280 346
346 280
280 62
62 280
50 281
281 50
50 282
282 50
50 51
51 50
50 294
294 50
50 295
295 50
290 282
282 290
290 285
285 290
290 291
291 290
290 287
287 290
290 292
292 290
290 294
294 290
290 295
295 290
290 284
284 290
290 299
299 290
290 298
298 290
290 293
293 290
290 297
297 290
290 302
302 290
284 282
282 284
284 285
285 284
284 298
298 284
284 341
341 284
284 346
346 284
284 340
340 284
284 339
339 284
284 281
281 284
281 282
282 281
281 285
285 281
281 346
346 281
281 347
347 281
281 348
348 281
281 343
343 281
281 62
62 281
281 344
344 281
282 348
348 282
282 285
285 282
282 291
291 282
285 346
346 285
285 341
341 285
285 347
347 285
285 291
291 285
285 292
292 285
285 298
298 285
285 339
339 285
285 344
344 285
285 340
340 285
285 293
293 285
285 299
299 285
285 297
297 285
285 302
302 285
285 307
307 285
291 293
293 291
291 292
292 291
291 302
302 291
291 287
287 291
291 297
297 291
291 299
299 291
291 295
295 291
291 294
294 291
287 293
293 287
287 292
292 287
287 51
51 287
287 294
294 287
287 295
295 287
293 292
292 293
293 339
339 293
293 341
341 293
293 344
344 293
293 297
297 293
292 297
297 292
292 295
295 292
292 296
296 292
292 294
294 292
51 294
294 51
51 52
52 51
51 295
295 51
51 53
53 51
51 296
296 51
51 297
297 51
51 54
54 51
302 297
297 302
302 52
52 302
302 304
304 302
302 305
305 302
302 301
301 302
302 307
307 302
302 306
306 302
302 54
54 302
302 296
296 302
302 299
299 302
302 298
298 302
302 313
313 302
302 316
316 302
297 299
299 297
297 305
305 297
297 307
307 297
297 306
306 297
297 316
316 297
297 313
313 297
297 311
311 297
297 321
321 297
297 304
304 297
297 298
298 297
297 312
312 297
297 296
296 297
297 295
295 297
297 301
301 297
297 53
53 297
297 52
52 297
297 294
294 297
52 53
53 52
52 295
295 52
52 296
296 52
52 54
54 52
52 294
294 52
294 295
295 294
294 296
296 294
294 53
53 294
53 295
295 53
53 296
296 53
53 54
54 53
53 308
308 53
53 309
309 53
304 296
296 304
304 299
299 304
304 305
305 304
304 301
301 304
304 306
306 304
304 308
308 304
304 309
309 304
304 298
298 304
304 312
312 304
304 313
313 304
304 311
311 304
304 316
316 304
298 296
296 298
298 299
299 298
298 312
312 298
298 295
295 298
295 296
296 295
295 299
299 295
296 301
301 296
296 299
299 296
296 305
305 296
299 305
305 299
299 306
306 299
299 312
312 299
299 313
313 299
299 307
307 299
299 311
311 299
299 316
316 299
299 321
321 299
305 307
307 305
305 306
306 305
305 316
316 305
305 301
301 305
305 311
311 305
305 313
313 305
305 309
309 305
305 308
308 305
301 307
307 301
301 306
306 301
301 54
54 301
301 308
308 301
301 309
309 301
307 306
306 307
307 311
311 307
306 308
308 306
306 309
309 306
306 311
311 306
306 310
310 306
54 308
308 54
54 55
55 54
54 309
309 54
54 56
56 54
54 310
310 54
54 311
311 54
54 57
57 54
316 311
311 316
316 55
55 316
316 318
318 316
316 319
319 316
316 315
315 316
316 321
321 316
316 320
320 316
316 57
57 316
316 310
310 316
316 323
323 316
316 313
313 316
316 312
312 316
316 327
327 316
316 330
330 316
316 335
335 316
311 313
313 311
311 319
319 311
311 321
321 311
311 320
320 311
311 330
330 311
311 327
327 311
311 335
335 311
311 325
325 311
311 318
318 311
311 312
312 311
311 326
326 311
311 310
310 311
311 309
309 311
311 315
315 311
311 56
56 311
311 55
55 311
311 308
308 311
55 56
56 55
55 309
309 55
55 310
310 55
55 57
57 55
55 308
308 55
308 309
309 308
308 310
310 308
308 56
56 308
56 309
309 56
56 310
310 56
56 57
57 56
56 322
322 56
56 323
323 56
318 310
310 318
318 313
313 318
318 319
319 318
318 315
315 318
318 320
320 318
318 322
322 318
318 323
323 318
318 312
312 318
318 326
326 318
318 327
327 318
318 321
321 318
318 325
325 318
318 330
330 318
312 310
310 312
312 313
313 312
312 326
326 312
312 327
327 312
312 309
309 312
309 310
310 309
309 313
313 309
310 313
313 310
313 319
319 313
313 320
320 313
313 326
326 313
313 327
327 313
313 321
321 313
313 330
330 313
313 325
325 313
313 335
335 313
319 321
321 319
319 320
320 319
319 330
330 319
319 315
315 319
319 325
325 319
319 327
327 319
319 323
323 319
319 322
322 319
315 321
321 315
315 320
320 315
315 57
57 315
315 322
322 315
315 323
323 315
321 320
320 321
321 325
325 321
320 322
322 320
320 323
323 320
320 325
325 320
320 324
324 320
57 322
322 57
57 58
58 57
57 323
323 57
57 59
59 57
57 324
324 57
57 325
325 57
57 60
60 57
330 325
325 330
330 58
58 330
330 332
332 330
330 333
333 330
330 329
329 330
330 335
335 330
330 334
334 330
330 60
60 330
330 324
324 330
330 337
337 330
330 327
327 330
330 326
326 330
330 341
341 330
330 344
344 330
330 349
349 330
325 327
327 325
325 333
333 325
325 335
335 325
325 334
334 325
325 344
344 325
325 341
341 325
325 349
349 325
325 339
339 325
325 63
63 325
325 332
332 325
325 326
326 325
325 324
324 325
325 323
323 325
325 329
329 325
325 59
59 325
325 58
58 325
325 322
322 325
58 59
59 58
58 323
323 58
58 324
324 58
58 60
60 58
58 322
322 58
322 323
323 322
322 324
324 322
322 59
59 322
59 323
323 59
59 324
324 59
59 60
60 59
59 336
336 59
59 337
337 59
332 324
324 332
332 327
327 332
332 333
333 332
332 329
329 332
332 334
334 332
332 336
336 332
332 337
337 332
332 326
326 332
332 340
340 332
332 341
341 332
332 335
335 332
332 339
339 332
332 344
344 332
332 63
63 332
326 324
324 326
326 327
327 326
326 340
340 326
326 323
323 326
323 324
324 323
323 327
327 323
324 327
327 324
324 333
333 324
327 333
333 327
327 334
334 327
327 340
340 327
327 335
335 327
327 341
341 327
327 339
339 327
327 344
344 327
327 63
63 327
327 349
349 327
333 335
335 333
333 334
334 333
333 344
344 333
333 329
329 333
333 339
339 333
333 341
341 333
333 63
63 333
333 337
337 333
333 336
336 333
333 338
338 333
329 335
335 329
329 334
334 329
329 60
60 329
329 336
336 329
329 337
337 329
335 334
334 335
335 63
63 335
335 339
339 335
335 344
344 335
334 336
336 334
334 337
337 334
334 63
63 334
334 339
339 334
334 338
338 334
60 336
336 60
60 61
61 60
60 337
337 60
60 62
62 60
60 338
338 60
60 339
339 60
344 339
339 344
344 61
61 344
344 346
346 344
344 347
347 344
344 343
343 344
344 348
348 344
344 338
338 344
344 349
349 344
344 341
341 344
344 63
63 344
344 340
340 344
339 341
341 339
339 347
347 339
339 349
349 339
339 348
348 339
339 346
346 339
339 63
63 339
339 340
340 339
339 338
338 339
339 337
337 339
339 343
343 339
339 62
62 339
339 61
61 339
339 336
336 339
61 62
62 61
61 337
337 61
61 338
338 61
61 336
336 61
336 337
337 336
336 338
338 336
336 62
62 336
62 337
337 62
62 338
338 62
346 338
338 346
346 341
341 346
346 347
347 346
346 343
343 346
346 348
348 346
346 340
340 346
346 349
349 346
340 338
338 340
340 341
341 340
340 337
337 340
337 338
338 337
337 341
341 337
338 341
341 338
338 63
63 338
338 347
347 338
341 63
63 341
341 347
347 341
341 348
348 341
341 349
349 341
347 349
349 347
347 348
348 347
347 343
343 347
347 63
63 347
343 349
349 343
343 348
348 343
343 63
63 343
63 349
349 63
63 348
348 63
349 348
348 349
