183
2 5
5 2
2 6
6 2
2 8
8 2
2 33
33 2
2 21
21 2
2 4
4 2
2 10
10 2
2 26
26 2
2 41
41 2
2 7
7 2
2 34
34 2
2 3
3 2
2 25
25 2
2 70
70 2
2 12
12 2
2 71
71 2
2 20
20 2
2 22
22 2
2 47
47 2
2 23
23 2
2 24
24 2
2 31
31 2
2 48
48 2
2 69
69 2
3 31
31 3
3 70
70 3
3 156
156 3
3 20
20 3
3 24
24 3
3 150
150 3
3 149
149 3
3 8
8 3
3 10
10 3
3 71
71 3
3 25
25 3
3 22
22 3
3 12
12 3
3 4
4 3
3 21
21 3
3 5
5 3
3 15
15 3
3 6
6 3
3 7
7 3
3 33
33 3
4 5
5 4
4 6
6 4
4 8
8 4
4 12
12 4
4 20
20 4
4 21
21 4
4 25
25 4
4 70
70 4
4 22
22 4
4 10
10 4
4 18
18 4
4 7
7 4
5 6
6 5
5 8
8 5
5 10
10 5
5 12
12 5
5 21
21 5
5 26
26 5
5 18
18 5
5 25
25 5
5 9
9 5
5 147
147 5
5 146
146 5
5 145
145 5
5 41
41 5
5 13
13 5
6 8
8 6
6 33
33 6
6 34
34 6
6 35
35 6
6 40
40 6
6 10
10 6
6 7
7 6
6 68
68 6
6 70
70 6
7 8
8 7
7 33
33 7
7 34
34 7
7 10
10 7
8 10
10 8
8 33
33 8
8 68
68 8
8 70
70 8
8 12
12 8
8 34
34 8
8 35
35 8
8 39
39 8
8 14
14 8
8 40
40 8
8 9
9 8
8 13
13 8
8 130
130 8
8 26
26 8
8 145
145 8
8 147
147 8
9 10
10 9
9 13
13 9
9 145
145 9
9 146
146 9
9 147
147 9
9 130
130 9
9 109
109 9
9 35
35 9
9 12
12 9
9 26
26 9
10 12
12 10
10 13
13 10
10 21
21 10
10 26
26 10
10 147
147 10
10 28
28 10
10 130
130 10
10 18
18 10
10 35
35 10
10 14
14 10
10 15
15 10
10 17
17 10
10 39
39 10
10 40
40 10
10 11
11 10
10 33
33 10
10 34
34 10
10 38
38 10
11 12
12 11
11 35
35 11
11 36
36 11
11 39
39 11
11 151
151 11
11 63
63 11
11 60
60 11
11 150
150 11
11 157
157 11
12 35
35 12
12 36
36 12
12 39
39 12
12 15
15 12
12 60
60 12
12 157
157 12
12 152
152 12
12 151
151 12
12 63
63 12
12 156
156 12
12 16
16 12
12 14
14 12
12 13
13 12
12 20
20 12
12 17
17 12
12 18
18 12
12 21
21 12
12 26
26 12
12 27
27 12
12 22
22 12
12 147
147 12
12 52
52 12
12 64
64 12
13 28
28 13
13 130
130 13
13 26
26 13
13 147
147 13
13 131
131 13
13 17
17 13
13 18
18 13
13 16
16 13
13 14
14 13
13 15
15 13
13 109
109 13
13 35
35 13
14 15
15 14
14 16
16 14
14 17
17 14
14 35
35 14
14 18
18 14
14 131
131 14
14 109
109 14
15 16
16 15
15 17
17 15
15 18
18 15
15 35
35 15
15 19
19 15
15 20
20 15
15 157
157 15
15 28
28 15
15 156
156 15
15 152
152 15
16 28
28 16
16 152
152 16
16 60
60 16
16 35
35 16
16 18
18 16
16 19
19 16
16 109
109 16
16 157
157 16
16 30
30 16
16 27
27 16
16 17
17 16
16 20
20 16
16 130
130 16
16 131
131 16
17 18
18 17
17 28
28 17
17 20
20 17
18 21
21 18
18 22
22 18
18 27
27 18
18 47
47 18
18 26
26 18
18 25
25 18
18 20
20 18
18 23
23 18
18 28
28 18
18 19
19 18
18 64
64 18
18 157
157 18
19 20
20 19
19 27
27 19
19 28
28 19
19 30
30 19
19 157
157 19
20 25
25 20
20 156
156 20
20 30
30 20
20 157
157 20
20 31
31 20
20 22
22 20
20 27
27 20
20 155
155 20
20 23
23 20
20 21
21 20
20 24
24 20
20 28
28 20
20 64
64 20
21 22
22 21
21 23
23 21
21 25
25 21
21 27
27 21
21 70
70 21
21 26
26 21
21 41
41 21
21 147
147 21
22 25
25 22
22 47
47 22
22 69
69 22
22 71
71 22
22 26
26 22
22 27
27 22
22 23
23 22
23 25
25 23
23 27
27 23
24 25
25 24
24 29
29 24
24 155
155 24
24 31
31 24
24 48
48 24
24 49
49 24
24 30
30 24
24 154
154 24
24 50
50 24
25 48
48 25
25 49
49 25
25 30
30 25
25 31
31 25
25 155
155 25
25 156
156 25
25 157
157 25
25 154
154 25
25 47
47 25
25 69
69 25
25 70
70 25
25 71
71 25
25 41
41 25
26 41
41 26
26 147
147 26
26 52
52 26
26 146
146 26
26 162
162 26
26 145
145 26
145 160
160 145
145 146
146 145
145 147
147 145
145 161
161 145
145 162
162 145
27 156
156 27
27 30
30 27
27 157
157 27
27 152
152 27
27 155
155 27
27 154
154 27
27 28
28 27
27 151
151 27
27 153
153 27
27 65
65 27
27 64
64 27
27 54
54 27
28 64
64 28
28 130
130 28
28 30
30 28
28 152
152 28
28 157
157 28
28 109
109 28
28 151
151 28
28 60
60 28
150 149
149 150
150 153
153 150
150 151
151 150
150 152
152 150
150 32
32 150
150 62
62 150
150 148
148 150
150 154
154 150
150 156
156 150
150 60
60 150
150 63
63 150
150 157
157 150
150 31
31 150
150 155
155 150
150 36
36 150
149 148
148 149
149 151
151 149
149 156
156 149
149 157
157 149
149 31
31 149
149 154
154 149
149 153
153 149
149 155
155 149
149 29
29 149
149 63
63 149
149 32
32 149
149 30
30 149
149 152
152 149
149 62
62 149
149 60
60 149
148 32
32 148
148 62
62 148
148 63
63 148
148 153
153 148
148 151
151 148
148 156
156 148
148 154
154 148
148 31
31 148
148 29
29 148
148 155
155 148
29 31
31 29
29 48
48 29
29 49
49 29
29 155
155 29
29 154
154 29
153 151
151 153
153 156
156 153
153 30
30 153
153 152
152 153
153 155
155 153
153 154
154 153
153 32
32 153
153 157
157 153
153 31
31 153
153 66
66 153
151 156
156 151
151 30
30 151
151 157
157 151
151 152
152 151
151 154
154 151
151 32
32 151
151 62
62 151
151 155
155 151
151 60
60 151
151 63
63 151
151 31
31 151
151 36
36 151
156 157
157 156
156 152
152 156
156 31
31 156
156 154
154 156
156 155
155 156
156 30
30 156
30 157
157 30
30 152
152 30
30 155
155 30
30 154
154 30
30 31
31 30
30 49
49 30
157 152
152 157
157 155
155 157
157 154
154 157
157 31
31 157
157 60
60 157
157 63
63 157
152 60
60 152
152 62
62 152
152 63
63 152
152 154
154 152
152 155
155 152
152 32
32 152
155 154
154 155
155 32
32 155
155 49
49 155
155 66
66 155
155 50
50 155
155 31
31 155
31 154
154 31
31 48
48 31
154 49
49 154
154 32
32 154
154 66
66 154
32 66
66 32
33 34
34 33
33 68
68 33
33 67
67 33
33 39
39 33
34 68
68 34
34 39
39 34
34 35
35 34
34 40
40 34
34 67
67 34
34 57
57 34
34 56
56 34
35 40
40 35
35 56
56 35
35 57
57 35
35 39
39 35
35 37
37 35
35 38
38 35
35 36
36 35
35 60
60 35
36 39
39 36
36 60
60 36
36 63
63 36
36 62
62 36
37 38
38 37
37 40
40 37
37 88
88 37
37 100
100 37
37 39
39 37
37 86
86 37
37 59
59 37
37 58
58 37
37 85
85 37
37 81
81 37
37 56
56 37
38 39
39 38
38 40
40 38
38 56
56 38
38 58
58 38
38 67
67 38
38 59
59 38
39 40
40 39
39 67
67 39
39 56
56 39
39 57
57 39
40 56
56 40
40 57
57 40
40 58
58 40
41 146
146 41
41 147
147 41
41 162
162 41
42 45
45 42
42 44
44 42
42 43
43 42
42 54
54 42
42 53
53 42
42 52
52 42
42 55
55 42
43 44
44 43
43 45
45 43
43 53
53 43
43 54
54 43
43 55
55 43
44 45
45 44
44 53
53 44
44 54
54 44
44 55
55 44
44 52
52 44
45 54
54 45
45 55
55 45
45 46
46 45
45 53
53 45
45 52
52 45
46 54
54 46
46 55
55 46
46 52
52 46
46 69
69 46
46 47
47 46
47 69
69 47
47 71
71 47
47 70
70 47
47 72
72 47
47 48
48 47
48 49
49 48
49 50
50 49
49 159
159 49
49 158
158 49
49 66
66 49
50 158
158 50
50 159
159 50
50 66
66 50
158 159
159 158
158 66
66 158
51 53
53 51
51 64
64 51
51 52
52 51
51 54
54 51
51 55
55 51
51 162
162 51
51 161
161 51
52 53
53 52
52 54
54 52
52 162
162 52
52 161
161 52
52 147
147 52
52 146
146 52
52 55
55 52
52 64
64 52
53 54
54 53
53 55
55 53
53 64
64 53
54 55
55 54
54 64
64 54
55 64
64 55
56 57
57 56
56 67
67 56
57 67
67 57
160 146
146 160
160 147
147 160
160 162
162 160
160 161
161 160
146 147
147 146
146 162
162 146
146 161
161 146
147 162
162 147
147 161
161 147
162 161
161 162
58 81
81 58
58 85
85 58
58 82
82 58
58 59
59 58
58 80
80 58
58 100
100 58
58 88
88 58
59 81
81 59
59 85
85 59
59 88
88 59
59 86
86 59
60 62
62 60
60 63
63 60
60 132
132 60
60 61
61 60
60 134
134 60
60 133
133 60
61 62
62 61
61 132
132 61
61 133
133 61
61 134
134 61
61 63
63 61
62 132
132 62
62 133
133 62
62 63
63 62
64 65
65 64
67 68
68 67
68 70
70 68
69 71
71 69
70 71
71 70
70 72
72 70
71 72
72 71
74 77
77 74
74 78
78 74
74 80
80 74
74 105
105 74
74 93
93 74
74 76
76 74
74 82
82 74
74 98
98 74
74 113
113 74
74 79
79 74
74 106
106 74
74 75
75 74
74 142
142 74
74 97
97 74
74 84
84 74
74 143
143 74
74 92
92 74
74 94
94 74
74 119
119 74
74 95
95 74
74 103
103 74
74 96
96 74
74 120
120 74
74 141
141 74
75 103
103 75
75 142
142 75
75 176
176 75
75 92
92 75
75 96
96 75
75 170
170 75
75 169
169 75
75 80
80 75
75 82
82 75
75 143
143 75
75 97
97 75
75 94
94 75
75 84
84 75
75 76
76 75
75 93
93 75
75 87
87 75
75 78
78 75
75 79
79 75
75 77
77 75
75 105
105 75
76 77
77 76
76 78
78 76
76 80
80 76
76 84
84 76
76 92
92 76
76 93
93 76
76 97
97 76
76 142
142 76
76 94
94 76
76 82
82 76
76 90
90 76
76 79
79 76
77 78
78 77
77 80
80 77
77 82
82 77
77 84
84 77
77 93
93 77
77 98
98 77
77 90
90 77
77 97
97 77
77 81
81 77
77 167
167 77
77 166
166 77
77 165
165 77
77 113
113 77
77 85
85 77
78 80
80 78
78 105
105 78
78 106
106 78
78 107
107 78
78 112
112 78
78 82
82 78
78 79
79 78
78 140
140 78
78 142
142 78
79 80
80 79
79 105
105 79
79 106
106 79
79 82
82 79
80 82
82 80
80 105
105 80
80 140
140 80
80 142
142 80
80 106
106 80
80 84
84 80
80 107
107 80
80 111
111 80
80 86
86 80
80 112
112 80
80 81
81 80
80 85
85 80
80 98
98 80
80 165
165 80
80 167
167 80
81 82
82 81
81 85
85 81
81 165
165 81
81 166
166 81
81 167
167 81
81 107
107 81
81 84
84 81
81 98
98 81
82 84
84 82
82 85
85 82
82 93
93 82
82 98
98 82
82 167
167 82
82 100
100 82
82 90
90 82
82 107
107 82
82 86
86 82
82 89
89 82
82 87
87 82
82 111
111 82
82 112
112 82
82 83
83 82
82 105
105 82
82 106
106 82
82 110
110 82
83 84
84 83
83 107
107 83
83 108
108 83
83 111
111 83
83 171
171 83
83 135
135 83
83 132
132 83
83 177
177 83
83 170
170 83
84 107
107 84
84 108
108 84
84 111
111 84
84 87
87 84
84 132
132 84
84 177
177 84
84 172
172 84
84 171
171 84
84 135
135 84
84 176
176 84
84 88
88 84
84 91
91 84
84 86
86 84
84 85
85 84
84 92
92 84
84 90
90 84
84 89
89 84
84 93
93 84
84 98
98 84
84 99
99 84
84 94
94 84
84 167
167 84
84 163
163 84
84 164
164 84
84 124
124 84
84 136
136 84
85 100
100 85
85 98
98 85
85 167
167 85
85 89
89 85
85 90
90 85
85 88
88 85
85 86
86 85
85 87
87 85
85 107
107 85
86 87
87 86
86 88
88 86
86 89
89 86
86 107
107 86
86 90
90 86
87 88
88 87
87 89
89 87
87 90
90 87
87 107
107 87
87 91
91 87
87 92
92 87
87 177
177 87
87 100
100 87
87 176
176 87
87 172
172 87
88 91
91 88
88 100
100 88
88 172
172 88
88 132
132 88
88 107
107 88
88 90
90 88
88 177
177 88
88 102
102 88
88 99
99 88
88 89
89 88
88 92
92 88
89 90
90 89
89 100
100 89
89 92
92 89
90 93
93 90
90 94
94 90
90 99
99 90
90 119
119 90
90 98
98 90
90 97
97 90
90 92
92 90
90 95
95 90
90 100
100 90
90 91
91 90
90 136
136 90
90 177
177 90
91 92
92 91
91 99
99 91
91 100
100 91
91 102
102 91
91 177
177 91
91 172
172 91
91 176
176 91
91 136
136 91
91 175
175 91
91 171
171 91
91 97
97 91
91 103
103 91
92 97
97 92
92 176
176 92
92 102
102 92
92 177
177 92
92 103
103 92
92 94
94 92
92 99
99 92
92 175
175 92
92 95
95 92
92 93
93 92
92 96
96 92
92 100
100 92
92 136
136 92
93 94
94 93
93 95
95 93
93 97
97 93
93 99
99 93
93 142
142 93
93 98
98 93
93 163
163 93
93 164
164 93
93 113
113 93
94 97
97 94
94 163
163 94
94 119
119 94
94 141
141 94
94 164
164 94
94 143
143 94
94 98
98 94
94 142
142 94
94 99
99 94
94 95
95 94
95 97
97 95
95 99
99 95
96 97
97 96
96 101
101 96
96 175
175 96
96 103
103 96
96 120
120 96
96 121
121 96
96 102
102 96
96 174
174 96
96 122
122 96
97 120
120 97
97 121
121 97
97 102
102 97
97 103
103 97
97 175
175 97
97 176
176 97
97 177
177 97
97 174
174 97
97 119
119 97
97 141
141 97
97 143
143 97
97 142
142 97
97 163
163 97
97 164
164 97
97 113
113 97
163 98
98 163
163 113
113 163
163 164
164 163
163 167
167 163
98 113
113 98
98 167
167 98
98 164
164 98
98 124
124 98
98 166
166 98
98 182
182 98
98 165
165 98
165 180
180 165
165 166
166 165
165 167
167 165
165 181
181 165
165 182
182 165
99 176
176 99
99 102
102 99
99 177
177 99
99 172
172 99
99 175
175 99
99 174
174 99
99 100
100 99
99 171
171 99
99 173
173 99
99 137
137 99
99 136
136 99
99 126
126 99
100 136
136 100
100 102
102 100
100 172
172 100
100 177
177 100
100 171
171 100
100 132
132 100
170 169
169 170
170 173
173 170
170 171
171 170
170 172
172 170
170 104
104 170
170 134
134 170
170 168
168 170
170 174
174 170
170 176
176 170
170 132
132 170
170 135
135 170
170 177
177 170
170 103
103 170
170 175
175 170
170 108
108 170
169 168
168 169
169 171
171 169
169 176
176 169
169 177
177 169
169 103
103 169
169 174
174 169
169 173
173 169
169 175
175 169
169 101
101 169
169 135
135 169
169 102
102 169
169 172
172 169
169 104
104 169
169 134
134 169
169 132
132 169
168 104
104 168
168 134
134 168
168 135
135 168
168 173
173 168
168 171
171 168
168 176
176 168
168 174
174 168
168 103
103 168
168 101
101 168
168 175
175 168
101 103
103 101
101 120
120 101
101 121
121 101
101 175
175 101
101 174
174 101
173 171
171 173
173 176
176 173
173 102
102 173
173 172
172 173
173 175
175 173
173 174
174 173
173 104
104 173
173 177
177 173
173 103
103 173
173 138
138 173
171 176
176 171
171 102
102 171
171 177
177 171
171 172
172 171
171 174
174 171
171 104
104 171
171 134
134 171
171 175
175 171
171 132
132 171
171 135
135 171
171 103
103 171
171 108
108 171
176 177
177 176
176 172
172 176
176 103
103 176
176 174
174 176
176 175
175 176
176 102
102 176
102 177
177 102
102 172
172 102
102 175
175 102
102 174
174 102
102 103
103 102
102 121
121 102
177 172
172 177
177 175
175 177
177 174
174 177
177 103
103 177
177 132
132 177
177 135
135 177
172 132
132 172
172 134
134 172
172 135
135 172
172 174
174 172
172 175
175 172
172 104
104 172
175 174
174 175
175 104
104 175
175 121
121 175
175 138
138 175
175 122
122 175
175 103
103 175
103 174
174 103
103 120
120 103
174 121
121 174
174 104
104 174
174 138
138 174
104 138
138 104
105 106
106 105
105 140
140 105
105 139
139 105
105 111
111 105
106 140
140 106
106 111
111 106
106 107
107 106
106 112
112 106
106 139
139 106
106 129
129 106
106 128
128 106
107 112
112 107
107 128
128 107
107 129
129 107
107 111
111 107
107 109
109 107
107 110
110 107
107 108
108 107
107 132
132 107
108 111
111 108
108 132
132 108
108 135
135 108
108 134
134 108
109 110
110 109
109 112
112 109
109 111
111 109
109 131
131 109
109 130
130 109
109 128
128 109
110 111
111 110
110 112
112 110
110 128
128 110
110 130
130 110
110 139
139 110
110 131
131 110
111 112
112 111
111 139
139 111
111 128
128 111
111 129
129 111
112 128
128 112
112 129
129 112
112 130
130 112
113 164
164 113
113 166
166 113
113 167
167 113
113 182
182 113
114 117
117 114
114 116
116 114
114 115
115 114
114 126
126 114
114 125
125 114
114 124
124 114
114 127
127 114
115 116
116 115
115 117
117 115
115 125
125 115
115 126
126 115
115 127
127 115
116 117
117 116
116 125
125 116
116 126
126 116
116 127
127 116
116 124
124 116
117 126
126 117
117 127
127 117
117 118
118 117
117 125
125 117
117 124
124 117
118 126
126 118
118 127
127 118
118 124
124 118
118 141
141 118
118 119
119 118
119 141
141 119
119 143
143 119
119 142
142 119
119 144
144 119
119 120
120 119
120 121
121 120
121 122
122 121
121 179
179 121
121 178
178 121
121 138
138 121
122 178
178 122
122 179
179 122
122 138
138 122
178 179
179 178
178 138
138 178
123 125
125 123
123 136
136 123
123 124
124 123
123 126
126 123
123 127
127 123
123 182
182 123
123 181
181 123
124 125
125 124
124 126
126 124
124 182
182 124
124 181
181 124
124 167
167 124
124 166
166 124
124 127
127 124
124 136
136 124
125 126
126 125
125 127
127 125
125 136
136 125
126 127
127 126
126 136
136 126
127 136
136 127
128 129
129 128
128 139
139 128
129 139
139 129
180 166
166 180
180 167
167 180
180 182
182 180
180 181
181 180
166 167
167 166
166 182
182 166
166 181
181 166
167 182
182 167
167 181
181 167
182 181
181 182
130 131
131 130
132 134
134 132
132 135
135 132
132 133
133 132
133 134
134 133
133 135
135 133
134 135
135 134
136 137
137 136
139 140
140 139
140 142
142 140
141 143
143 141
142 143
143 142
142 144
144 142
143 144
144 143
