70
1 2
2 1
1 43
43 1
1 7
7 1
1 42
42 1
1 9
9 1
1 10
10 1
1 3
3 1
1 44
44 1
1 45
45 1
2 43
43 2
2 7
7 2
2 42
42 2
2 44
44 2
2 10
10 2
2 45
45 2
43 7
7 43
43 44
44 43
43 8
8 43
43 42
42 43
43 45
45 43
43 9
9 43
43 40
40 43
43 3
3 43
43 46
46 43
43 47
47 43
43 13
13 43
43 12
12 43
43 10
10 43
43 11
11 43
3 49
49 3
3 5
5 3
3 48
48 3
3 7
7 3
3 44
44 3
3 9
9 3
3 11
11 3
3 12
12 3
3 13
13 3
3 47
47 3
3 8
8 3
3 46
46 3
3 42
42 3
3 45
45 3
3 6
6 3
3 26
26 3
47 4
4 47
47 49
49 47
47 5
5 47
47 6
6 47
47 48
48 47
47 45
45 47
47 46
46 47
47 44
44 47
47 7
7 47
4 49
49 4
4 48
48 4
4 7
7 4
4 45
45 4
4 46
46 4
49 6
6 49
49 48
48 49
49 5
5 49
49 46
46 49
49 7
7 49
49 13
13 49
49 12
12 49
5 6
6 5
5 48
48 5
5 12
12 5
5 13
13 5
5 19
19 5
5 8
8 5
5 44
44 5
5 18
18 5
5 7
7 5
6 48
48 6
6 13
13 6
6 19
19 6
6 26
26 6
6 18
18 6
6 16
16 6
6 46
46 6
48 46
46 48
48 7
7 48
48 45
45 48
48 44
44 48
7 42
42 7
7 9
9 7
7 12
12 7
7 44
44 7
7 46
46 7
7 45
45 7
44 8
8 44
44 42
42 44
44 45
45 44
44 46
46 44
44 9
9 44
44 13
13 44
44 11
11 44
8 9
9 8
8 11
11 8
8 13
13 8
8 45
45 8
8 46
46 8
8 42
42 8
8 10
10 8
8 40
40 8
42 9
9 42
42 40
40 42
42 10
10 42
42 45
45 42
42 11
11 42
42 12
12 42
9 10
10 9
9 11
11 9
9 12
12 9
9 13
13 9
9 40
40 9
40 10
10 40
10 11
11 10
10 12
12 10
10 13
13 10
11 13
13 11
11 12
12 11
12 13
13 12
13 19
19 13
13 16
16 13
45 46
46 45
51 15
15 51
51 53
53 51
51 21
21 51
51 52
52 51
51 22
22 51
51 50
50 51
51 23
23 51
51 38
38 51
51 35
35 51
51 54
54 51
51 14
14 51
51 20
20 51
51 27
27 51
51 36
36 51
51 28
28 51
14 15
15 14
14 53
53 14
14 20
20 14
14 52
52 14
14 22
22 14
14 23
23 14
14 27
27 14
14 28
28 14
14 36
36 14
14 16
16 14
14 54
54 14
14 55
55 14
15 53
53 15
15 20
20 15
15 52
52 15
15 27
27 15
15 28
28 15
15 33
33 15
15 54
54 15
15 23
23 15
15 35
35 15
15 55
55 15
53 20
20 53
53 54
54 53
53 21
21 53
53 52
52 53
53 55
55 53
53 22
22 53
53 16
16 53
53 56
56 53
53 57
57 53
53 26
26 53
53 25
25 53
53 23
23 53
53 24
24 53
16 59
59 16
16 18
18 16
16 58
58 16
16 20
20 16
16 54
54 16
16 22
22 16
16 24
24 16
16 25
25 16
16 26
26 16
16 57
57 16
16 21
21 16
16 56
56 16
16 52
52 16
16 55
55 16
16 19
19 16
57 17
17 57
57 59
59 57
57 18
18 57
57 19
19 57
57 58
58 57
57 55
55 57
57 56
56 57
57 54
54 57
57 20
20 57
17 59
59 17
17 58
58 17
17 20
20 17
17 55
55 17
17 56
56 17
59 19
19 59
59 58
58 59
59 18
18 59
59 56
56 59
59 20
20 59
59 26
26 59
59 25
25 59
18 19
19 18
18 58
58 18
18 25
25 18
18 26
26 18
18 20
20 18
19 58
58 19
19 26
26 19
19 56
56 19
58 56
56 58
58 20
20 58
58 55
55 58
58 54
54 58
20 52
52 20
20 22
22 20
20 25
25 20
20 54
54 20
20 56
56 20
20 36
36 20
20 55
55 20
20 28
28 20
54 21
21 54
54 52
52 54
54 55
55 54
54 56
56 54
54 22
22 54
54 26
26 54
54 24
24 54
21 22
22 21
21 24
24 21
21 26
26 21
21 55
55 21
21 56
56 21
21 52
52 21
21 23
23 21
21 50
50 21
52 22
22 52
52 50
50 52
52 23
23 52
52 55
55 52
52 36
36 52
52 24
24 52
52 25
25 52
52 35
35 52
22 23
23 22
22 24
24 22
22 25
25 22
22 28
28 22
22 35
35 22
22 60
60 22
22 36
36 22
22 26
26 22
22 50
50 22
22 37
37 22
22 62
62 22
22 38
38 22
50 23
23 50
50 38
38 50
50 35
35 50
50 37
37 50
23 35
35 23
23 38
38 23
23 37
37 23
23 27
27 23
23 62
62 23
23 36
36 23
23 33
33 23
23 24
24 23
23 25
25 23
23 26
26 23
24 26
26 24
24 36
36 24
24 25
25 24
24 35
35 24
24 60
60 24
25 26
26 25
25 60
60 25
25 36
36 25
55 56
56 55
27 28
28 27
27 63
63 27
27 33
33 27
27 62
62 27
27 35
35 27
27 36
36 27
27 29
29 27
27 64
64 27
28 63
63 28
28 33
33 28
28 62
62 28
28 64
64 28
28 36
36 28
28 65
65 28
63 33
33 63
63 64
64 63
63 34
34 63
63 62
62 63
63 65
65 63
63 35
35 63
63 60
60 63
63 29
29 63
63 66
66 63
63 67
67 63
63 39
39 63
63 38
38 63
63 36
36 63
63 37
37 63
29 69
69 29
29 31
31 29
29 68
68 29
29 33
33 29
29 64
64 29
29 35
35 29
29 37
37 29
29 38
38 29
29 39
39 29
29 67
67 29
29 34
34 29
29 66
66 29
29 62
62 29
29 65
65 29
29 32
32 29
67 30
30 67
67 69
69 67
67 31
31 67
67 32
32 67
67 68
68 67
67 65
65 67
67 66
66 67
67 64
64 67
67 33
33 67
30 69
69 30
30 68
68 30
30 33
33 30
30 65
65 30
30 66
66 30
69 32
32 69
69 68
68 69
69 31
31 69
69 33
33 69
69 38
38 69
69 39
39 69
31 32
32 31
31 68
68 31
31 38
38 31
31 39
39 31
31 64
64 31
31 33
33 31
32 68
68 32
32 39
39 32
32 66
66 32
68 66
66 68
68 33
33 68
68 65
65 68
68 64
64 68
33 62
62 33
33 35
35 33
33 38
38 33
33 64
64 33
33 66
66 33
33 65
65 33
64 34
34 64
64 62
62 64
64 65
65 64
64 66
66 64
64 35
35 64
64 39
39 64
64 37
37 64
34 35
35 34
34 37
37 34
34 39
39 34
34 65
65 34
34 66
66 34
34 62
62 34
34 36
36 34
34 60
60 34
62 35
35 62
62 60
60 62
62 36
36 62
62 37
37 62
62 38
38 62
35 36
36 35
35 37
37 35
35 38
38 35
35 39
39 35
35 60
60 35
60 36
36 60
36 37
37 36
36 38
38 36
36 39
39 36
37 39
39 37
37 38
38 37
38 39
39 38
65 66
66 65
