655
1 2
2 1
1 3
3 1
1 6
6 1
1 7
7 1
1 8
8 1
1 12
12 1
2 3
3 2
2 12
12 2
2 7
7 2
2 6
6 2
2 8
8 2
3 7
7 3
3 8
8 3
3 12
12 3
3 371
371 3
3 372
372 3
3 6
6 3
3 4
4 3
3 13
13 3
3 5
5 3
3 373
373 3
4 12
12 4
4 5
5 4
4 13
13 4
4 373
373 4
4 374
374 4
4 376
376 4
5 374
374 5
5 12
12 5
5 13
13 5
5 373
373 5
5 10
10 5
5 376
376 5
5 6
6 5
5 9
9 5
5 11
11 5
373 372
372 373
373 371
371 373
373 10
10 373
373 11
11 373
373 374
374 373
373 12
12 373
373 21
21 373
373 22
22 373
373 8
8 373
373 9
9 373
373 6
6 373
373 7
7 373
6 8
8 6
6 374
374 6
6 12
12 6
6 376
376 6
6 375
375 6
6 377
377 6
6 7
7 6
6 14
14 6
6 372
372 6
6 9
9 6
6 10
10 6
6 382
382 6
6 26
26 6
6 371
371 6
7 8
8 7
7 12
12 7
7 376
376 7
7 372
372 7
7 371
371 7
7 375
375 7
372 371
371 372
372 11
11 372
372 374
374 372
372 21
21 372
372 8
8 372
372 10
10 372
372 12
12 372
372 22
22 372
372 23
23 372
372 9
9 372
372 25
25 372
372 16
16 372
372 35
35 372
372 382
382 372
8 371
371 8
8 9
9 8
8 23
23 8
8 381
381 8
8 380
380 8
8 382
382 8
8 12
12 8
8 374
374 8
8 376
376 8
8 375
375 8
8 29
29 8
8 21
21 8
371 21
21 371
371 11
11 371
371 10
10 371
371 12
12 371
371 22
22 371
371 23
23 371
371 9
9 371
371 25
25 371
371 24
24 371
371 382
382 371
371 381
381 371
9 10
10 9
9 16
16 9
9 20
20 9
9 23
23 9
9 25
25 9
9 381
381 9
9 380
380 9
9 382
382 9
9 35
35 9
9 26
26 9
9 17
17 9
9 374
374 9
9 11
11 9
9 12
12 9
10 374
374 10
10 16
16 10
10 20
20 10
10 25
25 10
10 11
11 10
10 17
17 10
10 23
23 10
10 34
34 10
10 35
35 10
10 22
22 10
10 12
12 10
10 24
24 10
10 21
21 10
11 374
374 11
11 22
22 11
11 21
21 11
11 23
23 11
11 24
24 11
374 12
12 374
374 376
376 374
374 377
377 374
12 376
376 12
12 375
375 12
12 13
13 12
12 377
377 12
13 376
376 13
13 375
375 13
376 375
375 376
376 14
14 376
376 377
377 376
376 378
378 376
376 26
26 376
376 15
15 376
376 381
381 376
376 16
16 376
375 14
14 375
375 377
377 375
375 26
26 375
375 15
15 375
14 378
378 14
14 15
15 14
14 377
377 14
14 379
379 14
378 379
379 378
378 15
15 378
378 377
377 378
378 16
16 378
378 20
20 378
378 26
26 378
379 15
15 379
379 377
377 379
379 16
16 379
379 20
20 379
379 26
26 379
15 377
377 15
15 20
20 15
377 26
26 377
377 16
16 377
377 20
20 377
377 381
381 377
377 27
27 377
16 18
18 16
16 20
20 16
16 26
26 16
16 27
27 16
16 19
19 16
16 380
380 16
16 440
440 16
16 381
381 16
16 17
17 16
16 35
35 16
16 25
25 16
17 19
19 17
17 20
20 17
17 31
31 17
17 34
34 17
17 35
35 17
17 386
386 17
17 385
385 17
17 18
18 17
17 33
33 17
17 25
25 17
17 439
439 17
17 70
70 17
18 19
19 18
18 31
31 18
18 35
35 18
18 20
20 18
18 440
440 18
18 26
26 18
18 27
27 18
19 20
20 19
19 31
31 19
19 386
386 19
19 385
385 19
19 33
33 19
19 35
35 19
20 25
25 20
20 35
35 20
20 31
31 20
20 26
26 20
21 23
23 21
21 24
24 21
21 22
22 21
21 25
25 21
22 23
23 22
22 24
24 22
22 25
25 22
22 34
34 22
23 24
24 23
23 25
25 23
23 35
35 23
23 381
381 23
23 382
382 23
23 380
380 23
23 93
93 23
23 254
254 23
23 440
440 23
24 25
25 24
24 93
93 24
24 254
254 24
24 438
438 24
24 47
47 24
24 34
34 24
25 34
34 25
25 47
47 25
25 93
93 25
25 35
35 25
25 438
438 25
25 439
439 25
25 380
380 25
25 440
440 25
25 381
381 25
381 27
27 381
381 380
380 381
381 382
382 381
381 28
28 381
381 29
29 381
381 93
93 381
381 440
440 381
381 26
26 381
26 27
27 26
26 380
380 26
26 382
382 26
26 28
28 26
27 28
28 27
27 382
382 27
27 380
380 27
27 440
440 27
27 93
93 27
27 441
441 27
380 28
28 380
380 93
93 380
380 382
382 380
380 29
29 380
380 440
440 380
380 439
439 380
380 35
35 380
382 28
28 382
382 29
29 382
28 29
29 28
383 384
384 383
383 30
30 383
383 387
387 383
383 386
386 383
384 30
30 384
384 387
387 384
30 386
386 30
30 385
385 30
30 387
387 30
30 31
31 30
30 33
33 30
30 34
34 30
386 385
385 386
386 387
387 386
386 31
31 386
386 33
33 386
385 387
387 385
385 31
31 385
387 31
31 387
387 33
33 387
31 33
33 31
31 70
70 31
31 35
35 31
31 437
437 31
31 92
92 31
31 438
438 31
31 439
439 31
31 440
440 31
32 33
33 32
32 389
389 32
32 36
36 32
32 37
37 32
32 392
392 32
32 70
70 32
32 87
87 32
32 433
433 32
32 434
434 32
32 391
391 32
32 34
34 32
32 38
38 32
32 390
390 32
32 79
79 32
33 34
34 33
33 36
36 33
33 392
392 33
33 70
70 33
33 87
87 33
33 92
92 33
388 389
389 388
388 37
37 388
388 433
433 388
388 436
436 388
388 437
437 388
388 438
438 388
388 36
36 388
389 34
34 389
389 36
36 389
389 37
37 389
389 38
38 389
389 433
433 389
389 436
436 389
389 392
392 389
389 438
438 389
389 434
434 389
389 35
35 389
34 35
35 34
34 36
36 34
34 38
38 34
34 392
392 34
34 44
44 34
34 47
47 34
34 46
46 34
34 43
43 34
34 401
401 34
35 439
439 35
35 440
440 35
35 438
438 35
36 37
37 36
36 392
392 36
36 38
38 36
36 39
39 36
36 391
391 36
36 390
390 36
37 391
391 37
37 392
392 37
37 38
38 37
37 39
39 37
37 433
433 37
37 434
434 37
37 59
59 37
37 55
55 37
37 58
58 37
37 436
436 37
390 391
391 390
390 392
392 390
390 424
424 390
390 79
79 390
390 433
433 390
390 55
55 390
390 423
423 390
390 406
406 390
390 405
405 390
390 38
38 390
390 41
41 390
390 39
39 390
391 392
392 391
391 38
38 391
391 55
55 391
391 405
405 391
391 406
406 391
391 39
39 391
391 58
58 391
391 79
79 391
391 424
424 391
391 433
433 391
391 423
423 391
391 87
87 391
391 434
434 391
392 39
39 392
392 55
55 392
392 424
424 392
392 433
433 392
392 434
434 392
392 38
38 392
392 58
58 392
392 406
406 392
392 79
79 392
38 44
44 38
38 45
45 38
38 55
55 38
38 58
58 38
38 39
39 38
38 59
59 38
39 55
55 39
39 58
58 39
39 59
59 39
39 406
406 39
39 433
433 39
39 434
434 39
393 394
394 393
393 40
40 393
393 398
398 393
393 54
54 393
393 399
399 393
393 56
56 393
393 205
205 393
393 53
53 393
394 54
54 394
394 399
399 394
394 205
205 394
394 398
398 394
394 40
40 394
40 399
399 40
40 56
56 40
40 398
398 40
40 397
397 40
40 54
54 40
40 396
396 40
40 41
41 40
396 41
41 396
396 395
395 396
396 397
397 396
396 53
53 396
396 398
398 396
396 56
56 396
396 52
52 396
396 55
55 396
396 405
405 396
41 395
395 41
41 52
52 41
41 397
397 41
41 55
55 41
41 405
405 41
41 406
406 41
41 56
56 41
41 57
57 41
41 42
42 41
41 398
398 41
395 52
52 395
395 397
397 395
395 56
56 395
395 57
57 395
395 53
53 395
395 42
42 395
395 50
50 395
395 405
405 395
42 403
403 42
42 50
50 42
42 51
51 42
42 404
404 42
42 52
52 42
42 405
405 42
42 43
43 42
42 49
49 42
42 48
48 42
42 402
402 42
43 403
403 43
43 404
404 43
43 52
52 43
43 406
406 43
43 402
402 43
43 45
45 43
43 44
44 43
43 401
401 43
43 46
46 43
43 49
49 43
43 47
47 43
43 51
51 43
402 44
44 402
402 46
46 402
402 401
401 402
402 47
47 402
402 400
400 402
402 49
49 402
402 403
403 402
402 51
51 402
402 404
404 402
402 48
48 402
402 50
50 402
402 45
45 402
402 407
407 402
44 45
45 44
44 401
401 44
44 47
47 44
44 400
400 44
44 48
48 44
44 403
403 44
44 50
50 44
44 51
51 44
44 404
404 44
44 407
407 44
44 58
58 44
44 59
59 44
44 52
52 44
45 401
401 45
45 47
47 45
45 403
403 45
45 50
50 45
45 404
404 45
45 58
58 45
45 52
52 45
46 401
401 46
46 47
47 46
46 400
400 46
46 49
49 46
401 47
47 401
401 400
400 401
401 49
49 401
401 403
403 401
401 48
48 401
401 404
404 401
401 50
50 401
401 51
51 401
401 407
407 401
47 400
400 47
47 407
407 47
47 403
403 47
47 404
404 47
47 49
49 47
47 48
48 47
400 49
49 400
400 48
48 400
400 403
403 400
400 407
407 400
48 50
50 48
48 51
51 48
48 407
407 48
48 408
408 48
48 49
49 48
48 403
403 48
48 404
404 48
48 332
332 48
48 317
317 48
49 332
332 49
49 51
51 49
49 403
403 49
49 317
317 49
49 318
318 49
49 404
404 49
403 51
51 403
403 404
404 403
403 52
52 403
403 50
50 403
403 407
407 403
50 51
51 50
50 404
404 50
50 407
407 50
50 408
408 50
50 52
52 50
51 407
407 51
51 408
408 51
51 404
404 51
51 52
52 51
51 317
317 51
51 332
332 51
404 52
52 404
404 405
405 404
52 55
55 52
52 405
405 52
52 406
406 52
52 58
58 52
52 57
57 52
52 56
56 52
52 397
397 52
397 53
53 397
397 398
398 397
397 54
54 397
397 399
399 397
397 56
56 397
397 55
55 397
53 398
398 53
53 54
54 53
53 409
409 53
53 410
410 53
53 408
408 53
53 399
399 53
398 54
54 398
398 399
399 398
398 56
56 398
54 399
399 54
54 410
410 54
54 409
409 54
54 205
205 54
399 56
56 399
55 406
406 55
55 56
56 55
55 58
58 55
55 405
405 55
55 57
57 55
405 406
406 405
405 56
56 405
405 57
57 405
406 57
57 406
56 57
57 56
407 409
409 407
407 408
408 407
407 410
410 407
58 59
59 58
58 410
410 58
59 409
409 59
59 410
410 59
409 410
410 409
409 250
250 409
409 408
408 409
410 408
408 410
410 254
254 410
411 412
412 411
411 413
413 411
411 73
73 411
411 83
83 411
411 74
74 411
411 72
72 411
411 75
75 411
411 425
425 411
412 413
413 412
412 71
71 412
412 72
72 412
412 74
74 412
412 75
75 412
412 78
78 412
412 83
83 412
412 73
73 412
413 71
71 413
413 72
72 413
413 73
73 413
413 74
74 413
413 78
78 413
413 75
75 413
413 83
83 413
60 61
61 60
60 62
62 60
60 63
63 60
60 417
417 60
60 75
75 60
60 78
78 60
60 81
81 60
60 84
84 60
60 416
416 60
60 64
64 60
60 79
79 60
60 422
422 60
60 71
71 60
60 87
87 60
60 414
414 60
61 62
62 61
61 63
63 61
61 64
64 61
61 416
416 61
61 417
417 61
61 79
79 61
61 422
422 61
61 78
78 61
61 75
75 61
61 87
87 61
61 70
70 61
61 88
88 61
61 423
423 61
61 424
424 61
61 84
84 61
61 433
433 61
62 64
64 62
62 70
70 62
62 416
416 62
62 417
417 62
62 79
79 62
62 87
87 62
62 88
88 62
62 414
414 62
62 63
63 62
62 415
415 62
62 424
424 62
62 433
433 62
62 65
65 62
62 66
66 62
62 81
81 62
62 84
84 62
62 432
432 62
62 75
75 62
62 423
423 62
62 71
71 62
63 64
64 63
63 65
65 63
63 414
414 63
63 416
416 63
63 417
417 63
63 75
75 63
63 81
81 63
63 66
66 63
63 84
84 63
63 88
88 63
63 71
71 63
63 87
87 63
63 432
432 63
63 78
78 63
64 65
65 64
64 66
66 64
64 71
71 64
64 75
75 64
64 81
81 64
64 69
69 64
64 416
416 64
64 414
414 64
64 417
417 64
64 415
415 64
64 67
67 64
64 88
88 64
64 420
420 64
64 70
70 64
64 418
418 64
64 419
419 64
65 414
414 65
65 415
415 65
65 69
69 65
65 66
66 65
65 67
67 65
65 416
416 65
65 68
68 65
65 75
75 65
65 71
71 65
65 81
81 65
65 74
74 65
65 82
82 65
65 73
73 65
66 68
68 66
66 69
69 66
66 82
82 66
66 81
81 66
66 67
67 66
66 86
86 66
66 75
75 66
66 429
429 66
66 430
430 66
66 414
414 66
66 415
415 66
66 432
432 66
66 88
88 66
414 415
415 414
414 88
88 414
414 70
70 414
414 416
416 414
414 87
87 414
414 432
432 414
415 70
70 415
415 88
88 415
415 67
67 415
67 69
69 67
67 429
429 67
67 68
68 67
68 69
69 68
68 74
74 68
69 72
72 69
69 73
73 69
69 74
74 69
69 71
71 69
69 75
75 69
70 92
92 70
70 437
437 70
70 87
87 70
70 88
88 70
70 432
432 70
70 434
434 70
70 79
79 70
416 417
417 416
416 71
71 416
416 75
75 416
416 422
422 416
416 421
421 416
416 420
420 416
416 419
419 416
416 78
78 416
416 418
418 416
417 422
422 417
417 420
420 417
417 421
421 417
417 78
78 417
417 419
419 417
417 75
75 417
417 71
71 417
71 75
75 71
71 422
422 71
71 78
78 71
71 72
72 71
71 74
74 71
71 421
421 71
71 73
73 71
72 74
74 72
72 75
75 72
72 78
78 72
72 73
73 72
73 74
74 73
74 75
75 74
74 78
78 74
75 81
81 75
75 425
425 75
75 83
83 75
75 78
78 75
75 426
426 75
75 84
84 75
75 422
422 75
76 420
420 76
76 419
419 76
76 421
421 76
76 77
77 76
76 418
418 76
418 419
419 418
418 77
77 418
418 420
420 418
418 421
421 418
418 422
422 418
419 421
421 419
419 420
420 419
419 77
77 419
419 422
422 419
77 420
420 77
77 421
421 77
77 422
422 77
77 78
78 77
422 421
421 422
422 420
420 422
422 78
78 422
421 420
420 421
421 78
78 421
420 78
78 420
423 424
424 423
423 79
79 423
423 84
84 423
423 87
87 423
423 433
433 423
423 434
434 423
423 89
89 423
423 435
435 423
423 85
85 423
423 428
428 423
424 79
79 424
424 433
433 424
424 434
434 424
424 435
435 424
424 89
89 424
424 87
87 424
79 87
87 79
79 433
433 79
79 434
434 79
79 88
88 79
80 199
199 80
80 200
200 80
80 518
518 80
80 519
519 80
80 86
86 80
80 427
427 80
80 426
426 80
425 81
81 425
425 82
82 425
425 426
426 425
425 83
83 425
425 427
427 425
425 84
84 425
425 85
85 425
425 86
86 425
81 82
82 81
81 426
426 81
81 83
83 81
81 427
427 81
81 84
84 81
81 85
85 81
81 86
86 81
81 428
428 81
81 429
429 81
82 426
426 82
82 427
427 82
82 86
86 82
82 429
429 82
82 428
428 82
426 83
83 426
426 427
427 426
426 85
85 426
426 428
428 426
426 86
86 426
426 84
84 426
83 85
85 83
83 84
84 83
83 427
427 83
83 428
428 83
83 86
86 83
427 85
85 427
427 428
428 427
427 86
86 427
427 84
84 427
427 89
89 427
84 85
85 84
84 428
428 84
84 86
86 84
84 434
434 84
84 89
89 84
84 87
87 84
84 435
435 84
84 433
433 84
85 428
428 85
85 434
434 85
85 89
89 85
85 86
86 85
428 86
86 428
428 89
89 428
428 90
90 428
428 434
434 428
428 435
435 428
86 429
429 86
86 430
430 86
86 90
90 86
86 435
435 86
86 89
89 86
86 200
200 86
86 199
199 86
429 90
90 429
429 430
430 429
431 433
433 431
431 434
434 431
431 88
88 431
431 432
432 431
431 435
435 431
431 90
90 431
431 430
430 431
431 87
87 431
87 433
433 87
87 434
434 87
87 88
88 87
87 432
432 87
87 92
92 87
433 434
434 433
433 88
88 433
433 432
432 433
433 435
435 433
433 436
436 433
434 436
436 434
434 92
92 434
434 88
88 434
434 432
432 434
434 435
435 434
434 90
90 434
434 89
89 434
88 432
432 88
88 92
92 88
432 92
92 432
432 435
435 432
432 430
430 432
89 435
435 89
89 90
90 89
435 90
90 435
435 430
430 435
90 430
430 90
90 200
200 90
91 440
440 91
91 441
441 91
91 438
438 91
91 439
439 91
91 92
92 91
91 437
437 91
91 436
436 91
91 93
93 91
91 260
260 91
91 250
250 91
91 254
254 91
436 437
437 436
436 438
438 436
436 93
93 436
436 439
439 436
436 92
92 436
92 437
437 92
92 438
438 92
92 439
439 92
437 438
438 437
437 439
439 437
437 93
93 437
438 439
439 438
438 93
93 438
438 440
440 438
438 441
441 438
439 440
440 439
439 441
441 439
439 93
93 439
440 93
93 440
440 441
441 440
441 93
93 441
93 260
260 93
93 254
254 93
94 95
95 94
94 96
96 94
94 99
99 94
94 100
100 94
94 101
101 94
94 105
105 94
95 96
96 95
95 105
105 95
95 100
100 95
95 99
99 95
95 101
101 95
96 100
100 96
96 101
101 96
96 105
105 96
96 442
442 96
96 443
443 96
96 99
99 96
96 97
97 96
96 106
106 96
96 98
98 96
97 105
105 97
97 98
98 97
97 443
443 97
97 444
444 97
97 106
106 97
97 445
445 97
97 447
447 97
98 103
103 98
98 445
445 98
98 105
105 98
98 106
106 98
98 444
444 98
98 447
447 98
98 99
99 98
98 102
102 98
98 443
443 98
98 104
104 98
444 443
443 444
444 442
442 444
444 104
104 444
444 445
445 444
444 103
103 444
444 105
105 444
444 114
114 444
444 115
115 444
444 101
101 444
444 102
102 444
444 99
99 444
444 100
100 444
99 101
101 99
99 445
445 99
99 105
105 99
99 447
447 99
99 446
446 99
99 448
448 99
99 100
100 99
99 107
107 99
99 443
443 99
99 102
102 99
99 103
103 99
99 453
453 99
99 119
119 99
99 442
442 99
100 101
101 100
100 105
105 100
100 447
447 100
100 443
443 100
100 442
442 100
100 446
446 100
443 442
442 443
443 104
104 443
443 445
445 443
443 105
105 443
443 114
114 443
443 101
101 443
443 103
103 443
443 115
115 443
443 102
102 443
443 116
116 443
443 118
118 443
443 109
109 443
443 128
128 443
443 453
453 443
101 442
442 101
101 102
102 101
101 116
116 101
101 452
452 101
101 451
451 101
101 453
453 101
101 105
105 101
101 445
445 101
101 447
447 101
101 446
446 101
101 119
119 101
101 122
122 101
101 114
114 101
442 114
114 442
442 104
104 442
442 103
103 442
442 105
105 442
442 115
115 442
442 116
116 442
442 102
102 442
442 118
118 442
442 117
117 442
442 453
453 442
442 452
452 442
102 103
103 102
102 109
109 102
102 113
113 102
102 116
116 102
102 118
118 102
102 452
452 102
102 451
451 102
102 453
453 102
102 128
128 102
102 119
119 102
102 110
110 102
102 445
445 102
102 104
104 102
102 105
105 102
103 445
445 103
103 109
109 103
103 113
113 103
103 118
118 103
103 104
104 103
103 110
110 103
103 116
116 103
103 127
127 103
103 128
128 103
103 115
115 103
103 105
105 103
103 117
117 103
103 114
114 103
104 445
445 104
104 115
115 104
104 114
114 104
104 116
116 104
104 117
117 104
445 105
105 445
445 447
447 445
445 448
448 445
105 447
447 105
105 106
106 105
105 446
446 105
105 448
448 105
106 447
447 106
106 446
446 106
447 446
446 447
447 107
107 447
447 448
448 447
447 449
449 447
447 119
119 447
447 108
108 447
447 452
452 447
447 109
109 447
446 107
107 446
446 448
448 446
446 119
119 446
446 357
357 446
446 108
108 446
107 449
449 107
107 108
108 107
107 448
448 107
107 357
357 107
107 450
450 107
449 450
450 449
449 108
108 449
449 448
448 449
449 109
109 449
449 113
113 449
449 119
119 449
450 108
108 450
450 448
448 450
450 109
109 450
450 113
113 450
450 119
119 450
108 448
448 108
108 113
113 108
108 357
357 108
108 363
363 108
108 367
367 108
448 119
119 448
448 109
109 448
448 113
113 448
448 452
452 448
448 120
120 448
109 111
111 109
109 113
113 109
109 119
119 109
109 120
120 109
109 112
112 109
109 451
451 109
109 512
512 109
109 452
452 109
109 110
110 109
109 128
128 109
109 118
118 109
109 124
124 109
110 112
112 110
110 113
113 110
110 118
118 110
110 124
124 110
110 127
127 110
110 128
128 110
110 457
457 110
110 456
456 110
110 111
111 110
110 126
126 110
110 511
511 110
110 162
162 110
111 112
112 111
111 113
113 111
111 124
124 111
111 128
128 111
111 512
512 111
111 119
119 111
111 120
120 111
112 113
113 112
112 124
124 112
112 457
457 112
112 456
456 112
112 128
128 112
113 118
118 113
113 128
128 113
113 124
124 113
113 119
119 113
113 607
607 113
113 330
330 113
113 606
606 113
114 116
116 114
114 117
117 114
114 115
115 114
114 118
118 114
115 116
116 115
115 117
117 115
115 118
118 115
115 127
127 115
116 117
117 116
116 118
118 116
116 128
128 116
116 452
452 116
116 453
453 116
116 451
451 116
116 185
185 116
116 512
512 116
117 118
118 117
117 185
185 117
117 510
510 117
117 139
139 117
117 127
127 117
118 127
127 118
118 139
139 118
118 185
185 118
118 128
128 118
118 510
510 118
118 511
511 118
118 451
451 118
118 512
512 118
118 452
452 118
452 120
120 452
452 451
451 452
452 453
453 452
452 121
121 452
452 122
122 452
452 185
185 452
452 512
512 452
452 119
119 452
119 120
120 119
119 451
451 119
119 453
453 119
119 121
121 119
120 121
121 120
120 453
453 120
120 451
451 120
120 512
512 120
120 185
185 120
120 513
513 120
451 121
121 451
451 185
185 451
451 453
453 451
451 122
122 451
451 512
512 451
451 511
511 451
451 128
128 451
453 121
121 453
453 122
122 453
121 122
122 121
454 455
455 454
454 123
123 454
454 458
458 454
454 457
457 454
455 123
123 455
455 458
458 455
123 457
457 123
123 456
456 123
123 458
458 123
123 124
124 123
123 126
126 123
123 127
127 123
457 456
456 457
457 458
458 457
457 124
124 457
457 126
126 457
456 458
458 456
456 124
124 456
458 124
124 458
458 126
126 458
124 126
126 124
124 162
162 124
124 128
128 124
124 509
509 124
124 184
184 124
124 510
510 124
124 511
511 124
124 512
512 124
125 126
126 125
125 460
460 125
125 129
129 125
125 130
130 125
125 463
463 125
125 162
162 125
125 179
179 125
125 505
505 125
125 506
506 125
125 462
462 125
125 127
127 125
125 131
131 125
125 461
461 125
125 171
171 125
126 127
127 126
126 129
129 126
126 463
463 126
126 162
162 126
126 179
179 126
126 184
184 126
459 460
460 459
459 130
130 459
459 505
505 459
459 508
508 459
459 509
509 459
459 510
510 459
459 129
129 459
460 127
127 460
460 129
129 460
460 130
130 460
460 131
131 460
460 505
505 460
460 463
463 460
460 508
508 460
460 510
510 460
460 506
506 460
460 128
128 460
127 128
128 127
127 129
129 127
127 131
131 127
127 463
463 127
127 136
136 127
127 139
139 127
127 138
138 127
127 135
135 127
127 472
472 127
128 511
511 128
128 512
512 128
128 510
510 128
129 130
130 129
129 463
463 129
129 131
131 129
129 132
132 129
129 462
462 129
129 461
461 129
130 462
462 130
130 463
463 130
130 131
131 130
130 132
132 130
130 505
505 130
130 506
506 130
130 151
151 130
130 147
147 130
130 150
150 130
130 508
508 130
461 462
462 461
461 463
463 461
461 496
496 461
461 171
171 461
461 505
505 461
461 147
147 461
461 495
495 461
461 477
477 461
461 476
476 461
461 131
131 461
461 134
134 461
461 132
132 461
462 463
463 462
462 131
131 462
462 147
147 462
462 476
476 462
462 477
477 462
462 132
132 462
462 150
150 462
462 171
171 462
462 496
496 462
462 505
505 462
462 495
495 462
462 179
179 462
462 506
506 462
463 132
132 463
463 147
147 463
463 496
496 463
463 505
505 463
463 506
506 463
463 131
131 463
463 150
150 463
463 477
477 463
463 171
171 463
131 136
136 131
131 137
137 131
131 147
147 131
131 150
150 131
131 132
132 131
131 151
151 131
132 147
147 132
132 150
150 132
132 151
151 132
132 477
477 132
132 505
505 132
132 506
506 132
464 465
465 464
464 133
133 464
464 469
469 464
464 146
146 464
464 470
470 464
464 148
148 464
464 145
145 464
465 146
146 465
465 470
470 465
465 469
469 465
465 133
133 465
133 470
470 133
133 148
148 133
133 469
469 133
133 468
468 133
133 146
146 133
133 467
467 133
133 134
134 133
467 134
134 467
467 466
466 467
467 468
468 467
467 145
145 467
467 469
469 467
467 148
148 467
467 144
144 467
467 147
147 467
467 476
476 467
134 466
466 134
134 144
144 134
134 468
468 134
134 147
147 134
134 476
476 134
134 477
477 134
134 148
148 134
134 149
149 134
134 469
469 134
466 144
144 466
466 468
468 466
466 148
148 466
466 149
149 466
466 145
145 466
466 142
142 466
466 476
476 466
135 474
474 135
135 475
475 135
135 144
144 135
135 477
477 135
135 473
473 135
135 137
137 135
135 136
136 135
135 472
472 135
135 138
138 135
135 139
139 135
135 141
141 135
135 143
143 135
473 136
136 473
473 138
138 473
473 472
472 473
473 139
139 473
473 471
471 473
473 141
141 473
473 474
474 473
473 143
143 473
473 475
475 473
473 140
140 473
473 142
142 473
473 137
137 473
473 478
478 473
136 137
137 136
136 472
472 136
136 139
139 136
136 471
471 136
136 140
140 136
136 474
474 136
136 142
142 136
136 143
143 136
136 475
475 136
136 478
478 136
136 150
150 136
136 151
151 136
136 144
144 136
137 472
472 137
137 139
139 137
137 474
474 137
137 142
142 137
137 475
475 137
137 150
150 137
137 144
144 137
138 472
472 138
138 139
139 138
138 471
471 138
138 141
141 138
472 139
139 472
472 471
471 472
472 141
141 472
472 474
474 472
472 140
140 472
472 475
475 472
472 142
142 472
472 143
143 472
472 478
478 472
139 471
471 139
139 478
478 139
139 474
474 139
139 475
475 139
139 141
141 139
139 140
140 139
471 141
141 471
471 140
140 471
471 474
474 471
471 478
478 471
140 142
142 140
140 143
143 140
140 478
478 140
140 479
479 140
140 141
141 140
140 474
474 140
140 475
475 140
141 143
143 141
141 474
474 141
141 475
475 141
474 143
143 474
474 475
475 474
474 144
144 474
474 142
142 474
474 478
478 474
142 143
143 142
142 475
475 142
142 478
478 142
142 479
479 142
142 144
144 142
143 478
478 143
143 479
479 143
143 475
475 143
143 144
144 143
475 144
144 475
475 476
476 475
144 147
147 144
144 476
476 144
144 477
477 144
144 150
150 144
144 149
149 144
144 148
148 144
144 468
468 144
468 145
145 468
468 469
469 468
468 146
146 468
468 470
470 468
468 148
148 468
468 147
147 468
145 469
469 145
145 146
146 145
145 480
480 145
145 481
481 145
145 479
479 145
145 470
470 145
469 146
146 469
469 470
470 469
469 148
148 469
146 470
470 146
146 481
481 146
146 480
480 146
470 148
148 470
147 477
477 147
147 148
148 147
147 150
150 147
147 476
476 147
147 149
149 147
476 477
477 476
476 148
148 476
476 149
149 476
477 149
149 477
148 149
149 148
478 480
480 478
478 479
479 478
478 481
481 478
150 151
151 150
150 481
481 150
151 480
480 151
151 481
481 151
480 481
481 480
480 479
479 480
481 479
479 481
482 483
483 482
482 484
484 482
482 165
165 482
482 175
175 482
482 166
166 482
482 164
164 482
482 167
167 482
482 497
497 482
483 484
484 483
483 163
163 483
483 164
164 483
483 166
166 483
483 167
167 483
483 170
170 483
483 175
175 483
483 165
165 483
484 163
163 484
484 164
164 484
484 165
165 484
484 166
166 484
484 170
170 484
484 167
167 484
484 175
175 484
152 153
153 152
152 154
154 152
152 155
155 152
152 489
489 152
152 167
167 152
152 170
170 152
152 176
176 152
152 488
488 152
152 156
156 152
152 163
163 152
152 171
171 152
152 173
173 152
152 494
494 152
152 487
487 152
152 179
179 152
152 485
485 152
153 154
154 153
153 155
155 153
153 156
156 153
153 488
488 153
153 489
489 153
153 171
171 153
153 494
494 153
153 170
170 153
153 167
167 153
153 179
179 153
153 162
162 153
153 180
180 153
153 495
495 153
153 496
496 153
153 176
176 153
153 505
505 153
154 156
156 154
154 162
162 154
154 488
488 154
154 489
489 154
154 171
171 154
154 179
179 154
154 180
180 154
154 485
485 154
154 155
155 154
154 487
487 154
154 486
486 154
154 505
505 154
154 157
157 154
154 158
158 154
154 173
173 154
154 176
176 154
154 504
504 154
154 167
167 154
154 495
495 154
154 163
163 154
155 156
156 155
155 157
157 155
155 485
485 155
155 488
488 155
155 489
489 155
155 167
167 155
155 173
173 155
155 158
158 155
155 176
176 155
155 180
180 155
155 163
163 155
155 179
179 155
155 504
504 155
155 487
487 155
155 170
170 155
156 157
157 156
156 158
158 156
156 488
488 156
156 163
163 156
156 167
167 156
156 173
173 156
156 161
161 156
156 487
487 156
156 485
485 156
156 489
489 156
156 486
486 156
156 159
159 156
156 180
180 156
156 492
492 156
156 162
162 156
156 490
490 156
156 491
491 156
156 368
368 156
157 485
485 157
157 486
486 157
157 161
161 157
157 158
158 157
157 159
159 157
157 622
622 157
157 368
368 157
157 487
487 157
157 488
488 157
157 167
167 157
157 160
160 157
157 163
163 157
157 173
173 157
157 166
166 157
157 174
174 157
157 165
165 157
158 160
160 158
158 161
161 158
158 174
174 158
158 159
159 158
158 173
173 158
158 178
178 158
158 167
167 158
158 501
501 158
158 502
502 158
158 485
485 158
158 486
486 158
158 504
504 158
158 180
180 158
485 486
486 485
485 180
180 485
485 162
162 485
485 487
487 485
485 488
488 485
485 179
179 485
485 504
504 485
486 162
162 486
486 180
180 486
486 159
159 486
159 161
161 159
159 501
501 159
159 160
160 159
160 161
161 160
160 298
298 160
160 166
166 160
161 164
164 161
161 165
165 161
161 166
166 161
161 163
163 161
161 167
167 161
161 300
300 161
161 301
301 161
161 298
298 161
161 370
370 161
161 623
623 161
162 184
184 162
162 509
509 162
162 179
179 162
162 180
180 162
162 504
504 162
162 506
506 162
162 171
171 162
487 488
488 487
487 489
489 487
487 490
490 487
487 491
491 487
487 494
494 487
487 493
493 487
487 492
492 487
487 163
163 487
487 170
170 487
487 167
167 487
488 489
489 488
488 163
163 488
488 167
167 488
488 493
493 488
488 492
492 488
488 170
170 488
488 494
494 488
488 491
491 488
488 490
490 488
489 494
494 489
489 492
492 489
489 493
493 489
489 170
170 489
489 491
491 489
489 167
167 489
489 163
163 489
163 167
167 163
163 494
494 163
163 493
493 163
163 492
492 163
163 170
170 163
163 164
164 163
163 166
166 163
163 165
165 163
164 166
166 164
164 167
167 164
164 170
170 164
164 165
165 164
165 166
166 165
166 167
167 166
166 170
170 166
167 173
173 167
167 497
497 167
167 175
175 167
167 170
170 167
167 176
176 167
167 494
494 167
168 492
492 168
168 368
368 168
168 370
370 168
168 491
491 168
168 493
493 168
168 169
169 168
168 490
490 168
490 491
491 490
490 169
169 490
490 492
492 490
490 493
493 490
490 494
494 490
491 493
493 491
491 492
492 491
491 169
169 491
491 494
494 491
169 492
492 169
169 493
493 169
169 494
494 169
169 170
170 169
494 493
493 494
494 492
492 494
494 170
170 494
493 492
492 493
493 170
170 493
492 170
170 492
495 496
496 495
495 171
171 495
495 176
176 495
495 179
179 495
495 505
505 495
495 506
506 495
495 181
181 495
495 507
507 495
495 177
177 495
495 500
500 495
496 171
171 496
496 505
505 496
496 506
506 496
496 507
507 496
496 181
181 496
496 179
179 496
171 179
179 171
171 505
505 171
171 506
506 171
171 180
180 171
172 178
178 172
172 499
499 172
172 498
498 172
497 173
173 497
497 174
174 497
497 498
498 497
497 175
175 497
497 499
499 497
497 176
176 497
497 177
177 497
497 178
178 497
173 174
174 173
173 498
498 173
173 499
499 173
173 176
176 173
173 178
178 173
173 500
500 173
173 177
177 173
173 175
175 173
173 501
501 173
174 498
498 174
174 499
499 174
174 178
178 174
174 501
501 174
174 500
500 174
498 175
175 498
498 499
499 498
498 177
177 498
498 500
500 498
498 178
178 498
498 176
176 498
175 177
177 175
175 176
176 175
175 499
499 175
175 500
500 175
175 178
178 175
499 177
177 499
499 500
500 499
499 178
178 499
499 176
176 499
499 181
181 499
176 177
177 176
176 500
500 176
176 178
178 176
176 506
506 176
176 181
181 176
176 179
179 176
176 507
507 176
176 505
505 176
177 500
500 177
177 506
506 177
177 181
181 177
177 178
178 177
500 178
178 500
500 181
181 500
500 182
182 500
500 506
506 500
500 507
507 500
178 501
501 178
178 502
502 178
178 182
182 178
178 507
507 178
178 181
181 178
501 182
182 501
501 502
502 501
503 505
505 503
503 506
506 503
503 180
180 503
503 504
504 503
503 507
507 503
503 182
182 503
503 502
502 503
503 179
179 503
179 505
505 179
179 506
506 179
179 180
180 179
179 504
504 179
179 184
184 179
505 506
506 505
505 180
180 505
505 504
504 505
505 507
507 505
505 508
508 505
506 508
508 506
506 184
184 506
506 180
180 506
506 504
504 506
506 507
507 506
506 182
182 506
506 181
181 506
180 504
504 180
180 184
184 180
504 184
184 504
504 507
507 504
504 502
502 504
181 507
507 181
181 182
182 181
507 182
182 507
507 502
502 507
182 502
502 182
183 512
512 183
183 513
513 183
183 510
510 183
183 511
511 183
183 184
184 183
183 509
509 183
183 508
508 183
183 185
185 183
508 509
509 508
508 510
510 508
508 185
185 508
508 511
511 508
508 184
184 508
184 509
509 184
184 510
510 184
184 511
511 184
509 510
510 509
509 511
511 509
509 185
185 509
510 511
511 510
510 185
185 510
510 512
512 510
510 513
513 510
511 512
512 511
511 513
513 511
511 185
185 511
512 185
185 512
512 513
513 512
513 185
185 513
186 187
187 186
186 188
188 186
186 191
191 186
186 192
192 186
186 193
193 186
186 197
197 186
187 188
188 187
187 197
197 187
187 192
192 187
187 191
191 187
187 193
193 187
188 192
192 188
188 193
193 188
188 197
197 188
188 514
514 188
188 191
191 188
188 515
515 188
188 189
189 188
188 198
198 188
188 190
190 188
188 516
516 188
189 197
197 189
189 190
190 189
189 515
515 189
189 516
516 189
189 198
198 189
189 517
517 189
189 519
519 189
190 517
517 190
190 197
197 190
190 198
198 190
190 516
516 190
190 195
195 190
190 519
519 190
190 191
191 190
190 194
194 190
190 515
515 190
190 196
196 190
516 515
515 516
516 514
514 516
516 196
196 516
516 517
517 516
516 195
195 516
516 197
197 516
516 206
206 516
516 207
207 516
516 193
193 516
516 194
194 516
516 191
191 516
516 192
192 516
191 193
193 191
191 517
517 191
191 197
197 191
191 519
519 191
191 518
518 191
191 520
520 191
191 192
192 191
191 199
199 191
191 515
515 191
191 194
194 191
191 195
195 191
191 525
525 191
191 514
514 191
192 193
193 192
192 197
197 192
192 519
519 192
192 515
515 192
192 514
514 192
192 518
518 192
515 514
514 515
515 196
196 515
515 517
517 515
515 197
197 515
515 206
206 515
515 193
193 515
515 195
195 515
515 207
207 515
515 194
194 515
515 208
208 515
515 210
210 515
515 201
201 515
515 220
220 515
515 525
525 515
193 514
514 193
193 194
194 193
193 208
208 193
193 524
524 193
193 523
523 193
193 525
525 193
193 197
197 193
193 517
517 193
193 519
519 193
193 518
518 193
193 214
214 193
193 206
206 193
514 206
206 514
514 196
196 514
514 195
195 514
514 197
197 514
514 207
207 514
514 208
208 514
514 194
194 514
514 210
210 514
514 209
209 514
514 525
525 514
514 524
524 514
194 195
195 194
194 201
201 194
194 205
205 194
194 208
208 194
194 210
210 194
194 524
524 194
194 523
523 194
194 525
525 194
194 220
220 194
194 211
211 194
194 202
202 194
194 517
517 194
194 196
196 194
194 197
197 194
195 517
517 195
195 201
201 195
195 205
205 195
195 210
210 195
195 196
196 195
195 202
202 195
195 208
208 195
195 219
219 195
195 207
207 195
195 220
220 195
195 197
197 195
195 209
209 195
195 206
206 195
196 517
517 196
196 207
207 196
196 206
206 196
196 208
208 196
196 209
209 196
517 197
197 517
517 519
519 517
517 520
520 517
197 519
519 197
197 518
518 197
197 198
198 197
197 520
520 197
198 519
519 198
198 518
518 198
519 518
518 519
519 199
199 519
519 520
520 519
519 521
521 519
519 211
211 519
519 200
200 519
519 524
524 519
519 201
201 519
518 199
199 518
518 520
520 518
518 211
211 518
518 521
521 518
518 200
200 518
199 521
521 199
199 200
200 199
199 520
520 199
199 522
522 199
521 522
522 521
521 200
200 521
521 520
520 521
521 201
201 521
521 205
205 521
521 211
211 521
522 200
200 522
522 520
520 522
522 201
201 522
522 205
205 522
522 211
211 522
200 520
520 200
200 205
205 200
520 211
211 520
520 201
201 520
520 205
205 520
520 524
524 520
520 212
212 520
201 205
205 201
201 211
211 201
201 212
212 201
201 204
204 201
201 523
523 201
201 202
202 201
201 582
582 201
201 203
203 201
201 524
524 201
201 220
220 201
201 210
210 201
201 216
216 201
202 204
204 202
202 205
205 202
202 216
216 202
202 219
219 202
202 220
220 202
202 529
529 202
202 528
528 202
202 203
203 202
202 218
218 202
202 210
210 202
202 581
581 202
202 255
255 202
202 582
582 202
203 204
204 203
203 205
205 203
203 216
216 203
203 220
220 203
203 582
582 203
204 205
205 204
204 216
216 204
204 529
529 204
204 528
528 204
204 218
218 204
204 220
220 204
205 210
210 205
205 220
220 205
205 216
216 205
205 211
211 205
206 208
208 206
206 209
209 206
206 207
207 206
206 210
210 206
207 208
208 207
207 209
209 207
207 210
210 207
207 219
219 207
208 209
209 208
208 210
210 208
208 220
220 208
208 524
524 208
208 525
525 208
208 523
523 208
208 277
277 208
208 582
582 208
209 210
210 209
209 277
277 209
209 580
580 209
209 231
231 209
209 219
219 209
210 219
219 210
210 231
231 210
210 277
277 210
210 220
220 210
210 580
580 210
210 581
581 210
210 523
523 210
210 582
582 210
210 524
524 210
524 212
212 524
524 523
523 524
524 525
525 524
524 213
213 524
524 214
214 524
524 277
277 524
524 582
582 524
524 211
211 524
211 212
212 211
211 523
523 211
211 525
525 211
211 213
213 211
212 213
213 212
212 525
525 212
212 523
523 212
212 582
582 212
212 277
277 212
212 583
583 212
523 213
213 523
523 277
277 523
523 525
525 523
523 214
214 523
523 582
582 523
523 581
581 523
523 220
220 523
525 213
213 525
525 214
214 525
213 214
214 213
526 527
527 526
526 215
215 526
526 530
530 526
526 529
529 526
527 215
215 527
527 530
530 527
215 529
529 215
215 528
528 215
215 530
530 215
215 216
216 215
215 218
218 215
215 219
219 215
529 528
528 529
529 530
530 529
529 216
216 529
529 218
218 529
528 530
530 528
528 216
216 528
530 216
216 530
530 218
218 530
216 218
218 216
216 255
255 216
216 220
220 216
216 579
579 216
216 276
276 216
216 580
580 216
216 581
581 216
217 218
218 217
217 532
532 217
217 221
221 217
217 222
222 217
217 535
535 217
217 255
255 217
217 271
271 217
217 575
575 217
217 576
576 217
217 534
534 217
217 219
219 217
217 223
223 217
217 263
263 217
217 533
533 217
218 219
219 218
218 221
221 218
218 535
535 218
218 255
255 218
218 271
271 218
218 276
276 218
531 532
532 531
531 222
222 531
531 575
575 531
531 578
578 531
531 579
579 531
531 580
580 531
531 243
243 531
531 221
221 531
532 219
219 532
532 221
221 532
532 222
222 532
532 223
223 532
532 243
243 532
532 575
575 532
532 578
578 532
532 535
535 532
532 580
580 532
532 576
576 532
532 220
220 532
219 220
220 219
219 221
221 219
219 223
223 219
219 535
535 219
219 231
231 219
219 228
228 219
219 229
229 219
219 544
544 219
220 581
581 220
220 582
582 220
220 580
580 220
221 222
222 221
221 535
535 221
221 223
223 221
221 224
224 221
221 534
534 221
221 533
533 221
222 534
534 222
222 535
535 222
222 223
223 222
222 224
224 222
222 243
243 222
222 575
575 222
222 576
576 222
222 244
244 222
222 239
239 222
222 242
242 222
222 578
578 222
533 534
534 533
533 535
535 533
533 566
566 533
533 263
263 533
533 575
575 533
533 239
239 533
533 565
565 533
533 549
549 533
533 548
548 533
533 223
223 533
533 226
226 533
533 224
224 533
534 535
535 534
534 223
223 534
534 239
239 534
534 548
548 534
534 549
549 534
534 224
224 534
534 242
242 534
534 263
263 534
534 566
566 534
534 575
575 534
534 565
565 534
534 271
271 534
534 576
576 534
535 224
224 535
535 239
239 535
535 566
566 535
535 575
575 535
535 576
576 535
535 223
223 535
535 243
243 535
535 242
242 535
535 549
549 535
535 263
263 535
223 229
229 223
223 230
230 223
223 239
239 223
223 242
242 223
223 224
224 223
223 244
244 223
223 243
243 223
224 239
239 224
224 242
242 224
224 243
243 224
224 244
244 224
224 549
549 224
224 575
575 224
224 576
576 224
536 537
537 536
536 225
225 536
536 541
541 536
536 238
238 536
536 542
542 536
536 240
240 536
536 237
237 536
537 238
238 537
537 542
542 537
537 541
541 537
537 225
225 537
225 542
542 225
225 240
240 225
225 541
541 225
225 540
540 225
225 238
238 225
225 539
539 225
225 226
226 225
539 226
226 539
539 538
538 539
539 540
540 539
539 237
237 539
539 541
541 539
539 240
240 539
539 236
236 539
539 239
239 539
539 548
548 539
226 538
538 226
226 236
236 226
226 540
540 226
226 239
239 226
226 548
548 226
226 549
549 226
226 240
240 226
226 241
241 226
226 227
227 226
226 541
541 226
538 236
236 538
538 540
540 538
538 240
240 538
538 241
241 538
538 237
237 538
538 227
227 538
538 234
234 538
538 548
548 538
227 546
546 227
227 234
234 227
227 235
235 227
227 547
547 227
227 236
236 227
227 548
548 227
227 228
228 227
227 233
233 227
227 232
232 227
227 545
545 227
228 546
546 228
228 547
547 228
228 236
236 228
228 549
549 228
228 545
545 228
228 230
230 228
228 229
229 228
228 544
544 228
228 231
231 228
228 233
233 228
228 235
235 228
545 229
229 545
545 544
544 545
545 231
231 545
545 543
543 545
545 233
233 545
545 546
546 545
545 235
235 545
545 547
547 545
545 232
232 545
545 234
234 545
545 230
230 545
545 550
550 545
229 230
230 229
229 544
544 229
229 231
231 229
229 543
543 229
229 232
232 229
229 546
546 229
229 234
234 229
229 235
235 229
229 547
547 229
229 550
550 229
229 242
242 229
229 244
244 229
229 236
236 229
230 544
544 230
230 231
231 230
230 546
546 230
230 234
234 230
230 547
547 230
230 242
242 230
230 236
236 230
544 231
231 544
544 543
543 544
544 233
233 544
544 546
546 544
544 232
232 544
544 547
547 544
544 234
234 544
544 235
235 544
544 550
550 544
231 543
543 231
231 234
234 231
231 550
550 231
231 546
546 231
231 547
547 231
231 233
233 231
231 232
232 231
543 233
233 543
543 232
232 543
543 546
546 543
543 550
550 543
232 234
234 232
232 235
235 232
232 550
550 232
232 551
551 232
232 233
233 232
232 546
546 232
232 547
547 232
233 235
235 233
233 546
546 233
233 547
547 233
546 235
235 546
546 547
547 546
546 236
236 546
546 234
234 546
546 550
550 546
234 235
235 234
234 547
547 234
234 550
550 234
234 551
551 234
234 236
236 234
235 550
550 235
235 551
551 235
235 547
547 235
235 236
236 235
547 236
236 547
547 548
548 547
236 239
239 236
236 548
548 236
236 549
549 236
236 242
242 236
236 241
241 236
236 240
240 236
236 540
540 236
540 237
237 540
540 541
541 540
540 238
238 540
540 542
542 540
540 240
240 540
540 239
239 540
237 541
541 237
237 238
238 237
237 552
552 237
237 553
553 237
237 551
551 237
237 542
542 237
541 238
238 541
541 542
542 541
541 240
240 541
238 542
542 238
238 553
553 238
238 552
552 238
542 240
240 542
239 549
549 239
239 240
240 239
239 242
242 239
239 548
548 239
239 241
241 239
548 549
549 548
548 240
240 548
548 241
241 548
549 241
241 549
240 241
241 240
550 552
552 550
550 551
551 550
550 553
553 550
242 243
243 242
242 244
244 242
242 553
553 242
243 244
244 243
243 575
575 243
244 552
552 244
244 553
553 244
552 553
553 552
552 551
551 552
553 551
551 553
554 555
555 554
554 556
556 554
554 257
257 554
554 267
267 554
554 258
258 554
554 256
256 554
554 259
259 554
554 567
567 554
555 556
556 555
555 256
256 555
555 257
257 555
555 258
258 555
555 259
259 555
555 262
262 555
555 267
267 555
556 256
256 556
556 257
257 556
556 258
258 556
556 262
262 556
556 259
259 556
556 267
267 556
245 246
246 245
245 247
247 245
245 248
248 245
245 559
559 245
245 259
259 245
245 262
262 245
245 265
265 245
245 268
268 245
245 558
558 245
245 249
249 245
245 263
263 245
245 564
564 245
245 256
256 245
245 271
271 245
246 247
247 246
246 248
248 246
246 249
249 246
246 558
558 246
246 559
559 246
246 263
263 246
246 564
564 246
246 262
262 246
246 271
271 246
246 255
255 246
246 272
272 246
246 565
565 246
246 566
566 246
246 268
268 246
246 575
575 246
247 249
249 247
247 255
255 247
247 558
558 247
247 559
559 247
247 263
263 247
247 271
271 247
247 272
272 247
247 248
248 247
247 566
566 247
247 575
575 247
247 250
250 247
247 251
251 247
247 265
265 247
247 268
268 247
247 574
574 247
247 259
259 247
247 565
565 247
247 557
557 247
247 256
256 247
248 249
249 248
248 250
250 248
248 558
558 248
248 559
559 248
248 259
259 248
248 265
265 248
248 251
251 248
248 268
268 248
248 272
272 248
248 256
256 248
248 271
271 248
248 574
574 248
248 557
557 248
248 262
262 248
249 250
250 249
249 251
251 249
249 558
558 249
249 256
256 249
249 259
259 249
249 265
265 249
249 254
254 249
249 557
557 249
249 559
559 249
249 252
252 249
249 272
272 249
249 562
562 249
249 255
255 249
249 560
560 249
249 561
561 249
250 254
254 250
250 251
251 250
250 252
252 250
250 557
557 250
250 558
558 250
250 253
253 250
250 259
259 250
250 256
256 250
250 265
265 250
250 258
258 250
250 266
266 250
250 257
257 250
251 254
254 251
251 252
252 251
251 266
266 251
251 253
253 251
251 265
265 251
251 270
270 251
251 259
259 251
251 571
571 251
251 572
572 251
251 574
574 251
251 272
272 251
252 254
254 252
252 571
571 252
252 253
253 252
253 254
254 253
254 256
256 254
254 257
257 254
254 258
258 254
254 259
259 254
255 276
276 255
255 579
579 255
255 271
271 255
255 272
272 255
255 574
574 255
255 576
576 255
255 263
263 255
557 558
558 557
557 559
559 557
557 561
561 557
557 564
564 557
557 563
563 557
557 562
562 557
557 256
256 557
557 259
259 557
558 559
559 558
558 256
256 558
558 259
259 558
558 563
563 558
558 562
562 558
558 564
564 558
558 262
262 558
558 561
561 558
558 560
560 558
559 564
564 559
559 562
562 559
559 262
262 559
559 561
561 559
559 563
563 559
559 256
256 559
559 259
259 559
256 259
259 256
256 564
564 256
256 262
262 256
256 258
258 256
256 563
563 256
256 257
257 256
257 258
258 257
258 259
259 258
258 262
262 258
259 265
265 259
259 567
567 259
259 267
267 259
259 262
262 259
259 268
268 259
260 562
562 260
260 561
561 260
260 563
563 260
260 261
261 260
260 560
560 260
560 561
561 560
560 261
261 560
560 562
562 560
560 563
563 560
560 564
564 560
561 563
563 561
561 562
562 561
561 261
261 561
561 564
564 561
261 562
562 261
261 563
563 261
261 564
564 261
261 262
262 261
564 563
563 564
564 562
562 564
564 262
262 564
563 562
562 563
563 262
262 563
562 262
262 562
565 566
566 565
565 263
263 565
565 268
268 565
565 271
271 565
565 575
575 565
565 576
576 565
565 273
273 565
565 577
577 565
565 269
269 565
565 570
570 565
566 263
263 566
566 575
575 566
566 576
576 566
566 577
577 566
566 273
273 566
566 271
271 566
263 271
271 263
263 575
575 263
263 576
576 263
263 272
272 263
264 270
270 264
264 569
569 264
567 265
265 567
567 266
266 567
567 568
568 567
567 267
267 567
567 569
569 567
567 268
268 567
567 269
269 567
567 270
270 567
265 266
266 265
265 568
568 265
265 267
267 265
265 569
569 265
265 268
268 265
265 269
269 265
265 270
270 265
265 570
570 265
265 571
571 265
266 568
568 266
266 569
569 266
266 270
270 266
266 571
571 266
266 570
570 266
568 267
267 568
568 569
569 568
568 269
269 568
568 570
570 568
568 270
270 568
568 268
268 568
267 269
269 267
267 268
268 267
267 569
569 267
267 570
570 267
267 270
270 267
569 269
269 569
569 570
570 569
569 270
270 569
569 268
268 569
569 273
273 569
268 269
269 268
268 570
570 268
268 270
270 268
268 576
576 268
268 273
273 268
268 271
271 268
268 577
577 268
268 575
575 268
269 570
570 269
269 576
576 269
269 273
273 269
269 270
270 269
570 270
270 570
570 273
273 570
570 274
274 570
570 576
576 570
570 577
577 570
270 571
571 270
270 572
572 270
270 274
274 270
270 577
577 270
270 273
273 270
571 274
274 571
571 572
572 571
573 575
575 573
573 576
576 573
573 272
272 573
573 574
574 573
573 577
577 573
573 274
274 573
573 572
572 573
573 271
271 573
271 575
575 271
271 576
576 271
271 272
272 271
271 574
574 271
271 276
276 271
575 576
576 575
575 272
272 575
575 574
574 575
575 577
577 575
575 578
578 575
576 578
578 576
576 276
276 576
576 272
272 576
576 574
574 576
576 577
577 576
576 274
274 576
576 273
273 576
272 574
574 272
272 276
276 272
574 276
276 574
574 577
577 574
574 572
572 574
273 577
577 273
273 274
274 273
577 274
274 577
577 572
572 577
274 572
572 274
275 582
582 275
275 583
583 275
275 580
580 275
275 581
581 275
275 276
276 275
275 579
579 275
275 578
578 275
275 277
277 275
578 579
579 578
578 580
580 578
578 277
277 578
578 581
581 578
578 276
276 578
276 579
579 276
276 580
580 276
276 581
581 276
579 580
580 579
579 581
581 579
579 277
277 579
580 581
581 580
580 277
277 580
580 582
582 580
580 583
583 580
581 582
582 581
581 583
583 581
581 277
277 581
582 277
277 582
582 583
583 582
583 277
277 583
278 279
279 278
278 280
280 278
278 283
283 278
278 284
284 278
278 285
285 278
278 289
289 278
279 280
280 279
279 289
289 279
279 284
284 279
279 283
283 279
279 285
285 279
280 284
284 280
280 285
285 280
280 289
289 280
280 584
584 280
280 585
585 280
280 283
283 280
280 281
281 280
280 290
290 280
280 282
282 280
280 586
586 280
281 289
289 281
281 282
282 281
281 585
585 281
281 586
586 281
281 290
290 281
281 587
587 281
281 589
589 281
282 587
587 282
282 289
289 282
282 290
290 282
282 586
586 282
282 287
287 282
282 589
589 282
282 283
283 282
282 286
286 282
282 585
585 282
282 288
288 282
586 585
585 586
586 584
584 586
586 288
288 586
586 587
587 586
586 287
287 586
586 289
289 586
586 298
298 586
586 299
299 586
586 285
285 586
586 286
286 586
586 283
283 586
586 284
284 586
283 285
285 283
283 587
587 283
283 289
289 283
283 589
589 283
283 588
588 283
283 590
590 283
283 284
284 283
283 291
291 283
283 585
585 283
283 286
286 283
283 287
287 283
283 595
595 283
283 584
584 283
284 285
285 284
284 289
289 284
284 589
589 284
284 585
585 284
284 584
584 284
284 588
588 284
585 584
584 585
585 288
288 585
585 587
587 585
585 289
289 585
585 298
298 585
585 285
285 585
585 287
287 585
585 299
299 585
585 286
286 585
585 300
300 585
585 302
302 585
585 293
293 585
585 312
312 585
585 595
595 585
285 584
584 285
285 286
286 285
285 300
300 285
285 594
594 285
285 593
593 285
285 595
595 285
285 289
289 285
285 587
587 285
285 589
589 285
285 588
588 285
285 306
306 285
285 298
298 285
584 298
298 584
584 288
288 584
584 287
287 584
584 289
289 584
584 299
299 584
584 300
300 584
584 286
286 584
584 302
302 584
584 301
301 584
584 595
595 584
584 594
594 584
286 287
287 286
286 293
293 286
286 297
297 286
286 300
300 286
286 302
302 286
286 594
594 286
286 593
593 286
286 595
595 286
286 312
312 286
286 303
303 286
286 294
294 286
286 587
587 286
286 288
288 286
286 289
289 286
287 587
587 287
287 293
293 287
287 297
297 287
287 302
302 287
287 288
288 287
287 294
294 287
287 300
300 287
287 311
311 287
287 312
312 287
287 299
299 287
287 289
289 287
287 301
301 287
287 298
298 287
288 587
587 288
288 299
299 288
288 298
298 288
288 300
300 288
288 301
301 288
587 289
289 587
587 589
589 587
587 590
590 587
289 589
589 289
289 290
290 289
289 588
588 289
289 590
590 289
290 589
589 290
290 588
588 290
589 588
588 589
589 291
291 589
589 590
590 589
589 591
591 589
589 303
303 589
589 292
292 589
589 594
594 589
589 293
293 589
588 291
291 588
588 590
590 588
588 303
303 588
588 292
292 588
291 591
591 291
291 292
292 291
291 590
590 291
291 592
592 291
591 592
592 591
591 292
292 591
591 590
590 591
591 293
293 591
591 297
297 591
591 303
303 591
592 292
292 592
592 590
590 592
592 293
293 592
592 297
297 592
592 303
303 592
292 590
590 292
292 297
297 292
590 303
303 590
590 293
293 590
590 297
297 590
590 594
594 590
590 304
304 590
293 295
295 293
293 297
297 293
293 303
303 293
293 304
304 293
293 296
296 293
293 593
593 293
293 653
653 293
293 594
594 293
293 294
294 293
293 312
312 293
293 302
302 293
293 308
308 293
294 296
296 294
294 297
297 294
294 302
302 294
294 308
308 294
294 311
311 294
294 312
312 294
294 599
599 294
294 598
598 294
294 295
295 294
294 310
310 294
294 652
652 294
294 347
347 294
295 296
296 295
295 297
297 295
295 308
308 295
295 312
312 295
295 653
653 295
295 303
303 295
295 304
304 295
296 297
297 296
296 308
308 296
296 599
599 296
296 598
598 296
296 310
310 296
296 312
312 296
297 302
302 297
297 312
312 297
297 308
308 297
297 303
303 297
298 300
300 298
298 301
301 298
298 299
299 298
298 302
302 298
299 300
300 299
299 301
301 299
299 302
302 299
299 311
311 299
300 301
301 300
300 302
302 300
300 312
312 300
300 594
594 300
300 595
595 300
300 593
593 300
300 370
370 300
300 653
653 300
301 302
302 301
301 370
370 301
301 651
651 301
301 323
323 301
301 311
311 301
302 311
311 302
302 323
323 302
302 370
370 302
302 312
312 302
302 651
651 302
302 652
652 302
302 593
593 302
302 653
653 302
302 594
594 302
594 304
304 594
594 593
593 594
594 595
595 594
594 305
305 594
594 306
306 594
594 370
370 594
594 653
653 594
594 303
303 594
303 304
304 303
303 593
593 303
303 595
595 303
303 305
305 303
304 305
305 304
304 595
595 304
304 593
593 304
304 653
653 304
304 370
370 304
304 654
654 304
593 305
305 593
593 370
370 593
593 595
595 593
593 306
306 593
593 653
653 593
593 652
652 593
593 312
312 593
595 305
305 595
595 306
306 595
305 306
306 305
596 597
597 596
596 307
307 596
596 600
600 596
596 599
599 596
597 307
307 597
597 600
600 597
307 599
599 307
307 598
598 307
307 600
600 307
307 308
308 307
307 310
310 307
307 311
311 307
599 598
598 599
599 600
600 599
599 308
308 599
599 310
310 599
598 600
600 598
598 308
308 598
600 308
308 600
600 310
310 600
308 310
310 308
308 347
347 308
308 312
312 308
308 650
650 308
308 369
369 308
308 651
651 308
308 652
652 308
308 653
653 308
309 310
310 309
309 602
602 309
309 313
313 309
309 314
314 309
309 605
605 309
309 347
347 309
309 364
364 309
309 646
646 309
309 647
647 309
309 604
604 309
309 311
311 309
309 315
315 309
309 603
603 309
309 356
356 309
310 311
311 310
310 313
313 310
310 605
605 310
310 347
347 310
310 364
364 310
310 369
369 310
601 602
602 601
601 314
314 601
601 646
646 601
601 649
649 601
601 650
650 601
601 651
651 601
601 335
335 601
601 313
313 601
602 311
311 602
602 313
313 602
602 314
314 602
602 605
605 602
602 315
315 602
602 335
335 602
602 646
646 602
602 649
649 602
602 651
651 602
602 647
647 602
602 312
312 602
311 312
312 311
311 313
313 311
311 315
315 311
311 605
605 311
311 321
321 311
311 323
323 311
311 320
320 311
311 614
614 311
312 652
652 312
312 653
653 312
312 651
651 312
313 314
314 313
313 605
605 313
313 315
315 313
313 316
316 313
313 604
604 313
313 603
603 313
314 604
604 314
314 605
605 314
314 315
315 314
314 316
316 314
314 335
335 314
314 646
646 314
314 647
647 314
314 336
336 314
314 331
331 314
314 334
334 314
314 649
649 314
603 604
604 603
603 605
605 603
603 637
637 603
603 356
356 603
603 646
646 603
603 331
331 603
603 636
636 603
603 619
619 603
603 618
618 603
603 315
315 603
603 318
318 603
603 316
316 603
604 605
605 604
604 315
315 604
604 331
331 604
604 618
618 604
604 619
619 604
604 316
316 604
604 334
334 604
604 356
356 604
604 637
637 604
604 646
646 604
604 636
636 604
604 364
364 604
604 647
647 604
605 316
316 605
605 331
331 605
605 637
637 605
605 646
646 605
605 647
647 605
605 315
315 605
605 335
335 605
605 334
334 605
605 619
619 605
605 356
356 605
315 321
321 315
315 322
322 315
315 331
331 315
315 334
334 315
315 316
316 315
315 336
336 315
315 335
335 315
316 331
331 316
316 334
334 316
316 335
335 316
316 336
336 316
316 619
619 316
316 646
646 316
316 647
647 316
606 607
607 606
606 317
317 606
606 611
611 606
606 330
330 606
606 612
612 606
606 332
332 606
606 329
329 606
607 330
330 607
607 612
612 607
607 611
611 607
607 317
317 607
317 612
612 317
317 332
332 317
317 611
611 317
317 610
610 317
317 330
330 317
317 609
609 317
317 318
318 317
609 318
318 609
609 608
608 609
609 610
610 609
609 329
329 609
609 611
611 609
609 332
332 609
609 328
328 609
609 331
331 609
609 618
618 609
318 608
608 318
318 328
328 318
318 610
610 318
318 331
331 318
318 618
618 318
318 619
619 318
318 332
332 318
318 333
333 318
318 319
319 318
318 611
611 318
608 328
328 608
608 610
610 608
608 332
332 608
608 333
333 608
608 329
329 608
608 319
319 608
608 326
326 608
608 618
618 608
319 616
616 319
319 326
326 319
319 327
327 319
319 617
617 319
319 328
328 319
319 618
618 319
319 320
320 319
319 325
325 319
319 324
324 319
319 615
615 319
320 616
616 320
320 617
617 320
320 328
328 320
320 619
619 320
320 615
615 320
320 322
322 320
320 321
321 320
320 614
614 320
320 323
323 320
320 325
325 320
320 327
327 320
615 321
321 615
615 614
614 615
615 323
323 615
615 613
613 615
615 325
325 615
615 616
616 615
615 327
327 615
615 617
617 615
615 324
324 615
615 326
326 615
615 322
322 615
615 620
620 615
321 322
322 321
321 614
614 321
321 323
323 321
321 613
613 321
321 324
324 321
321 616
616 321
321 326
326 321
321 327
327 321
321 617
617 321
321 620
620 321
321 334
334 321
321 336
336 321
321 328
328 321
322 614
614 322
322 323
323 322
322 616
616 322
322 326
326 322
322 617
617 322
322 334
334 322
322 328
328 322
614 323
323 614
614 613
613 614
614 325
325 614
614 616
616 614
614 324
324 614
614 617
617 614
614 326
326 614
614 327
327 614
614 620
620 614
323 613
613 323
323 620
620 323
323 616
616 323
323 617
617 323
323 325
325 323
323 324
324 323
613 325
325 613
613 324
324 613
613 616
616 613
613 620
620 613
324 326
326 324
324 327
327 324
324 620
620 324
324 621
621 324
324 325
325 324
324 616
616 324
324 617
617 324
325 327
327 325
325 616
616 325
325 617
617 325
616 327
327 616
616 617
617 616
616 328
328 616
616 326
326 616
616 620
620 616
326 327
327 326
326 617
617 326
326 620
620 326
326 621
621 326
326 328
328 326
327 620
620 327
327 621
621 327
327 617
617 327
327 328
328 327
617 328
328 617
617 618
618 617
328 331
331 328
328 618
618 328
328 619
619 328
328 334
334 328
328 333
333 328
328 332
332 328
328 610
610 328
610 329
329 610
610 611
611 610
610 330
330 610
610 612
612 610
610 332
332 610
610 331
331 610
329 611
611 329
329 330
330 329
329 622
622 329
329 623
623 329
329 621
621 329
329 612
612 329
611 330
330 611
611 612
612 611
611 332
332 611
330 612
612 330
330 623
623 330
330 622
622 330
612 332
332 612
331 619
619 331
331 332
332 331
331 334
334 331
331 618
618 331
331 333
333 331
618 619
619 618
618 332
332 618
618 333
333 618
619 333
333 619
332 333
333 332
620 622
622 620
620 621
621 620
620 623
623 620
334 335
335 334
334 336
336 334
334 623
623 334
335 336
336 335
335 646
646 335
336 622
622 336
336 623
623 336
622 623
623 622
622 621
621 622
623 621
621 623
624 625
625 624
624 626
626 624
624 350
350 624
624 360
360 624
624 351
351 624
624 349
349 624
624 352
352 624
624 638
638 624
625 626
626 625
625 348
348 625
625 349
349 625
625 351
351 625
625 352
352 625
625 355
355 625
625 360
360 625
625 350
350 625
626 348
348 626
626 349
349 626
626 350
350 626
626 351
351 626
626 355
355 626
626 352
352 626
626 360
360 626
337 338
338 337
337 339
339 337
337 340
340 337
337 630
630 337
337 352
352 337
337 355
355 337
337 358
358 337
337 361
361 337
337 629
629 337
337 341
341 337
337 356
356 337
337 635
635 337
337 348
348 337
337 364
364 337
337 627
627 337
338 339
339 338
338 340
340 338
338 341
341 338
338 629
629 338
338 630
630 338
338 356
356 338
338 635
635 338
338 355
355 338
338 364
364 338
338 347
347 338
338 365
365 338
338 636
636 338
338 637
637 338
338 361
361 338
338 646
646 338
339 341
341 339
339 347
347 339
339 629
629 339
339 630
630 339
339 356
356 339
339 364
364 339
339 365
365 339
339 627
627 339
339 340
340 339
339 628
628 339
339 637
637 339
339 646
646 339
339 342
342 339
339 343
343 339
339 358
358 339
339 361
361 339
339 645
645 339
339 352
352 339
339 636
636 339
339 348
348 339
340 341
341 340
340 342
342 340
340 627
627 340
340 629
629 340
340 630
630 340
340 352
352 340
340 358
358 340
340 343
343 340
340 361
361 340
340 365
365 340
340 348
348 340
340 364
364 340
340 645
645 340
340 355
355 340
341 342
342 341
341 343
343 341
341 348
348 341
341 352
352 341
341 358
358 341
341 346
346 341
341 629
629 341
341 627
627 341
341 630
630 341
341 628
628 341
341 344
344 341
341 365
365 341
341 633
633 341
341 347
347 341
341 631
631 341
341 632
632 341
342 627
627 342
342 628
628 342
342 346
346 342
342 343
343 342
342 344
344 342
342 629
629 342
342 345
345 342
342 352
352 342
342 348
348 342
342 358
358 342
342 351
351 342
342 359
359 342
342 350
350 342
343 346
346 343
343 344
344 343
343 359
359 343
343 345
345 343
343 358
358 343
343 363
363 343
343 352
352 343
343 642
642 343
343 643
643 343
343 627
627 343
343 645
645 343
343 628
628 343
343 365
365 343
627 628
628 627
627 365
365 627
627 347
347 627
627 629
629 627
627 364
364 627
627 645
645 627
628 347
347 628
628 365
365 628
628 344
344 628
344 346
346 344
344 642
642 344
344 345
345 344
345 346
346 345
346 349
349 346
346 350
350 346
346 351
351 346
346 348
348 346
346 352
352 346
347 369
369 347
347 650
650 347
347 364
364 347
347 365
365 347
347 645
645 347
347 647
647 347
347 356
356 347
629 630
630 629
629 348
348 629
629 635
635 629
629 634
634 629
629 633
633 629
629 632
632 629
629 352
352 629
629 355
355 629
629 631
631 629
630 635
635 630
630 633
633 630
630 634
634 630
630 355
355 630
630 632
632 630
630 348
348 630
630 352
352 630
348 352
352 348
348 635
635 348
348 355
355 348
348 349
349 348
348 351
351 348
348 634
634 348
348 350
350 348
349 351
351 349
349 352
352 349
349 355
355 349
349 350
350 349
350 351
351 350
351 352
352 351
351 355
355 351
352 358
358 352
352 638
638 352
352 360
360 352
352 355
355 352
352 361
361 352
353 633
633 353
353 632
632 353
353 634
634 353
353 354
354 353
353 631
631 353
631 632
632 631
631 354
354 631
631 633
633 631
631 634
634 631
631 635
635 631
632 634
634 632
632 633
633 632
632 354
354 632
632 635
635 632
354 633
633 354
354 634
634 354
354 635
635 354
354 355
355 354
635 634
634 635
635 633
633 635
635 355
355 635
634 633
633 634
634 355
355 634
633 355
355 633
636 637
637 636
636 356
356 636
636 361
361 636
636 364
364 636
636 646
646 636
636 647
647 636
636 366
366 636
636 648
648 636
636 362
362 636
636 641
641 636
637 356
356 637
637 646
646 637
637 647
647 637
637 648
648 637
637 366
366 637
637 364
364 637
356 364
364 356
356 646
646 356
356 647
647 356
356 365
365 356
357 363
363 357
357 640
640 357
357 639
639 357
638 358
358 638
638 359
359 638
638 639
639 638
638 360
360 638
638 640
640 638
638 361
361 638
638 362
362 638
638 363
363 638
358 359
359 358
358 639
639 358
358 360
360 358
358 640
640 358
358 361
361 358
358 362
362 358
358 363
363 358
358 641
641 358
358 642
642 358
359 639
639 359
359 640
640 359
359 363
363 359
359 642
642 359
359 641
641 359
639 360
360 639
639 640
640 639
639 362
362 639
639 641
641 639
639 363
363 639
639 361
361 639
360 362
362 360
360 361
361 360
360 640
640 360
360 641
641 360
360 363
363 360
640 362
362 640
640 641
641 640
640 363
363 640
640 361
361 640
640 366
366 640
361 362
362 361
361 641
641 361
361 363
363 361
361 647
647 361
361 366
366 361
361 364
364 361
361 648
648 361
361 646
646 361
362 641
641 362
362 647
647 362
362 366
366 362
362 363
363 362
641 363
363 641
641 366
366 641
641 367
367 641
641 647
647 641
641 648
648 641
363 642
642 363
363 643
643 363
363 367
367 363
363 648
648 363
363 366
366 363
642 367
367 642
642 643
643 642
644 646
646 644
644 647
647 644
644 365
365 644
644 645
645 644
644 648
648 644
644 367
367 644
644 643
643 644
644 364
364 644
364 646
646 364
364 647
647 364
364 365
365 364
364 645
645 364
364 369
369 364
646 647
647 646
646 365
365 646
646 645
645 646
646 648
648 646
646 649
649 646
647 649
649 647
647 369
369 647
647 365
365 647
647 645
645 647
647 648
648 647
647 367
367 647
647 366
366 647
365 645
645 365
365 369
369 365
645 369
369 645
645 648
648 645
645 643
643 645
366 648
648 366
366 367
367 366
648 367
367 648
648 643
643 648
367 643
643 367
368 653
653 368
368 654
654 368
368 651
651 368
368 652
652 368
368 369
369 368
368 650
650 368
368 649
649 368
368 370
370 368
649 650
650 649
649 651
651 649
649 370
370 649
649 652
652 649
649 369
369 649
369 650
650 369
369 651
651 369
369 652
652 369
650 651
651 650
650 652
652 650
650 370
370 650
651 652
652 651
651 370
370 651
651 653
653 651
651 654
654 651
652 653
653 652
652 654
654 652
652 370
370 652
653 370
370 653
653 654
654 653
654 370
370 654
