126
1 3
3 1
1 56
56 1
1 6
6 1
1 10
10 1
1 11
11 1
1 57
57 1
1 58
58 1
1 67
67 1
1 54
54 1
1 66
66 1
1 55
55 1
1 52
52 1
1 68
68 1
1 53
53 1
1 12
12 1
1 60
60 1
1 59
59 1
1 4
4 1
52 2
2 52
52 53
53 52
52 54
54 52
52 3
3 52
52 55
55 52
52 36
36 52
2 53
53 2
2 54
54 2
2 63
63 2
2 70
70 2
2 71
71 2
2 36
36 2
2 55
55 2
2 12
12 2
2 8
8 2
2 3
3 2
2 13
13 2
2 34
34 2
53 54
54 53
53 3
3 53
53 55
55 53
53 12
12 53
53 36
36 53
53 10
10 53
53 66
66 53
53 8
8 53
54 8
8 54
54 66
66 54
54 55
55 54
54 67
67 54
54 12
12 54
54 63
63 54
54 3
3 54
54 10
10 54
54 36
36 54
3 4
4 3
3 10
10 3
3 12
12 3
3 13
13 3
3 5
5 3
3 73
73 3
3 55
55 3
3 11
11 3
4 5
5 4
4 10
10 4
4 11
11 4
4 12
12 4
4 73
73 4
5 12
12 5
5 11
11 5
5 10
10 5
5 73
73 5
5 74
74 5
5 15
15 5
5 14
14 5
5 9
9 5
56 69
69 56
56 10
10 56
56 11
11 56
56 57
57 56
56 58
58 56
56 6
6 56
56 68
68 56
56 66
66 56
6 59
59 6
6 57
57 6
6 58
58 6
6 66
66 6
6 60
60 6
6 67
67 6
6 10
10 6
6 68
68 6
6 11
11 6
6 8
8 6
59 8
8 59
59 66
66 59
59 60
60 59
59 7
7 59
59 57
57 59
59 58
58 59
7 8
8 7
7 66
66 7
7 60
60 7
7 61
61 7
7 62
62 7
7 63
63 7
8 62
62 8
8 61
61 8
8 66
66 8
8 60
60 8
8 63
63 8
8 55
55 8
8 67
67 8
63 62
62 63
63 61
61 63
63 67
67 63
63 66
66 63
63 70
70 63
63 55
55 63
63 71
71 63
63 60
60 63
63 12
12 63
63 68
68 63
63 69
69 63
68 69
69 68
68 62
62 68
68 61
61 68
68 67
67 68
68 10
10 68
68 11
11 68
68 58
58 68
68 66
66 68
68 60
60 68
68 55
55 68
68 9
9 68
68 57
57 68
68 12
12 68
69 9
9 69
69 67
67 69
69 11
11 69
69 57
57 69
69 58
58 69
69 10
10 69
69 66
66 69
69 61
61 69
69 62
62 69
69 60
60 69
62 61
61 62
62 67
67 62
62 66
66 62
62 70
70 62
62 71
71 62
62 60
60 62
62 55
55 62
62 9
9 62
61 66
66 61
61 60
60 61
61 67
67 61
61 70
70 61
61 55
55 61
61 9
9 61
61 71
71 61
61 15
15 61
9 60
60 9
9 15
15 9
9 11
11 9
9 67
67 9
9 10
10 9
9 12
12 9
9 14
14 9
9 66
66 9
9 58
58 9
67 66
66 67
67 60
60 67
67 57
57 67
67 58
58 67
67 11
11 67
67 10
10 67
67 55
55 67
67 12
12 67
10 11
11 10
10 57
57 10
10 58
58 10
10 66
66 10
10 55
55 10
10 12
12 10
10 15
15 10
11 58
58 11
11 57
57 11
11 12
12 11
11 66
66 11
57 58
58 57
57 66
66 57
57 60
60 57
58 66
66 58
58 60
60 58
58 55
55 58
66 60
60 66
66 55
55 66
66 70
70 66
66 71
71 66
66 72
72 66
70 71
71 70
70 60
60 70
70 72
72 70
70 12
12 70
70 55
55 70
70 34
34 70
71 12
12 71
71 13
13 71
71 34
34 71
71 72
72 71
71 15
15 71
71 97
97 71
71 98
98 71
71 60
60 71
71 36
36 71
60 72
72 60
60 55
55 60
55 12
12 55
12 73
73 12
12 13
13 12
12 34
34 12
12 74
74 12
12 15
15 12
12 14
14 12
12 75
75 12
73 74
74 73
73 14
14 73
73 75
75 73
73 15
15 73
73 16
16 73
73 13
13 73
73 34
34 73
13 74
74 13
13 15
15 13
13 75
75 13
13 16
16 13
13 34
34 13
13 14
14 13
74 14
14 74
74 15
15 74
74 75
75 74
74 16
16 74
74 76
76 74
74 34
34 74
74 35
35 74
74 98
98 74
74 97
97 74
14 75
75 14
14 17
17 14
14 77
77 14
14 76
76 14
14 16
16 14
14 15
15 14
14 35
35 14
15 77
77 15
15 76
76 15
15 75
75 15
15 34
34 15
15 35
35 15
15 99
99 15
15 98
98 15
75 16
16 75
75 77
77 75
75 76
76 75
75 34
34 75
75 35
35 75
75 99
99 75
75 98
98 75
75 97
97 75
75 17
17 75
75 96
96 75
75 79
79 75
75 78
78 75
16 20
20 16
16 32
32 16
16 34
34 16
16 96
96 16
16 95
95 16
16 97
97 16
16 76
76 16
16 98
98 16
16 30
30 16
16 79
79 16
16 78
78 16
16 17
17 16
16 80
80 16
16 77
77 16
16 99
99 16
17 77
77 17
17 76
76 17
17 79
79 17
17 97
97 17
17 99
99 17
17 98
98 17
17 33
33 17
17 96
96 17
17 35
35 17
17 50
50 17
17 125
125 17
77 76
76 77
77 97
97 77
77 99
99 77
77 98
98 77
77 35
35 77
77 125
125 77
77 34
34 77
76 35
35 76
76 34
34 76
76 99
99 76
76 98
98 76
76 125
125 76
76 97
97 76
76 96
96 76
76 79
79 76
78 80
80 78
78 79
79 78
78 18
18 78
18 20
20 18
18 79
79 18
18 82
82 18
18 81
81 18
19 21
21 19
19 24
24 19
19 28
28 19
19 29
29 19
19 94
94 19
19 83
83 19
19 90
90 19
19 84
84 19
19 93
93 19
19 89
89 19
19 91
91 19
19 81
81 19
19 82
82 19
19 88
88 19
19 30
30 19
19 22
22 19
81 20
20 81
81 82
82 81
81 83
83 81
81 21
21 81
81 84
84 81
20 82
82 20
20 83
83 20
20 85
85 20
20 80
80 20
20 79
79 20
20 84
84 20
20 26
26 20
20 30
30 20
20 21
21 20
20 32
32 20
20 95
95 20
20 34
34 20
82 83
83 82
82 21
21 82
82 84
84 82
82 30
30 82
82 28
28 82
82 26
26 82
83 26
26 83
83 89
89 83
83 84
84 83
83 90
90 83
83 85
85 83
83 21
21 83
83 28
28 83
83 91
91 83
83 30
30 83
21 22
22 21
21 28
28 21
21 30
30 21
21 32
32 21
21 95
95 21
21 23
23 21
21 84
84 21
21 29
29 21
22 23
23 22
22 28
28 22
22 29
29 22
22 30
30 22
22 31
31 22
22 95
95 22
22 32
32 22
23 29
29 23
23 30
30 23
23 31
31 23
23 28
28 23
23 95
95 23
23 96
96 23
24 93
93 24
24 94
94 24
24 89
89 24
24 88
88 24
24 90
90 24
24 28
28 24
24 29
29 24
24 91
91 24
25 26
26 25
25 89
89 25
25 88
88 25
25 87
87 25
25 86
86 25
25 85
85 25
26 86
86 26
26 87
87 26
26 89
89 26
26 88
88 26
26 85
85 26
26 84
84 26
26 90
90 26
85 86
86 85
85 87
87 85
85 90
90 85
85 89
89 85
85 80
80 85
85 84
84 85
85 79
79 85
85 88
88 85
85 91
91 85
85 30
30 85
85 28
28 85
91 92
92 91
91 86
86 91
91 87
87 91
91 90
90 91
91 28
28 91
91 29
29 91
91 94
94 91
91 89
89 91
91 88
88 91
91 84
84 91
91 27
27 91
91 93
93 91
91 30
30 91
92 27
27 92
92 90
90 92
92 29
29 92
92 93
93 92
92 94
94 92
92 87
87 92
92 28
28 92
92 89
89 92
92 86
86 92
86 87
87 86
86 90
90 86
86 89
89 86
86 80
80 86
86 88
88 86
86 84
84 86
86 27
27 86
86 94
94 86
86 79
79 86
87 90
90 87
87 89
89 87
87 88
88 87
87 80
80 87
87 84
84 87
87 27
27 87
87 79
79 87
87 28
28 87
87 30
30 87
87 29
29 87
87 31
31 87
27 90
90 27
27 29
29 27
27 28
28 27
27 88
88 27
27 89
89 27
90 89
89 90
90 88
88 90
90 94
94 90
90 93
93 90
90 29
29 90
90 28
28 90
90 84
84 90
28 29
29 28
28 93
93 28
28 94
94 28
28 89
89 28
28 84
84 28
28 30
30 28
28 31
31 28
29 93
93 29
29 94
94 29
29 30
30 29
29 89
89 29
29 31
31 29
93 94
94 93
93 89
89 93
93 88
88 93
94 89
89 94
94 88
88 94
94 84
84 94
89 88
88 89
89 84
84 89
89 80
80 89
89 79
79 89
80 79
79 80
80 88
88 80
80 84
84 80
80 30
30 80
80 32
32 80
79 32
32 79
79 88
88 79
88 84
84 88
84 30
30 84
30 32
32 30
30 95
95 30
30 96
96 30
30 31
31 30
30 34
34 30
30 33
33 30
31 95
95 31
31 96
96 31
31 33
33 31
31 46
46 31
31 32
32 31
31 48
48 31
31 97
97 31
31 40
40 31
31 125
125 31
95 96
96 95
95 33
33 95
95 97
97 95
95 48
48 95
95 32
32 95
95 34
34 95
32 96
96 32
32 97
97 32
32 34
34 32
32 33
33 32
96 33
33 96
96 97
97 96
96 34
34 96
96 98
98 96
96 125
125 96
33 97
97 33
33 35
35 33
33 99
99 33
33 98
98 33
33 125
125 33
33 124
124 33
33 48
48 33
33 34
34 33
33 46
46 33
97 34
34 97
97 99
99 97
97 98
98 97
97 35
35 97
97 48
48 97
97 72
72 97
34 98
98 34
34 72
72 34
34 35
35 34
34 99
99 34
35 99
99 35
35 98
98 35
35 125
125 35
35 124
124 35
99 98
98 99
99 125
125 99
99 124
124 99
99 48
48 99
99 50
50 99
99 123
123 99
99 46
46 99
99 122
122 99
98 48
48 98
98 50
50 98
98 124
124 98
98 125
125 98
72 36
36 72
37 39
39 37
37 41
41 37
37 44
44 37
37 45
45 37
37 109
109 37
37 102
102 37
37 103
103 37
37 108
108 37
37 100
100 37
37 101
101 37
37 110
110 37
37 46
46 37
37 107
107 37
100 38
38 100
100 101
101 100
100 102
102 100
100 39
39 100
100 103
103 100
100 46
46 100
38 101
101 38
38 102
102 38
38 104
104 38
38 119
119 38
38 120
120 38
38 103
103 38
38 46
46 38
38 42
42 38
38 39
39 38
38 47
47 38
101 102
102 101
101 39
39 101
101 103
103 101
101 46
46 101
101 44
44 101
101 42
42 101
102 42
42 102
102 108
108 102
102 103
103 102
102 109
109 102
102 46
46 102
102 104
104 102
102 39
39 102
102 44
44 102
39 44
44 39
39 103
103 39
39 46
46 39
39 47
47 39
39 40
40 39
39 121
121 39
39 45
45 39
40 46
46 40
40 45
45 40
40 44
44 40
40 121
121 40
40 122
122 40
40 48
48 40
41 117
117 41
41 118
118 41
41 108
108 41
41 107
107 41
41 109
109 41
41 44
44 41
41 110
110 41
41 45
45 41
42 105
105 42
42 106
106 42
42 108
108 42
42 107
107 42
42 104
104 42
42 109
109 42
42 103
103 42
104 105
105 104
104 106
106 104
104 109
109 104
104 108
108 104
104 119
119 104
104 103
103 104
104 46
46 104
104 120
120 104
104 110
110 104
104 116
116 104
104 107
107 104
104 111
111 104
104 44
44 104
110 111
111 110
110 105
105 110
110 106
106 110
110 109
109 110
110 44
44 110
110 45
45 110
110 118
118 110
110 108
108 110
110 107
107 110
110 103
103 110
110 43
43 110
110 117
117 110
111 43
43 111
111 109
109 111
111 45
45 111
111 118
118 111
111 44
44 111
111 105
105 111
111 117
117 111
111 106
106 111
111 107
107 111
105 106
106 105
105 109
109 105
105 108
108 105
105 119
119 105
105 120
120 105
105 107
107 105
105 103
103 105
105 116
116 105
105 43
43 105
106 108
108 106
106 116
116 106
106 107
107 106
106 109
109 106
106 119
119 106
106 103
103 106
106 120
120 106
43 109
109 43
43 45
45 43
43 108
108 43
43 107
107 43
43 116
116 43
109 108
108 109
109 107
107 109
109 118
118 109
109 117
117 109
109 45
45 109
109 44
44 109
109 103
103 109
44 45
45 44
44 118
118 44
44 108
108 44
44 103
103 44
44 46
46 44
44 117
117 44
45 118
118 45
45 46
46 45
45 117
117 45
45 108
108 45
117 118
118 117
117 108
108 117
117 107
107 117
118 108
108 118
118 107
107 118
108 107
107 108
108 103
103 108
108 116
116 108
116 107
107 116
116 119
119 116
116 120
120 116
119 120
120 119
119 107
107 119
119 46
46 119
119 103
103 119
119 47
47 119
120 107
107 120
107 103
103 107
103 46
46 103
46 121
121 46
46 47
47 46
46 122
122 46
46 49
49 46
46 48
48 46
46 123
123 46
121 122
122 121
121 48
48 121
121 123
123 121
121 49
49 121
121 47
47 121
47 122
122 47
47 123
123 47
47 49
49 47
47 48
48 47
122 48
48 122
122 123
123 122
122 49
49 122
122 124
124 122
48 123
123 48
48 50
50 48
48 125
125 48
48 124
124 48
48 49
49 48
123 49
49 123
123 125
125 123
123 124
124 123
123 50
50 123
49 124
124 49
49 50
50 49
49 125
125 49
50 125
125 50
50 124
124 50
125 124
124 125
