175
1 88
88 1
1 89
89 1
1 93
93 1
1 10
10 1
1 94
94 1
1 9
9 1
1 2
2 1
1 42
42 1
1 92
92 1
1 11
11 1
88 89
89 88
88 2
2 88
88 93
93 88
88 10
10 88
88 94
94 88
89 2
2 89
89 93
93 89
89 94
94 89
89 11
11 89
89 10
10 89
2 93
93 2
2 94
94 2
2 11
11 2
2 10
10 2
2 92
92 2
2 91
91 2
2 9
9 2
2 3
3 2
2 8
8 2
91 3
3 91
91 90
90 91
91 8
8 91
91 92
92 91
91 93
93 91
91 11
11 91
91 9
9 91
91 4
4 91
91 94
94 91
3 90
90 3
3 92
92 3
3 9
9 3
3 93
93 3
3 11
11 3
3 8
8 3
3 4
4 3
90 4
4 90
90 8
8 90
90 92
92 90
90 11
11 90
90 9
9 90
4 8
8 4
4 9
9 4
4 28
28 4
4 92
92 4
4 6
6 4
4 7
7 4
4 5
5 4
5 6
6 5
5 7
7 5
6 7
7 6
8 92
92 8
8 9
9 8
92 9
9 92
92 93
93 92
92 94
94 92
92 11
11 92
92 10
10 92
9 93
93 9
9 10
10 9
9 11
11 9
9 94
94 9
9 28
28 9
93 10
10 93
93 94
94 93
93 11
11 93
10 94
94 10
10 42
42 10
94 11
11 94
12 97
97 12
12 142
142 12
12 143
143 12
12 69
69 12
12 67
67 12
12 68
68 12
12 14
14 12
12 98
98 12
12 95
95 12
12 145
145 12
12 96
96 12
12 15
15 12
12 13
13 12
12 102
102 12
95 96
96 95
95 13
13 95
95 14
14 95
95 15
15 95
95 102
102 95
95 69
69 95
95 101
101 95
95 98
98 95
95 97
97 95
97 98
98 97
97 96
96 97
97 14
14 97
97 69
69 97
97 53
53 97
97 145
145 97
97 144
144 97
98 14
14 98
98 96
96 98
96 13
13 96
96 14
14 96
96 15
15 96
96 102
102 96
13 15
15 13
13 14
14 13
15 16
16 15
15 100
100 15
15 102
102 15
15 101
101 15
15 69
69 15
15 99
99 15
15 17
17 15
16 100
100 16
16 17
17 16
16 99
99 16
16 101
101 16
16 28
28 16
16 102
102 16
16 109
109 16
16 110
110 16
100 99
99 100
100 102
102 100
100 101
101 100
100 17
17 100
17 99
99 17
17 102
102 17
17 101
101 17
17 28
28 17
99 101
101 99
99 108
108 99
99 109
109 99
99 28
28 99
99 102
102 99
102 101
101 102
102 69
69 102
18 19
19 18
18 23
23 18
18 27
27 18
18 20
20 18
19 27
27 19
19 108
108 19
19 29
29 19
19 109
109 19
19 115
115 19
19 20
20 19
19 21
21 19
19 26
26 19
19 23
23 19
19 22
22 19
19 106
106 19
20 21
21 20
20 22
22 20
20 23
23 20
20 27
27 20
20 115
115 20
21 26
26 21
21 27
27 21
21 115
115 21
21 106
106 21
21 22
22 21
21 23
23 21
21 107
107 21
21 105
105 21
21 104
104 21
22 23
23 22
22 104
104 22
22 105
105 22
22 107
107 22
22 106
106 22
22 26
26 22
22 103
103 22
22 25
25 22
22 24
24 22
23 25
25 23
23 104
104 23
23 26
26 23
23 107
107 23
23 106
106 23
23 105
105 23
23 103
103 23
23 24
24 23
104 103
103 104
104 105
105 104
104 24
24 104
104 25
25 104
104 106
106 104
104 107
107 104
103 105
105 103
103 24
24 103
103 106
106 103
105 107
107 105
105 106
106 105
105 24
24 105
105 25
25 105
24 25
25 24
24 106
106 24
24 107
107 24
25 106
106 25
25 107
107 25
107 106
106 107
107 26
26 107
106 26
26 106
26 27
27 26
27 29
29 27
27 108
108 27
27 115
115 27
27 114
114 27
108 109
109 108
108 110
110 108
108 28
28 108
108 111
111 108
108 29
29 108
108 30
30 108
108 115
115 108
108 114
114 108
109 110
110 109
109 28
28 109
109 30
30 109
109 29
29 109
109 112
112 109
109 113
113 109
109 114
114 109
109 111
111 109
110 28
28 110
110 111
111 110
110 29
29 110
110 30
30 110
110 113
113 110
110 114
114 110
110 112
112 110
28 30
30 28
28 111
111 28
28 29
29 28
28 112
112 28
111 29
29 111
111 30
30 111
111 113
113 111
111 112
112 111
111 31
31 111
112 113
113 112
112 29
29 112
112 114
114 112
112 30
30 112
112 131
131 112
112 45
45 112
112 132
132 112
112 31
31 112
113 114
114 113
113 30
30 113
113 29
29 113
113 131
131 113
113 45
45 113
113 132
132 113
113 115
115 113
115 29
29 115
115 114
114 115
115 30
30 115
29 114
114 29
29 30
30 29
114 30
30 114
114 45
45 114
30 45
45 30
30 132
132 30
30 31
31 30
30 131
131 30
30 42
42 30
31 45
45 31
31 132
132 31
31 46
46 31
31 43
43 31
31 136
136 31
31 130
130 31
31 131
131 31
31 129
129 31
31 42
42 31
31 137
137 31
118 32
32 118
118 119
119 118
118 33
33 118
118 34
34 118
118 123
123 118
118 70
70 118
118 71
71 118
118 117
117 118
118 79
79 118
118 77
77 118
118 116
116 118
32 116
116 32
32 117
117 32
32 123
123 32
32 34
34 32
32 119
119 32
32 33
33 32
116 117
117 116
116 79
79 116
116 123
123 116
116 77
77 116
116 34
34 116
117 123
123 117
117 79
79 117
117 77
77 117
117 34
34 117
117 119
119 117
119 33
33 119
119 34
34 119
119 123
123 119
33 34
34 33
33 123
123 33
33 70
70 33
33 71
71 33
34 123
123 34
34 71
71 34
34 79
79 34
123 79
79 123
123 77
77 123
35 36
36 35
35 37
37 35
35 49
49 35
35 38
38 35
35 39
39 35
35 48
48 35
35 40
40 35
35 50
50 35
36 48
48 36
36 50
50 36
36 39
39 36
36 87
87 36
36 47
47 36
36 38
38 36
36 37
37 36
37 39
39 37
37 38
38 37
37 40
40 37
37 124
124 37
37 125
125 37
124 125
125 124
124 38
38 124
124 40
40 124
124 41
41 124
124 126
126 124
124 127
127 124
126 127
127 126
126 125
125 126
126 41
41 126
127 41
41 127
127 125
125 127
127 55
55 127
127 40
40 127
127 56
56 127
125 40
40 125
125 41
41 125
125 38
38 125
125 56
56 125
125 55
55 125
38 40
40 38
38 39
39 38
39 40
40 39
40 41
41 40
40 56
56 40
40 55
55 40
41 55
55 41
41 56
56 41
41 57
57 41
41 150
150 41
42 43
43 42
42 131
131 42
42 132
132 42
42 129
129 42
42 136
136 42
42 137
137 42
42 128
128 42
42 130
130 42
42 45
45 42
128 130
130 128
128 129
129 128
128 43
43 128
128 131
131 128
43 130
130 43
43 129
129 43
43 137
137 43
43 131
131 43
43 132
132 43
43 136
136 43
43 133
133 43
43 46
46 43
43 45
45 43
130 129
129 130
130 131
131 130
130 136
136 130
130 132
132 130
129 131
131 129
129 132
132 129
131 45
45 131
131 136
136 131
131 132
132 131
131 59
59 131
131 133
133 131
131 137
137 131
133 44
44 133
133 136
136 133
133 132
132 133
133 170
170 133
133 169
169 133
133 46
46 133
133 137
137 133
133 45
45 133
44 136
136 44
44 46
46 44
44 132
132 44
44 170
170 44
44 137
137 44
44 45
45 44
45 136
136 45
45 137
137 45
45 46
46 45
45 132
132 45
136 137
137 136
136 46
46 136
136 132
132 136
137 46
46 137
137 132
132 137
46 132
132 46
132 170
170 132
132 169
169 132
138 139
139 138
138 49
49 138
138 140
140 138
138 50
50 138
138 51
51 138
139 141
141 139
139 47
47 139
139 140
140 139
139 50
50 139
139 48
48 139
139 49
49 139
139 51
51 139
141 47
47 141
141 48
48 141
141 49
49 141
141 140
140 141
141 50
50 141
47 49
49 47
47 140
140 47
47 50
50 47
47 48
48 47
48 49
49 48
48 50
50 48
48 140
140 48
48 52
52 48
48 51
51 48
49 140
140 49
49 50
50 49
49 51
51 49
49 52
52 49
140 50
50 140
140 51
51 140
50 52
52 50
50 51
51 50
51 52
52 51
144 53
53 144
144 142
142 144
144 143
143 144
144 145
145 144
144 54
54 144
53 142
142 53
53 143
143 53
53 145
145 53
53 148
148 53
53 54
54 53
54 142
142 54
54 143
143 54
54 145
145 54
142 143
143 142
142 148
148 142
142 69
69 142
143 69
69 143
143 148
148 143
143 145
145 143
151 150
150 151
151 149
149 151
151 56
56 151
151 152
152 151
151 153
153 151
151 57
57 151
151 154
154 151
151 55
55 151
151 58
58 151
150 149
149 150
150 55
55 150
150 56
56 150
150 152
152 150
150 57
57 150
150 153
153 150
149 56
56 149
149 152
152 149
149 57
57 149
149 55
55 149
55 56
56 55
55 57
57 55
56 57
57 56
56 152
152 56
56 153
153 56
152 57
57 152
152 153
153 152
152 154
154 152
152 155
155 152
57 154
154 57
57 153
153 57
57 155
155 57
153 154
154 153
153 155
155 153
154 155
155 154
59 169
169 59
59 170
170 59
157 158
158 157
157 159
159 157
157 156
156 157
157 160
160 157
158 159
159 158
158 160
160 158
158 156
156 158
159 156
156 159
159 160
160 159
156 160
160 156
60 61
61 60
60 62
62 60
60 63
63 60
60 64
64 60
61 63
63 61
61 64
64 61
61 87
87 61
61 62
62 61
62 63
63 62
63 64
64 63
64 65
65 64
64 66
66 64
64 82
82 64
64 83
83 64
64 174
174 64
64 81
81 64
65 174
174 65
65 82
82 65
65 83
83 65
65 66
66 65
65 173
173 65
67 68
68 67
68 80
80 68
69 148
148 69
70 71
71 70
70 72
72 70
71 72
72 71
71 73
73 71
72 76
76 72
72 73
73 72
164 163
163 164
164 74
74 164
164 165
165 164
164 75
75 164
164 162
162 164
164 161
161 164
163 162
162 163
163 161
161 163
163 75
75 163
163 74
74 163
163 165
165 163
162 74
74 162
162 161
161 162
162 75
75 162
162 165
165 162
161 74
74 161
161 75
75 161
161 165
165 161
74 75
75 74
74 165
165 74
165 75
75 165
166 170
170 166
166 169
169 166
166 167
167 166
166 168
168 166
166 76
76 166
170 169
169 170
170 167
167 170
170 168
168 170
170 76
76 170
169 76
76 169
169 168
168 169
169 167
167 169
167 168
168 167
167 76
76 167
168 76
76 168
77 79
79 77
77 78
78 77
78 79
79 78
80 172
172 80
80 81
81 80
80 173
173 80
80 83
83 80
80 174
174 80
172 81
81 172
172 173
173 172
172 174
174 172
172 83
83 172
81 173
173 81
81 174
174 81
81 82
82 81
81 83
83 81
173 174
174 173
173 82
82 173
173 83
83 173
174 83
83 174
174 82
82 174
82 83
83 82
84 85
85 84
84 86
86 84
85 86
86 85
