182
1 2
2 1
1 3
3 1
1 51
51 1
1 50
50 1
2 3
3 2
2 50
50 2
2 9
9 2
2 51
51 2
2 4
4 2
2 10
10 2
2 11
11 2
2 12
12 2
3 58
58 3
3 12
12 3
3 6
6 3
3 11
11 3
3 4
4 3
3 5
5 3
3 13
13 3
3 10
10 3
3 50
50 3
3 51
51 3
3 9
9 3
4 12
12 4
4 51
51 4
4 52
52 4
4 50
50 4
4 5
5 4
4 53
53 4
4 54
54 4
4 60
60 4
4 6
6 4
5 12
12 5
5 51
51 5
5 53
53 5
5 54
54 5
5 6
6 5
5 13
13 5
5 60
60 5
57 58
58 57
57 59
59 57
57 85
85 57
57 147
147 57
57 93
93 57
57 60
60 57
57 8
8 57
57 179
179 57
57 180
180 57
57 6
6 57
58 59
59 58
58 60
60 58
58 6
6 58
58 85
85 58
58 61
61 58
58 179
179 58
58 147
147 58
58 180
180 58
59 60
60 59
59 6
6 59
59 54
54 59
59 61
61 59
59 85
85 59
59 180
180 59
59 179
179 59
60 62
62 60
60 61
61 60
60 179
179 60
60 180
180 60
60 56
56 60
60 63
63 60
60 6
6 60
60 54
54 60
60 85
85 60
6 85
85 6
6 54
54 6
6 61
61 6
6 12
12 6
6 93
93 6
6 14
14 6
6 91
91 6
6 13
13 6
85 91
91 85
85 93
93 85
85 14
14 85
85 88
88 85
85 147
147 85
85 148
148 85
85 8
8 85
147 148
148 147
147 8
8 147
147 91
91 147
147 93
93 147
147 88
88 147
147 149
149 147
147 7
7 147
147 16
16 147
147 87
87 147
147 181
181 147
147 150
150 147
147 180
180 147
147 160
160 147
147 151
151 147
7 149
149 7
7 148
148 7
7 8
8 7
7 16
16 7
7 181
181 7
149 148
148 149
149 16
16 149
149 8
8 149
149 15
15 149
149 164
164 149
149 165
165 149
148 8
8 148
148 150
150 148
148 16
16 148
148 181
181 148
148 164
164 148
148 87
87 148
148 91
91 148
148 88
88 148
148 93
93 148
8 181
181 8
8 180
180 8
8 179
179 8
8 55
55 8
150 152
152 150
150 160
160 150
150 151
151 150
150 154
154 150
150 156
156 150
150 158
158 150
150 164
164 150
9 10
10 9
9 11
11 9
10 11
11 10
10 17
17 10
10 12
12 10
10 18
18 10
10 19
19 10
10 20
20 10
11 88
88 11
11 20
20 11
11 14
14 11
11 19
19 11
11 12
12 11
11 13
13 11
11 21
21 11
11 18
18 11
11 17
17 11
12 20
20 12
12 13
13 12
12 93
93 12
12 14
14 12
13 20
20 13
13 14
14 13
13 21
21 13
13 93
93 13
87 88
88 87
87 91
91 87
87 95
95 87
87 164
164 87
87 103
103 87
87 93
93 87
87 16
16 87
87 14
14 87
88 91
91 88
88 93
93 88
88 14
14 88
88 95
95 88
88 164
164 88
88 103
103 88
91 93
93 91
91 14
14 91
91 95
95 91
93 14
14 93
93 95
95 93
14 95
95 14
14 20
20 14
14 103
103 14
14 22
22 14
14 101
101 14
14 21
21 14
95 101
101 95
95 103
103 95
95 22
22 95
95 98
98 95
95 164
164 95
95 165
165 95
95 16
16 95
164 165
165 164
164 16
16 164
164 101
101 164
164 103
103 164
164 98
98 164
164 166
166 164
164 15
15 164
164 24
24 164
164 97
97 164
164 152
152 164
164 151
151 164
15 166
166 15
15 165
165 15
15 16
16 15
15 24
24 15
166 165
165 166
166 24
24 166
166 16
16 166
166 23
23 166
166 167
167 166
166 168
168 166
165 16
16 165
165 152
152 165
165 24
24 165
165 97
97 165
165 101
101 165
165 98
98 165
165 103
103 165
152 154
154 152
152 151
151 152
152 156
156 152
152 158
158 152
152 160
160 152
152 167
167 152
17 18
18 17
17 19
19 17
18 19
19 18
18 25
25 18
18 20
20 18
18 26
26 18
18 27
27 18
18 28
28 18
19 98
98 19
19 28
28 19
19 22
22 19
19 27
27 19
19 20
20 19
19 21
21 19
19 29
29 19
19 26
26 19
19 25
25 19
20 28
28 20
20 21
21 20
20 103
103 20
21 28
28 21
21 22
22 21
21 29
29 21
21 103
103 21
97 98
98 97
97 101
101 97
97 105
105 97
97 167
167 97
97 113
113 97
97 103
103 97
97 24
24 97
97 22
22 97
98 101
101 98
98 103
103 98
98 22
22 98
98 105
105 98
98 167
167 98
98 113
113 98
101 103
103 101
101 22
22 101
101 105
105 101
103 22
22 103
103 105
105 103
22 105
105 22
22 28
28 22
22 113
113 22
22 30
30 22
22 111
111 22
22 29
29 22
105 111
111 105
105 113
113 105
105 30
30 105
105 78
78 105
105 167
167 105
105 168
168 105
105 24
24 105
167 168
168 167
167 24
24 167
167 111
111 167
167 113
113 167
167 78
78 167
167 169
169 167
167 23
23 167
167 32
32 167
167 77
77 167
167 154
154 167
23 169
169 23
23 168
168 23
23 24
24 23
23 32
32 23
169 168
168 169
169 32
32 169
169 24
24 169
169 31
31 169
169 170
170 169
169 171
171 169
168 24
24 168
168 154
154 168
168 32
32 168
168 170
170 168
168 77
77 168
168 111
111 168
168 78
78 168
168 113
113 168
154 156
156 154
154 158
158 154
154 160
160 154
154 151
151 154
154 170
170 154
25 26
26 25
25 27
27 25
26 27
27 26
26 33
33 26
26 28
28 26
26 34
34 26
26 35
35 26
26 36
36 26
27 78
78 27
27 36
36 27
27 30
30 27
27 35
35 27
27 28
28 27
27 29
29 27
27 37
37 27
27 34
34 27
27 33
33 27
28 36
36 28
28 29
29 28
28 113
113 28
28 30
30 28
29 36
36 29
29 30
30 29
29 37
37 29
29 113
113 29
77 78
78 77
77 111
111 77
77 76
76 77
77 170
170 77
77 75
75 77
77 113
113 77
77 32
32 77
77 30
30 77
78 111
111 78
78 113
113 78
78 30
30 78
78 76
76 78
78 170
170 78
111 113
113 111
111 30
30 111
111 76
76 111
113 30
30 113
113 76
76 113
30 76
76 30
30 36
36 30
30 75
75 30
30 38
38 30
30 74
74 30
30 37
37 30
76 74
74 76
76 75
75 76
76 38
38 76
76 73
73 76
76 170
170 76
76 171
171 76
76 32
32 76
170 171
171 170
170 32
32 170
170 74
74 170
170 75
75 170
170 73
73 170
170 172
172 170
170 31
31 170
170 40
40 170
170 72
72 170
170 156
156 170
31 172
172 31
31 171
171 31
31 32
32 31
31 40
40 31
172 171
171 172
172 40
40 172
172 32
32 172
172 39
39 172
172 173
173 172
172 174
174 172
171 32
32 171
171 156
156 171
171 40
40 171
171 72
72 171
171 74
74 171
171 73
73 171
171 75
75 171
156 158
158 156
156 160
160 156
156 151
151 156
156 173
173 156
156 176
176 156
33 34
34 33
33 35
35 33
34 35
35 34
34 41
41 34
34 36
36 34
34 42
42 34
34 43
43 34
34 44
44 34
35 44
44 35
35 73
73 35
35 38
38 35
35 43
43 35
35 36
36 35
35 37
37 35
35 45
45 35
35 42
42 35
35 41
41 35
36 44
44 36
36 37
37 36
36 75
75 36
36 38
38 36
37 44
44 37
37 38
38 37
37 45
45 37
37 75
75 37
72 73
73 72
72 74
74 72
72 71
71 72
72 173
173 72
72 70
70 72
72 75
75 72
72 40
40 72
72 38
38 72
73 74
74 73
73 75
75 73
73 38
38 73
73 71
71 73
73 173
173 73
74 75
75 74
74 38
38 74
74 71
71 74
75 38
38 75
75 71
71 75
38 71
71 38
38 44
44 38
38 70
70 38
38 45
45 38
38 46
46 38
38 69
69 38
71 69
69 71
71 70
70 71
71 46
46 71
71 68
68 71
71 173
173 71
71 174
174 71
71 40
40 71
173 174
174 173
173 40
40 173
173 69
69 173
173 70
70 173
173 68
68 173
173 175
175 173
173 39
39 173
173 48
48 173
173 67
67 173
173 158
158 173
39 175
175 39
39 174
174 39
39 40
40 39
39 48
48 39
175 174
174 175
175 48
48 175
175 40
40 175
175 47
47 175
175 176
176 175
175 177
177 175
174 40
40 174
174 158
158 174
174 48
48 174
174 67
67 174
174 69
69 174
174 68
68 174
174 70
70 174
40 70
70 40
158 160
160 158
158 151
151 158
158 176
176 158
158 179
179 158
41 42
42 41
41 43
43 41
42 43
43 42
42 49
49 42
42 44
44 42
42 50
50 42
42 51
51 42
42 52
52 42
43 68
68 43
43 52
52 43
43 46
46 43
43 51
51 43
43 44
44 43
43 45
45 43
43 53
53 43
43 50
50 43
43 49
49 43
44 52
52 44
44 45
45 44
44 70
70 44
45 52
52 45
45 46
46 45
45 53
53 45
45 70
70 45
67 68
68 67
67 69
69 67
67 66
66 67
67 176
176 67
67 65
65 67
67 70
70 67
67 48
48 67
67 46
46 67
68 69
69 68
68 70
70 68
68 46
46 68
68 66
66 68
68 176
176 68
68 65
65 68
69 70
70 69
69 46
46 69
69 66
66 69
70 46
46 70
70 66
66 70
46 66
66 46
46 52
52 46
46 65
65 46
46 54
54 46
46 64
64 46
46 53
53 46
66 64
64 66
66 65
65 66
66 54
54 66
66 63
63 66
66 176
176 66
66 177
177 66
66 48
48 66
176 177
177 176
176 48
48 176
176 64
64 176
176 65
65 176
176 63
63 176
176 178
178 176
176 47
47 176
176 56
56 176
176 62
62 176
176 160
160 176
47 178
178 47
47 177
177 47
47 48
48 47
47 56
56 47
178 177
177 178
178 56
56 178
178 48
48 178
178 55
55 178
178 179
179 178
178 180
180 178
177 48
48 177
177 160
160 177
177 56
56 177
177 179
179 177
177 62
62 177
177 64
64 177
177 63
63 177
177 65
65 177
48 65
65 48
160 151
151 160
160 179
179 160
49 50
50 49
49 51
51 49
50 51
51 50
50 52
52 50
51 63
63 51
51 54
54 51
51 52
52 51
51 53
53 51
52 53
53 52
52 65
65 52
52 54
54 52
53 54
54 53
53 65
65 53
62 63
63 62
62 64
64 62
62 61
61 62
62 179
179 62
62 65
65 62
62 56
56 62
62 54
54 62
63 64
64 63
63 65
65 63
63 54
54 63
63 61
61 63
63 179
179 63
64 65
65 64
64 54
54 64
64 61
61 64
65 54
54 65
65 61
61 65
54 61
61 54
61 179
179 61
61 180
180 61
61 56
56 61
179 180
180 179
179 56
56 179
179 181
181 179
179 55
55 179
179 151
151 179
55 181
181 55
55 180
180 55
55 56
56 55
181 180
180 181
181 56
56 181
180 56
56 180
180 151
151 180
