139
1 42
42 1
1 43
43 1
1 45
45 1
1 44
44 1
1 60
60 1
1 22
22 1
1 59
59 1
1 41
41 1
1 58
58 1
1 61
61 1
1 47
47 1
1 46
46 1
26 27
27 26
26 28
28 26
26 35
35 26
26 36
36 26
26 124
124 26
26 125
125 26
26 126
126 26
26 123
123 26
26 18
18 26
26 22
22 26
26 34
34 26
26 33
33 26
26 128
128 26
26 127
127 26
26 4
4 26
27 28
28 27
27 33
33 27
27 4
4 27
27 34
34 27
27 35
35 27
27 126
126 27
27 127
127 27
27 128
128 27
27 29
29 27
27 125
125 27
27 18
18 27
27 36
36 27
27 32
32 27
27 124
124 27
27 22
22 27
27 30
30 27
27 123
123 27
27 41
41 27
27 42
42 27
28 30
30 28
28 29
29 28
28 34
34 28
28 35
35 28
28 41
41 28
28 42
42 28
28 22
22 28
28 33
33 28
28 36
36 28
28 43
43 28
28 32
32 28
28 126
126 28
28 18
18 28
28 31
31 28
28 127
127 28
28 125
125 28
28 124
124 28
28 128
128 28
28 4
4 28
33 2
2 33
33 39
39 33
33 40
40 33
33 35
35 33
33 34
34 33
33 3
3 33
33 4
4 33
33 32
32 33
33 31
31 33
33 29
29 33
33 127
127 33
33 30
30 33
33 36
36 33
33 42
42 33
33 41
41 33
30 32
32 30
30 29
29 30
30 34
34 30
30 35
35 30
30 41
41 30
30 42
42 30
30 50
50 30
30 43
43 30
30 31
31 30
30 22
22 30
30 49
49 30
30 36
36 30
30 44
44 30
37 38
38 37
37 52
52 37
37 53
53 37
37 133
133 37
37 134
134 37
37 70
70 37
37 118
118 37
38 53
53 38
38 133
133 38
38 134
134 38
38 118
118 38
38 52
52 38
38 119
119 38
38 70
70 38
31 32
32 31
31 4
4 31
31 29
29 31
31 6
6 31
31 34
34 31
31 3
3 31
31 127
127 31
31 40
40 31
31 46
46 31
31 43
43 31
31 42
42 31
31 22
22 31
31 41
41 31
31 49
49 31
31 35
35 31
32 29
29 32
32 34
34 32
32 41
41 32
32 42
42 32
32 43
43 32
32 35
35 32
32 22
22 32
32 6
6 32
32 4
4 32
32 40
40 32
32 39
39 32
32 3
3 32
2 39
39 2
2 40
40 2
2 3
3 2
3 4
4 3
3 127
127 3
3 128
128 3
3 130
130 3
3 136
136 3
4 127
127 4
4 128
128 4
4 34
34 4
4 29
29 4
4 35
35 4
4 39
39 4
4 40
40 4
29 34
34 29
29 18
18 29
29 22
22 29
29 126
126 29
29 43
43 29
29 42
42 29
29 36
36 29
29 35
35 29
29 41
41 29
34 35
35 34
34 36
36 34
34 126
126 34
34 39
39 34
34 127
127 34
34 40
40 34
39 40
40 39
39 35
35 39
40 35
35 40
35 36
36 35
35 126
126 35
35 125
125 35
41 42
42 41
41 43
43 41
41 50
50 41
41 51
51 41
41 22
22 41
41 49
49 41
41 6
6 41
42 43
43 42
42 6
6 42
42 49
49 42
42 50
50 42
42 44
44 42
42 22
22 42
42 51
51 42
42 47
47 42
42 45
45 42
42 58
58 42
42 59
59 42
43 45
45 43
43 44
44 43
43 49
49 43
43 50
50 43
43 58
58 43
43 59
59 43
43 51
51 43
43 60
60 43
43 47
47 43
43 22
22 43
43 46
46 43
43 6
6 43
56 48
48 56
56 5
5 56
56 6
6 56
56 49
49 56
56 54
54 56
56 50
50 56
56 55
55 56
48 5
5 48
48 54
54 48
48 55
55 48
48 50
50 48
48 49
49 48
48 6
6 48
48 47
47 48
48 46
46 48
45 47
47 45
45 44
44 45
45 49
49 45
45 50
50 45
45 58
58 45
45 59
59 45
45 67
67 45
45 60
60 45
45 46
46 45
45 66
66 45
45 61
61 45
45 65
65 45
52 53
53 52
52 69
69 52
52 70
70 52
52 85
85 52
52 11
11 52
52 133
133 52
53 70
70 53
53 69
69 53
53 133
133 53
53 85
85 53
53 134
134 53
46 47
47 46
46 6
6 46
46 8
8 46
46 44
44 46
46 49
49 46
46 63
63 46
46 60
60 46
46 59
59 46
46 65
65 46
46 58
58 46
46 66
66 46
46 50
50 46
47 44
44 47
47 49
49 47
47 58
58 47
47 59
59 47
47 60
60 47
47 50
50 47
47 8
8 47
47 6
6 47
47 55
55 47
47 54
54 47
5 54
54 5
5 55
55 5
6 49
49 6
6 50
50 6
6 44
44 6
6 54
54 6
6 55
55 6
44 49
49 44
44 22
22 44
44 60
60 44
44 59
59 44
44 51
51 44
44 50
50 44
44 58
58 44
49 50
50 49
49 51
51 49
49 54
54 49
49 55
55 49
49 8
8 49
54 55
55 54
54 50
50 54
55 50
50 55
55 8
8 55
50 51
51 50
58 59
59 58
58 60
60 58
58 67
67 58
58 68
68 58
58 66
66 58
58 65
65 58
59 60
60 59
59 65
65 59
59 66
66 59
59 67
67 59
59 61
61 59
59 68
68 59
59 64
64 59
59 62
62 59
59 73
73 59
59 74
74 59
60 62
62 60
60 61
61 60
60 66
66 60
60 67
67 60
60 73
73 60
60 74
74 60
60 65
65 60
60 68
68 60
60 75
75 60
60 64
64 60
60 63
63 60
65 7
7 65
65 71
71 65
65 72
72 65
65 67
67 65
65 66
66 65
65 8
8 65
65 64
64 65
65 63
63 65
65 11
11 65
65 61
61 65
65 62
62 65
65 68
68 65
65 74
74 65
65 73
73 65
62 64
64 62
62 61
61 62
62 66
66 62
62 67
67 62
62 73
73 62
62 74
74 62
62 82
82 62
62 75
75 62
62 63
63 62
62 81
81 62
62 76
76 62
69 70
70 69
69 84
84 69
69 85
85 69
69 102
102 69
69 101
101 69
70 84
84 70
70 85
85 70
70 102
102 70
63 64
64 63
63 11
11 63
63 61
61 63
63 12
12 63
63 66
66 63
63 8
8 63
63 72
72 63
63 78
78 63
63 75
75 63
63 74
74 63
63 73
73 63
63 81
81 63
63 67
67 63
64 61
61 64
64 66
66 64
64 73
73 64
64 74
74 64
64 75
75 64
64 67
67 64
64 12
12 64
64 11
11 64
64 72
72 64
64 71
71 64
64 8
8 64
7 71
71 7
7 72
72 7
7 8
8 7
61 66
66 61
61 75
75 61
61 74
74 61
61 68
68 61
61 67
67 61
61 73
73 61
66 67
67 66
66 68
68 66
66 71
71 66
66 72
72 66
66 11
11 66
71 72
72 71
71 67
67 71
72 67
67 72
72 11
11 72
67 68
68 67
9 91
91 9
9 92
92 9
9 94
94 9
9 93
93 9
9 109
109 9
9 13
13 9
9 108
108 9
9 107
107 9
9 90
90 9
9 96
96 9
9 95
95 9
9 110
110 9
73 74
74 73
73 75
75 73
73 82
82 73
73 83
83 73
73 81
81 73
73 12
12 73
74 75
75 74
74 12
12 74
74 81
81 74
74 82
82 74
74 79
79 74
74 76
76 74
74 83
83 74
74 77
77 74
74 90
90 74
74 91
91 74
75 77
77 75
75 76
76 75
75 81
81 75
75 82
82 75
75 90
90 75
75 91
91 75
75 83
83 75
75 92
92 75
75 79
79 75
75 78
78 75
75 12
12 75
88 80
80 88
88 89
89 88
88 10
10 88
88 11
11 88
88 12
12 88
88 81
81 88
88 86
86 88
88 82
82 88
88 87
87 88
80 89
89 80
80 10
10 80
80 86
86 80
80 87
87 80
80 82
82 80
80 81
81 80
89 10
10 89
89 81
81 89
89 86
86 89
89 87
87 89
89 82
82 89
89 11
11 89
89 12
12 89
89 79
79 89
89 78
78 89
77 79
79 77
77 76
76 77
77 81
81 77
77 82
82 77
77 90
90 77
77 91
91 77
77 99
99 77
77 92
92 77
77 78
78 77
77 98
98 77
77 93
93 77
84 85
85 84
84 101
101 84
84 102
102 84
84 119
119 84
85 102
102 85
85 101
101 85
85 119
119 85
78 79
79 78
78 12
12 78
78 16
16 78
78 76
76 78
78 17
17 78
78 81
81 78
78 11
11 78
78 87
87 78
78 95
95 78
78 92
92 78
78 91
91 78
78 90
90 78
78 105
105 78
78 98
98 78
78 82
82 78
79 76
76 79
79 81
81 79
79 90
90 79
79 91
91 79
79 92
92 79
79 105
105 79
79 82
82 79
79 17
17 79
79 16
16 79
79 12
12 79
79 87
87 79
79 86
86 79
79 11
11 79
10 86
86 10
10 87
87 10
10 11
11 10
11 12
12 11
12 81
81 12
12 76
76 12
12 82
82 12
12 86
86 12
12 87
87 12
76 81
81 76
76 92
92 76
76 91
91 76
76 83
83 76
76 82
82 76
76 90
90 76
81 82
82 81
81 83
83 81
81 16
16 81
81 86
86 81
81 87
87 81
86 87
87 86
86 82
82 86
87 82
82 87
87 16
16 87
82 83
83 82
13 108
108 13
13 109
109 13
13 111
111 13
13 110
110 13
13 124
124 13
13 123
123 13
13 122
122 13
13 107
107 13
13 18
18 13
13 113
113 13
13 112
112 13
13 125
125 13
90 91
91 90
90 92
92 90
90 99
99 90
90 100
100 90
90 98
98 90
90 105
105 90
90 17
17 90
91 92
92 91
91 105
105 91
91 17
17 91
91 98
98 91
91 99
99 91
91 93
93 91
91 100
100 91
91 96
96 91
91 94
94 91
91 107
107 91
91 108
108 91
92 94
94 92
92 93
93 92
92 99
99 92
92 107
107 92
92 108
108 92
92 98
98 92
92 100
100 92
92 109
109 92
92 96
96 92
92 95
95 92
92 17
17 92
92 105
105 92
105 106
106 105
105 15
15 105
105 16
16 105
105 17
17 105
105 98
98 105
105 103
103 105
105 99
99 105
105 104
104 105
105 97
97 105
105 14
14 105
14 97
97 14
14 106
106 14
14 15
15 14
14 103
103 14
14 104
104 14
97 106
106 97
97 15
15 97
97 103
103 97
97 104
104 97
106 15
15 106
106 103
103 106
106 104
104 106
106 99
99 106
106 98
98 106
106 16
16 106
106 17
17 106
106 96
96 106
106 95
95 106
94 96
96 94
94 93
93 94
94 98
98 94
94 99
99 94
94 107
107 94
94 108
108 94
94 116
116 94
94 109
109 94
94 95
95 94
94 115
115 94
94 110
110 94
101 102
102 101
101 118
118 101
101 119
119 101
101 134
134 101
101 24
24 101
102 119
119 102
102 118
118 102
102 134
134 102
95 96
96 95
95 17
17 95
95 20
20 95
95 93
93 95
95 21
21 95
95 98
98 95
95 16
16 95
95 112
112 95
95 109
109 95
95 108
108 95
95 114
114 95
95 107
107 95
95 115
115 95
95 99
99 95
96 93
93 96
96 98
98 96
96 107
107 96
96 108
108 96
96 109
109 96
96 99
99 96
96 21
21 96
96 20
20 96
96 17
17 96
96 104
104 96
96 103
103 96
96 16
16 96
15 103
103 15
15 104
104 15
15 16
16 15
16 17
17 16
17 98
98 17
17 93
93 17
17 99
99 17
17 103
103 17
17 104
104 17
93 98
98 93
93 109
109 93
93 108
108 93
93 99
99 93
93 100
100 93
93 107
107 93
93 116
116 93
98 99
99 98
98 100
100 98
98 103
103 98
98 104
104 98
98 20
20 98
103 104
104 103
103 99
99 103
104 99
99 104
104 20
20 104
99 100
100 99
18 123
123 18
18 124
124 18
18 126
126 18
18 125
125 18
18 122
122 18
18 22
22 18
18 128
128 18
18 127
127 18
107 108
108 107
107 109
109 107
107 116
116 107
107 117
117 107
107 115
115 107
107 114
114 107
107 21
21 107
108 109
109 108
108 114
114 108
108 21
21 108
108 115
115 108
108 116
116 108
108 110
110 108
108 117
117 108
108 113
113 108
108 111
111 108
108 122
122 108
108 123
123 108
109 111
111 109
109 110
110 109
109 115
115 109
109 116
116 109
109 122
122 109
109 123
123 109
109 114
114 109
109 117
117 109
109 124
124 109
109 113
113 109
109 112
112 109
109 21
21 109
114 19
19 114
114 120
120 114
114 121
121 114
114 116
116 114
114 115
115 114
114 20
20 114
114 21
21 114
114 113
113 114
114 112
112 114
114 24
24 114
114 110
110 114
114 25
25 114
114 111
111 114
114 117
117 114
114 123
123 114
114 122
122 114
111 113
113 111
111 110
110 111
111 115
115 111
111 116
116 111
111 122
122 111
111 123
123 111
111 131
131 111
111 124
124 111
111 112
112 111
111 117
117 111
111 130
130 111
111 125
125 111
118 119
119 118
118 133
133 118
118 134
134 118
119 134
134 119
119 133
133 119
112 113
113 112
112 21
21 112
112 24
24 112
112 110
110 112
112 25
25 112
112 115
115 112
112 20
20 112
112 121
121 112
112 127
127 112
112 124
124 112
112 123
123 112
112 122
122 112
112 130
130 112
112 116
116 112
113 110
110 113
113 115
115 113
113 122
122 113
113 123
123 113
113 124
124 113
113 116
116 113
113 25
25 113
113 24
24 113
113 21
21 113
113 121
121 113
113 120
120 113
113 20
20 113
19 120
120 19
19 121
121 19
19 20
20 19
20 21
21 20
21 115
115 21
21 110
110 21
21 116
116 21
21 120
120 21
21 121
121 21
110 115
115 110
110 124
124 110
110 123
123 110
110 117
117 110
110 116
116 110
110 122
122 110
115 116
116 115
115 117
117 115
115 120
120 115
115 121
121 115
115 24
24 115
120 121
121 120
120 116
116 120
121 116
116 121
121 24
24 121
116 117
117 116
122 123
123 122
122 124
124 122
122 131
131 122
122 132
132 122
122 130
130 122
122 25
25 122
123 124
124 123
123 25
25 123
123 130
130 123
123 131
131 123
123 125
125 123
123 132
132 123
123 128
128 123
123 126
126 123
124 126
126 124
124 125
125 124
124 130
130 124
124 131
131 124
124 132
132 124
124 128
128 124
124 127
127 124
124 25
25 124
137 138
138 137
137 23
23 137
137 24
24 137
137 25
25 137
137 130
130 137
137 135
135 137
137 131
131 137
137 136
136 137
137 129
129 137
129 138
138 129
129 23
23 129
129 135
135 129
129 136
136 129
138 23
23 138
138 135
135 138
138 136
136 138
138 131
131 138
138 130
130 138
138 24
24 138
138 25
25 138
138 128
128 138
138 127
127 138
126 128
128 126
126 125
125 126
126 130
130 126
126 131
131 126
126 127
127 126
133 134
134 133
127 128
128 127
127 25
25 127
127 125
125 127
127 130
130 127
127 24
24 127
127 136
136 127
127 131
131 127
128 125
125 128
128 130
130 128
128 131
131 128
128 25
25 128
128 136
136 128
128 135
135 128
128 24
24 128
23 135
135 23
23 136
136 23
23 24
24 23
24 25
25 24
25 130
130 25
25 131
131 25
25 125
125 25
25 135
135 25
25 136
136 25
125 130
130 125
125 132
132 125
125 131
131 125
130 131
131 130
130 132
132 130
130 135
135 130
130 136
136 130
135 136
136 135
135 131
131 135
136 131
131 136
131 132
132 131
