0 435570 84513 89112
0100 15741 15653 12015
0110 773 1154 843
010001000 1139 4294 2292
010001100 43 246 127
011100000 32 227 143
010001010 37 200 126
011100100 5 63 26
010101010 3 14 13
0100001000010000 128 1353 507
0100001000011000 7 70 33
0110100000010000 3 61 26
0101001010000000 4 59 25
0100001101000000 6 54 31
0100001000010010 5 46 24
0100001000010100 0 51 19
0100000100000100000100000 18 483 133
0100000100000100000110000 1 17 7
0110010000000100000100000 1 20 11
0101000100100000000100000 0 22 4
0100100100000101000000000 0 12 7
0100000110010000000100000 2 20 6
0100000100000110010000000 0 13 3
0100000100000100000100010 2 11 7
0100000100000100000100100 0 16 8
0100000100000100000101000 0 20 5
010000001000000100000010000001000000 3 168 43
0100000001000000010000000100000001000000010000000 0 60 11
0100000000100000000100000000100000000100000000100000000100000000 0 25 4
