1 2
2 3
3 2
1 4
4 5
5 6
6 5
4 7
8 6
5 4
4 9
7 9
10 11
11 4
11 10
6 4
12 5
6 13
2 12
12 6
14 15
6 16
16 5
11 16
9 17
17 4
6 10
10 18
16 7
7 1
7 19
19 4
4 19
19 7
9 20
20 19
1 12
12 20
2 20
14 9
5 7
7 4
16 6
2 11
2 8
6 18
6 21
1 11
18 6
4 16
16 18
4 6
16 22
22 14
4 18
13 18
7 14
16 4
4 11
11 7
2 9
9 11
4 23
9 7
6 24
8 9
9 5
25 2
7 11
6 26
26 2
13 2
4 26
4 12
5 18
3 18
26 6
17 19
23 14
8 2
8 14
14 4
6 14
24 4
20 7
9 6
14 27
27 14
27 11
7 6
4 28
20 6
5 9
9 19
12 14
5 21
4 22
22 28
19 5
26 16
6 7
16 12
26 4
4 21
21 7
11 9
9 12
10 26
11 5
8 29
9 4
21 24
4 24
24 7
9 16
16 30
30 4
31 4
6 1
28 30
23 5
24 18
4 2
24 6
18 13
26 10
31 30
5 14
18 4
23 6
15 14
5 24
7 5
28 6
7 2
2 7
5 12
14 6
28 4
11 32
32 5
5 10
10 9
1 5
33 4
4 1
9 8
26 11
21 6
6 11
16 15
15 13
2 5
20 11
11 12
12 9
6 9
28 15
8 27
8 18
8 11
6 2
24 21
34 15
15 16
22 26
18 22
12 4
6 30
18 2
3 6
21 4
10 6
9 26
7 18
4 35
5 19
2 22
22 15
7 34
34 8
36 18
18 21
10 14
4 8
16 32
32 16
6 23
19 6
1 7
37 38
13 8
5 16
23 2
19 21
8 4
15 6
4 14
6 22
31 6
38 4
14 16
14 8
33 38
21 12
20 17
17 11
5 11
30 31
6 19
6 20
25 16
4 15
3 8
18 28
26 19
7 10
4 33
33 6
21 5
4 20
20 4
11 19
12 1
8 10
10 19
2 13
13 4
2 4
26 15
38 5
22 5
10 5
31 2
11 6
7 26
11 18
10 2
2 39
5 20
12 7
28 26
22 4
10 4
11 13
20 9
6 17
2 14
31 22
6 12
24 5
20 5
4 10
11 24
18 5
8 39
18 38
21 25
25 11
11 1
10 7
9 10
6 34
24 20
7 12
4 31
31 14
16 27
14 2
17 10
10 24
14 7
16 11
11 20
32 7
12 10
5 26
27 15
39 18
18 9
2 6
40 4
6 8
16 9
22 18
1 18
6 28
13 9
1 6
14 34
34 14
23 7
7 20
7 8
8 1
1 9
18 39
14 1
19 14
10 8
18 16
8 7
15 1
39 13
13 22
34 4
14 22
16 19
16 21
28 16
20 10
1 19
20 1
37 3
18 33
22 16
19 12
6 29
29 6
4 13
1 32
39 8
20 12
16 28
24 35
22 6
39 3
26 7
13 3
8 26
21 9
9 1
28 20
22 37
10 21
19 8
40 6
4 17
21 10
11 23
23 10
10 22
28 22
1 20
13 6
12 24
25 21
31 16
2 18
16 1
10 15
14 30
11 14
8 5
7 33
37 13
30 16
38 20
14 5
11 26
9 18
18 23
5 1
28 14
31 7
25 6
15 18
20 18
18 7
10 28
26 32
24 19
7 23
12 8
21 19
9 28
26 5
6 35
3 4
12 11
23 20
15 28
11 8
18 26
19 10
27 2
12 25
5 8
14 13
19 24
32 27
27 19
15 5
13 39
20 3
20 2
6 3
26 38
38 19
33 18
7 24
32 8
19 13
38 33
8 22
21 18
23 21
28 5
12 28
3 39
32 1
1 10
30 28
28 27
4 30
18 11
19 2
24 22
18 20
10 1
19 18
14 19
16 14
9 24
24 12
14 28
20 24
35 11
30 14
5 22
10 12
14 18
7 25
18 12
28 24
20 14
14 12
19 9
7 16
5 2
35 5
26 22
22 34
34 6
4 25
25 4
29 15
15 22
29 8
8 16
3 13
17 7
2 16
39 2
2 33
16 26
15 31
19 20
8 31
6 25
15 4
21 16
16 8
24 10
12 19
35 6
18 37
7 13
13 7
28 18
12 21
32 12
33 9
29 28
9 2
9 21
10 20
29 11
4 40
1 13
6 27
32 24
24 32
21 32
17 1
13 20
35 4
16 10
18 8
23 11
7 30
30 24
11 22
38 2
18 30
7 28
12 13
9 3
22 9
33 3
4 38
4 32
32 4
18 10
24 27
18 14
19 25
33 16
33 8
17 9
6 39
7 15
22 19
14 10
35 14
21 28
2 1
26 14
22 21
2 19
5 13
13 14
24 17
24 8
8 20
5 25
14 31
12 17
16 20
12 15
15 7
26 24
24 16
38 6
38 37
8 19
15 23
1 3
3 9
25 7
17 21
9 14
16 2
11 2
21 26
8 3
19 11
13 5
6 15
9 32
32 18
27 16
26 18
18 24
15 30
30 11
17 24
6 32
19 1
33 22
1 26
5 39
31 19
35 24
33 5
1 23
23 4
10 13
3 20
27 8
34 20
25 9
32 23
22 13
8 13
9 25
25 14
12 2
38 7
6 38
1 21
5 17
24 9
32 6
19 26
11 17
2 26
8 21
7 21
3 11
5 38
7 17
5 35
28 11
6 40
35 21
25 12
12 16
9 13
16 31
17 8
15 19
8 24
19 35
13 21
5 32
3 5
19 16
30 18
15 26
16 24
12 26
8 12
24 11
19 27
32 19
11 27
2 21
1 8
12 31
38 14
22 8
22 27
27 4
5 33
10 3
4 27
27 5
19 31
35 19
10 16
11 21
16 23
23 18
21 35
7 32
14 26
20 8
28 8
24 13
25 5
24 14
31 18
23 24
2 10
33 10
8 25
25 1
33 20
24 33
20 16
28 9
1 16
15 8
16 17
18 15
21 33
21 22
6 31
31 5
5 23
7 3
22 2
9 27
22 10
21 11
2 25
30 15
20 13
15 10
13 11
22 25
20 22
17 5
20 21
33 7
20 25
38 18
15 27
11 39
39 5
14 21
32 14
25 20
28 12
33 28
20 23
25 24
15 34
13 19
28 19
17 14
15 2
1 25
39 16
28 13
9 15
15 39
28 31
17 12
5 15
32 11
3 12
8 38
19 15
26 20
4 39
26 9
14 29
22 11
18 3
15 11
34 22
13 24
5 28
30 12
33 14
32 10
3 14
14 11
27 31
23 26
39 6
4 29
22 39
14 39
10 23
23 8
5 27
14 24
31 12
21 1
20 27
18 31
11 38
33 2
27 6
21 8
24 26
1 24
10 32
28 7
31 15
24 25
24 2
37 18
28 39
11 25
2 15
30 7
27 22
8 15
18 27
18 19
3 7
12 18
19 22
28 29
39 14
14 3
41 19
6 33
10 25
7 22
26 1
20 15
18 1
21 34
34 16
39 26
14 33
39 20
1 39
21 17
29 7
21 2
29 16
26 12
16 3
2 24
11 28
19 38
9 39
16 38
15 20
5 29
5 3
11 15
12 22
35 7
26 8
5 40
30 6
13 12
18 34
6 41
16 13
17 20
26 28
8 28
30 5
29 2
16 33
22 24
13 26
22 7
30 13
19 32
15 32
26 21
14 38
8 33
11 35
15 12
9 23
20 26
24 15
8 23
12 35
38 21
37 14
31 3
13 16
12 27
23 12
29 18
27 28
21 38
2 38
22 30
13 28
30 20
4 3
17 25
16 35
12 32
21 20
2 29
35 18
33 13
9 35
5 30
3 26
24 1
1 22
14 20
37 33
10 17
24 23
6 37
7 31
22 20
17 16
33 37
32 28
38 11
7 29
29 10
29 21
5 37
37 6
11 33
29 5
30 10
28 2
26 34
32 33
26 17
1 15
26 13
23 17
25 8
13 29
23 1
13 10
37 11
24 28
31 28
15 9
31 8
38 9
19 28
33 15
5 31
40 35
25 23
38 8
25 10
32 13
35 16
14 23
13 30
11 30
21 14
38 16
8 17
29 30
31 39
31 26
40 42
17 2
40 2
27 7
7 27
23 16
40 8
26 30
28 1
15 24
7 39
37 2
20 33
39 32
40 19
32 21
32 25
25 19
18 32
9 22
13 27
31 1
32 20
2 27
32 22
12 3
33 26
29 19
20 28
22 31
20 35
35 32
11 3
27 13
31 23
39 33
17 26
22 12
41 4
29 31
38 26
30 2
21 31
38 27
38 28
9 33
17 6
30 27
2 41
10 33
8 41
15 25
39 4
31 20
30 19
39 9
2 32
34 12
42 40
39 11
35 23
37 4
28 10
7 35
33 11
41 6
15 3
28 21
4 37
40 38
9 42
39 7
31 27
26 25
1 28
13 38
19 23
13 15
28 33
33 19
23 9
34 13
32 2
26 31
7 40
4 34
1 14
31 35
9 38
1 17
10 38
16 39
34 5
38 13
3 28
31 11
30 22
2 35
26 27
22 38
39 19
38 39
9 31
12 33
29 9
39 10
42 28
38 40
8 35
29 27
33 31
31 10
23 19
3 22
42 37
7 38
13 33
9 30
33 27
2 34
29 4
31 13
17 31
21 30
28 3
26 35
35 10
25 13
2 17
37 39
38 3
6 42
34 10
34 11
19 30
5 41
17 23
22 33
10 29
40 21
42 7
12 29
35 26
13 1
19 17
2 28
2 31
27 34
36 33
38 15
21 15
21 39
35 9
13 23
39 15
23 28
2 30
21 27
15 21
41 24
16 41
27 35
33 39
35 33
1 31
27 23
27 18
21 23
29 3
34 30
16 25
32 30
32 26
32 9
25 18
35 12
35 25
15 33
33 12
12 23
27 21
30 23
23 25
10 27
36 38
6 36
10 39
30 26
10 35
3 29
41 12
27 10
16 34
39 22
27 39
34 39
41 8
13 25
2 23
27 9
35 1
1 27
31 21
23 13
23 35
33 24
37 10
5 34
1 35
35 2
7 37
41 29
10 34
34 2
38 10
22 32
23 22
17 13
26 23
34 7
10 41
28 38
33 30
22 1
18 29
29 13
37 9
13 34
15 29
3 16
25 17
35 38
3 15
13 31
14 25
34 9
23 27
11 31
29 14
40 9
34 28
41 3
1 33
18 25
30 21
3 23
13 37
26 33
21 13
38 29
29 20
26 39
14 37
38 36
3 34
42 38
27 30
34 19
27 24
39 24
18 40
31 9
39 12
40 5
22 29
20 32
25 35
39 31
1 30
