ScenicName	Code	Degrees	BetweenDegrees	ClosedDegrees	Res5	Res6	Res7	Res8	Res9	
黎里古镇	0.0	20.0	0.004069342017269066	0.5357142857142857	0.0	0.0	0.0	0.0	0.0	
黎里公园	1.0	2.0	0.0	0.4268292682926829	0.0	0.0	0.0	0.0	0.0	
香山	2.0	9.0	0.0016228222903493788	0.4861111111111111	0.0	0.0	0.0	0.0	0.0	
静思园	3.0	22.0	0.00016225275835848426	0.546875	0.0	0.0	0.0	0.0	0.0	
震泽	4.0	3.0	0.0	0.45652173913043476	0.0	0.0	0.0	0.0	0.0	
阳澄湖度假	5.0	46.0	0.009658846285632638	0.6325301204819277	0.0	0.0	0.0	0.0	0.0	
镇湖刺绣	6.0	13.0	8.175352912195017e-05	0.5048076923076923	0.0	0.0	0.0	0.0	0.0	
锦溪	7.0	43.0	0.02569626142072403	0.6140350877192983	0.0	0.0	0.0	0.0	0.0	
金鸡湖	8.0	77.0	0.08085978741883797	0.7894736842105263	0.0	0.0	0.0	0.0	0.0	
金凤凰	9.0	13.0	0.007223250621979246	0.5072463768115942	0.0	0.0	0.0	0.0	0.0	
金仓湖	10.0	7.0	0.0008991076272277512	0.47085201793721976	0.0	0.0	0.0	0.0	0.0	
重元寺	11.0	0.0	0.0	0.0	0.0	0.0	0.0	0.0	0.0	
郑和公园	12.0	6.0	0.000560738414300186	0.46255506607929514	0.0	0.0	0.0	0.0	0.0	
运河公园	13.0	14.0	2.147610843263017e-05	0.5048076923076923	0.0	0.0	0.0	0.0	0.0	
观前街	14.0	80.0	0.07262687665711091	0.8015267175572519	0.0	0.0	0.0	0.0	0.0	
西山	15.0	53.0	0.015800378826948996	0.660377358490566	0.0	0.0	0.0	0.0	0.0	
西园	16.0	33.0	0.0014999474862454098	0.5769230769230769	0.0	0.0	0.0	0.0	0.0	
虞园	17.0	4.0	7.77000777000777e-05	0.40076335877862596	0.0	0.0	0.0	0.0	0.0	
虎丘山	18.0	64.0	0.04581153030681355	0.7094594594594594	0.0	0.0	0.0	0.0	0.0	
藏书镇	19.0	29.0	0.000982951078851852	0.5585106382978723	0.0	0.0	0.0	0.0	0.0	
蒋巷	20.0	5.0	0.0	0.44871794871794873	0.0	0.0	0.0	0.0	0.0	
荷塘月色	21.0	9.0	0.00018315018315018315	0.49295774647887325	0.0	0.0	0.0	0.0	0.0	
苏州湾	22.0	2.0	0.0	0.4375	0.0	0.0	0.0	0.0	0.0	
苏州水上乐园	23.0	18.0	1.077354018530489e-05	0.5276381909547738	0.0	0.0	0.0	0.0	0.0	
苏州博物馆	24.0	61.0	0.01173579600670377	0.695364238410596	0.0	0.0	0.0	0.0	0.0	
苏州公园	25.0	19.0	0.0002929631071934506	0.5276381909547738	0.0	0.0	0.0	0.0	0.0	
苏州乐园	26.0	54.0	0.015482567816808747	0.660377358490566	0.0	0.0	0.0	0.0	0.0	
花溪公园	27.0	6.0	0.0	0.4794520547945205	0.0	0.0	0.0	0.0	0.0	
胥门	28.0	22.0	1.3149243918474686e-05	0.5357142857142857	0.0	0.0	0.0	0.0	0.0	
肖甸湖	29.0	10.0	7.044237813468583e-06	0.4976303317535545	0.0	0.0	0.0	0.0	0.0	
聚沙园	30.0	2.0	0.0	0.39622641509433965	0.0	0.0	0.0	0.0	0.0	
耦园	31.0	33.0	0.0003566466524872929	0.5737704918032787	0.0	0.0	0.0	0.0	0.0	
网师园	32.0	37.0	0.0030992411897914508	0.5898876404494382	0.0	0.0	0.0	0.0	0.0	
穹窿山	33.0	33.0	0.0006486781192749374	0.580110497237569	0.0	0.0	0.0	0.0	0.0	
石路	34.0	69.0	0.04323430667263864	0.7394366197183099	0.0	0.0	0.0	0.0	0.0	
石湖	35.0	13.0	0.0	0.5023923444976076	0.0	0.0	0.0	0.0	0.0	
相城阳澄湖	36.0	41.0	0.006210825599936528	0.6140350877192983	0.0	0.0	0.0	0.0	0.0	
盘门	37.0	42.0	0.00219582027162701	0.6069364161849711	0.0	0.0	0.0	0.0	0.0	
白马涧	38.0	21.0	0.0011540528526925785	0.525	0.0	0.0	0.0	0.0	0.0	
白塘	39.0	10.0	4.573399310241416e-05	0.49295774647887325	0.0	0.0	0.0	0.0	0.0	
留园	40.0	55.0	0.007599292816845825	0.6687898089171974	0.0	0.0	0.0	0.0	0.0	
甪直	41.0	47.0	0.004769081828440545	0.6363636363636364	0.0	0.0	0.0	0.0	0.0	
珍珠宝石城	42.0	4.0	0.0	0.45652173913043476	0.0	0.0	0.0	0.0	0.0	
狮子林	43.0	65.0	0.02301256034911368	0.7191780821917808	0.0	0.0	0.0	0.0	0.0	
灵岩山	44.0	32.0	0.00033151484173631074	0.5675675675675675	0.0	0.0	0.0	0.0	0.0	
渔洋山	45.0	25.0	0.0005479666305981193	0.5440414507772021	0.0	0.0	0.0	0.0	0.0	
沧浪亭	46.0	35.0	0.0016605604550069138	0.5833333333333334	0.0	0.0	0.0	0.0	0.0	
沙溪	47.0	23.0	0.006898690842574668	0.5526315789473685	0.0	0.0	0.0	0.0	0.0	
沙湖	48.0	11.0	1.4640531881911192e-05	0.5	0.0	0.0	0.0	0.0	0.0	
沙家浜	49.0	41.0	0.010875572384537248	0.6104651162790697	0.0	0.0	0.0	0.0	0.0	
永联	50.0	8.0	0.00010522749533738544	0.5023923444976076	0.0	0.0	0.0	0.0	0.0	
槽湖湿地公园	51.0	3.0	0.0	0.44680851063829785	0.0	0.0	0.0	0.0	0.0	
梁丰生态园	52.0	8.0	0.020412231290274963	0.4772727272727273	0.0	0.0	0.0	0.0	0.0	
桐泾公园	53.0	15.0	1.1927848062301842e-05	0.5198019801980198	0.0	0.0	0.0	0.0	0.0	
格林乡村公园	54.0	7.0	1.1446886446886447e-05	0.4646017699115044	0.0	0.0	0.0	0.0	0.0	
树山	55.0	4.0	0.0	0.46255506607929514	0.0	0.0	0.0	0.0	0.0	
杨舍	56.0	19.0	0.024211579939113766	0.5357142857142857	0.0	0.0	0.0	0.0	0.0	
木渎	57.0	62.0	0.014632609892385507	0.7	0.0	0.0	0.0	0.0	0.0	
暨阳湖	58.0	19.0	0.0073195930074194775	0.5303030303030303	0.0	0.0	0.0	0.0	0.0	
昆承湖	59.0	12.0	3.990200068631441e-05	0.5121951219512195	0.0	0.0	0.0	0.0	0.0	
昆山森林公园	60.0	15.0	0.00011155520062265355	0.5072463768115942	0.0	0.0	0.0	0.0	0.0	
旺山	61.0	27.0	0.0009925334443704615	0.5614973262032086	0.0	0.0	0.0	0.0	0.0	
方塔	62.0	8.0	0.0011919389983095288	0.4861111111111111	0.0	0.0	0.0	0.0	0.0	
新区公园	63.0	7.0	0.0	0.46875	0.0	0.0	0.0	0.0	0.0	
文庙	64.0	18.0	0.00017553794579078377	0.5172413793103449	0.0	0.0	0.0	0.0	0.0	
拙政园	65.0	67.0	0.03335421110997001	0.7291666666666666	0.0	0.0	0.0	0.0	0.0	
张家港公园	66.0	5.0	0.0	0.46875	0.0	0.0	0.0	0.0	0.0	
平江路	67.0	75.0	0.06387347552801495	0.7720588235294118	0.0	0.0	0.0	0.0	0.0	
常阴沙	68.0	1.0	0.0	0.32407407407407407	0.0	0.0	0.0	0.0	0.0	
常熟服装城	69.0	32.0	0.017325633342573216	0.5769230769230769	0.0	0.0	0.0	0.0	0.0	
巴城阳澄湖	70.0	48.0	0.01128926162490736	0.6402439024390244	0.0	0.0	0.0	0.0	0.0	
山塘	71.0	68.0	0.023289490010221025	0.7291666666666666	0.0	0.0	0.0	0.0	0.0	
尚湖虞山	72.0	42.0	0.046163433424233256	0.6176470588235294	0.0	0.0	0.0	0.0	0.0	
寒山寺	73.0	69.0	0.04766430805693056	0.7342657342657343	0.0	0.0	0.0	0.0	0.0	
定园	74.0	38.0	0.0014245810107088072	0.603448275862069	0.0	0.0	0.0	0.0	0.0	
太湖湿地	75.0	33.0	0.0012988479026255196	0.5706521739130435	0.0	0.0	0.0	0.0	0.0	
太湖度假	76.0	56.0	0.01416756641170929	0.6774193548387096	0.0	0.0	0.0	0.0	0.0	
太仓农业	77.0	6.0	0.0003578719876012886	0.42168674698795183	0.0	0.0	0.0	0.0	0.0	
太仓公园	78.0	0.0	0.0	0.0	0.0	0.0	0.0	0.0	0.0	
天池山	79.0	9.0	1.3018027723910076e-05	0.49065420560747663	0.0	0.0	0.0	0.0	0.0	
天平山	80.0	36.0	0.001984696350940536	0.5898876404494382	0.0	0.0	0.0	0.0	0.0	
大阳山	81.0	24.0	0.002163424901206487	0.5497382198952879	0.0	0.0	0.0	0.0	0.0	
大自然国际游艇	82.0	1.0	0.0	0.38181818181818183	0.0	0.0	0.0	0.0	0.0	
大白荡	83.0	2.0	0.0	0.4525862068965517	0.0	0.0	0.0	0.0	0.0	
大渠荡	84.0	1.0	0.0	0.4166666666666667	0.0	0.0	0.0	0.0	0.0	
圆通寺	85.0	1.0	0.0	0.36713286713286714	0.0	0.0	0.0	0.0	0.0	
唐寅园	86.0	42.0	0.0028175334430064745	0.6176470588235294	0.0	0.0	0.0	0.0	0.0	
周庄	87.0	67.0	0.04544439411871131	0.7241379310344828	0.0	0.0	0.0	0.0	0.0	
吴江青少年科技文化活动中心	88.0	1.0	0.0	0.4166666666666667	0.0	0.0	0.0	0.0	0.0	
同里	89.0	63.0	0.04067115553172974	0.7094594594594594	0.0	0.0	0.0	0.0	0.0	
古运河夜游	90.0	53.0	0.010682078655658104	0.65625	0.0	0.0	0.0	0.0	0.0	
双山岛	91.0	4.0	9.086366730896114e-05	0.4449152542372881	0.0	0.0	0.0	0.0	0.0	
南园	92.0	6.0	0.0007159902725401918	0.47085201793721976	0.0	0.0	0.0	0.0	0.0	
千灯	93.0	36.0	0.0029717070409161976	0.5932203389830508	0.0	0.0	0.0	0.0	0.0	
十梓街	94.0	17.0	5.7234432234432234e-06	0.5223880597014925	0.0	0.0	0.0	0.0	0.0	
十全街	95.0	58.0	0.013720914523047646	0.6862745098039216	0.0	0.0	0.0	0.0	0.0	
北寺塔	96.0	34.0	0.01966238374779405	0.5769230769230769	0.0	0.0	0.0	0.0	0.0	
北塔报恩寺	97.0	38.0	0.0017666503234749103	0.5932203389830508	0.0	0.0	0.0	0.0	0.0	
动物园	98.0	27.0	0.0012114810640345586	0.5585106382978723	0.0	0.0	0.0	0.0	0.0	
凤凰街	99.0	49.0	0.004061366249212612	0.6402439024390244	0.0	0.0	0.0	0.0	0.0	
凤凰山	100.0	3.0	1.665001665001665e-05	0.3917910447761194	0.0	0.0	0.0	0.0	0.0	
光福	101.0	25.0	0.00011140329896127248	0.5440414507772021	0.0	0.0	0.0	0.0	0.0	
亭林园	102.0	17.0	0.00016871685566003994	0.5172413793103449	0.0	0.0	0.0	0.0	0.0	
中央公园	103.0	17.0	7.753265671817709e-05	0.5147058823529411	0.0	0.0	0.0	0.0	0.0	
中国花卉	104.0	6.0	6.349855160583906e-05	0.4838709677419355	0.0	0.0	0.0	0.0	0.0	
东渡苑	105.0	1.0	0.0	0.35	0.0	0.0	0.0	0.0	0.0	
东山	106.0	44.0	0.013752099441296158	0.6176470588235294	0.0	0.0	0.0	0.0	0.0	
东园	107.0	1.0	0.0	0.4375	0.0	0.0	0.0	0.0	0.0	
上方山	108.0	0.0	0.0	0.0	0.0	0.0	0.0	0.0	0.0	
城隍庙	109.0	0.0	0.0	0.0	0.0	0.0	0.0	0.0	0.0	
怡园	110.0	0.0	0.0	0.0	0.0	0.0	0.0	0.0	0.0	
何山公园	111.0	0.0	0.0	0.0	0.0	0.0	0.0	0.0	0.0	
盛泽湖	112.0	0.0	0.0	0.0	0.0	0.0	0.0	0.0	0.0	
张溥故居	113.0	0.0	0.0	0.0	0.0	0.0	0.0	0.0	0.0	
五谷丰登	114.0	0.0	0.0	0.0	0.0	0.0	0.0	0.0	0.0	
