                 1         2         3         4         5         6         7         8         9        10
            Degree   EffSize Efficienc Constrain Hierarchy    EgoBet Ln(Constr Indirects   Density  Numholes
         --------- --------- --------- --------- --------- --------- --------- --------- --------- ---------
  1   0     35.000    24.178     0.691     0.381     0.542    40.130    -0.964     0.916     0.839   192.000
  2   1      4.000     3.008     0.752     1.248     0.582     3.000     0.221     0.570     0.500     6.000
  3   2     15.000    10.176     0.678     0.694     0.526    11.648    -0.365     0.990     0.686    66.000
  4   3     22.000    18.088     0.822     0.655     0.594    23.348    -0.423     0.985     0.827    80.000
  5   4     20.000    10.412     0.521     0.643     0.593     3.883    -0.442     0.999     0.884    44.000
  6   5     70.000    39.323     0.562     0.572     0.708   101.456    -0.559     0.979     0.654  1670.000
  7   6     20.000    15.077     0.754     0.593     0.494     2.860    -0.523     0.997     0.926    28.000
  8   7     54.000    44.573     0.825     0.321     0.537    75.261    -1.138     0.946     0.729   776.000
  9   8    103.000    74.894     0.727     0.404     0.765   946.785    -0.906     0.736     0.412  6174.000
 10   9     30.000    23.557     0.785     0.344     0.439    24.509    -1.067     0.976     0.738   228.000
 11  10     18.000    14.944     0.830     0.479     0.438    11.453    -0.737     0.926     0.765    72.000
 12  11      0.000     0.000     0.830     0.000               0.000      -Inf     0.000               0.000
 13  12     19.000    16.514     0.869     0.447     0.422    13.078    -0.806     0.986     0.725    94.000
 14  13     39.000    24.559     0.630     0.431     0.595    16.560    -0.841     0.997     0.866   198.000
 15  14    100.000    71.840     0.718     0.342     0.715   677.250    -1.074     0.681     0.435  5598.000
 16  15     73.000    53.637     0.735     0.362     0.587    86.220    -1.016     0.904     0.662  1774.000
 17  16     55.000    35.557     0.646     0.443     0.633    53.852    -0.814     0.994     0.782   648.000
 18  17     10.000     7.649     0.765     0.948     0.573     0.500    -0.054     0.991     0.956     4.000
 19  18     69.000    50.492     0.732     0.365     0.588   111.639    -1.008     0.985     0.651  1636.000
 20  19     45.000    29.703     0.660     0.394     0.559    24.499    -0.930     0.993     0.843   310.000
 21  20     19.000    12.098     0.637     0.537     0.522     8.550    -0.621     0.995     0.848    52.000
 22  21     26.000    17.676     0.680     0.482     0.514     5.812    -0.731     0.993     0.880    78.000
 23  22     14.000     8.397     0.600     0.600     0.431     0.000    -0.510     1.000     1.000     0.000
 24  23     41.000    36.401     0.888     0.807     0.853    11.740    -0.214     0.754     0.850   246.000
 25  24     78.000    52.149     0.669     0.453     0.664   119.859    -0.792     0.972     0.617  2302.000
 26  25     40.000    21.407     0.535     0.596     0.655     9.854    -0.517     0.999     0.869   204.000
 27  26     76.000    57.644     0.758     0.299     0.594   137.229    -1.208     0.757     0.624  2144.000
 28  27     15.000    13.371     0.891     0.531     0.399     1.775    -0.633     0.991     0.914    18.000
 29  28     47.000    28.061     0.597     0.542     0.624    14.849    -0.612     0.998     0.836   354.000
 30  29     22.000    11.367     0.517     0.642     0.605     1.735    -0.443     0.998     0.944    26.000
 31  30     15.000    10.609     0.707     0.595     0.459     3.871    -0.518     0.941     0.848    32.000
 32  31     32.000    22.133     0.692     0.442     0.525     4.372    -0.817     0.998     0.907    92.000
 33  32     46.000    34.131     0.742     0.458     0.549    18.244    -0.782     0.994     0.819   374.000
 34  33     57.000    45.353     0.796     0.297     0.493    36.825    -1.213     0.974     0.771   730.000
 35  34     90.000    54.605     0.607     0.541     0.730   299.992    -0.615     0.868     0.509  3934.000
 36  35     46.000    30.241     0.657     0.419     0.585    21.083    -0.869     0.999     0.839   334.000
 37  36     63.000    33.929     0.539     0.626     0.725    88.124    -0.469     0.970     0.693  1198.000
 38  37     55.000    47.296     0.860     0.831     0.792    28.696    -0.185     0.934     0.780   654.000
 39  38     55.000    38.567     0.701     0.353     0.575    28.688    -1.042     0.990     0.778   658.000
 40  39     55.000    32.895     0.598     0.528     0.688    42.568    -0.639     0.995     0.745   756.000
 41  40     57.000    37.732     0.662     0.423     0.624    33.509    -0.859     0.990     0.762   760.000
 42  41     66.000    40.593     0.615     0.484     0.696    91.447    -0.725     0.994     0.681  1370.000
 43  42      2.000     1.000     0.500     1.986     0.000     0.000     0.686     0.993     1.000     0.000
 44  43     66.000    43.318     0.656     0.451     0.637    62.236    -0.796     0.978     0.707  1258.000
 45  44     52.000    35.661     0.686     0.391     0.539    14.347    -0.938     0.994     0.851   394.000
 46  45     20.000    14.459     0.723     0.481     0.391     0.444    -0.733     0.999     0.979     8.000
 47  46     44.000    31.264     0.711     0.523     0.575    13.646    -0.649     0.966     0.853   278.000
 48  47     39.000    26.210     0.672     0.447     0.611    64.417    -0.805     0.962     0.664   498.000
 49  48     49.000    26.309     0.537     0.600     0.713    16.628    -0.511     0.996     0.839   378.000
 50  49     62.000    43.038     0.694     0.457     0.649   151.187    -0.784     0.971     0.645  1342.000
 51  50     26.000    22.818     0.878     0.787     0.858    33.940    -0.240     0.600     0.649   228.000
 52  51      8.000     3.543     0.443     1.014     0.495     0.000     0.014     1.000     1.000     0.000
 53  52     15.000     9.266     0.618     0.717     0.464    11.403    -0.333     0.976     0.686    66.000
 54  53     47.000    20.468     0.435     0.730     0.721    13.279    -0.315     0.995     0.853   318.000
 55  54     26.000    17.808     0.685     0.476     0.541     6.542    -0.742     0.999     0.858    92.000
 56  55     39.000    28.345     0.727     0.410     0.544    11.081    -0.891     0.994     0.872   190.000
 57  56     42.000    35.767     0.852     0.304     0.613    66.443    -1.190     0.574     0.678   554.000
 58  57     81.000    61.185     0.755     0.312     0.587   194.176    -1.164     0.861     0.582  2706.000
 59  58     35.000    25.341     0.724     0.428     0.560    32.969    -0.849     0.919     0.711   344.000
 60  59     43.000    19.377     0.451     0.694     0.741    27.867    -0.365     0.972     0.780   398.000
 61  60     26.000    20.031     0.770     0.464     0.485     8.790    -0.768     0.993     0.831   110.000
 62  61     57.000    40.530     0.711     0.500     0.664    29.740    -0.692     0.923     0.787   680.000
 63  62     24.000    18.599     0.775     0.627     0.624    11.666    -0.467     0.945     0.804   108.000
 64  63     29.000    21.121     0.728     0.338     0.434     2.028    -1.085     0.965     0.946    44.000
 65  64     25.000    19.122     0.765     0.474     0.474     5.114    -0.747     0.999     0.893    64.000
 66  65     79.000    54.561     0.691     0.426     0.653   167.292    -0.854     0.960     0.598  2480.000
 67  66     12.000     9.952     0.829     0.478     0.248     1.000    -0.737     0.988     0.939     8.000
 68  67     95.000    54.292     0.571     0.576     0.755   405.730    -0.551     0.899     0.473  4706.000
 69  68     14.000     7.201     0.514     0.899     0.631     4.419    -0.106     0.998     0.835    30.000
 70  69     49.000    35.680     0.728     0.493     0.623    47.521    -0.707     0.956     0.707   688.000
 71  70     68.000    43.001     0.632     0.488     0.690   169.623    -0.717     0.937     0.598  1830.000
 72  71     83.000    53.890     0.649     0.556     0.698   234.256    -0.588     0.928     0.569  2936.000
 73  72     70.000    49.813     0.712     0.386     0.664   202.863    -0.953     0.901     0.566  2098.000
 74  73     72.000    49.424     0.686     0.424     0.636    81.020    -0.857     0.988     0.678  1646.000
 75  74     34.000    24.417     0.718     0.375     0.484     7.191    -0.980     0.997     0.902   110.000
 76  75     57.000    37.654     0.661     0.426     0.596    48.808    -0.854     0.990     0.740   830.000
 77  76     74.000    55.077     0.744     0.375     0.593    99.541    -0.980     0.897     0.654  1870.000
 78  77     20.000    15.080     0.754     0.445     0.442    14.024    -0.811     0.982     0.726   104.000
 79  78      8.000     6.802     0.850     0.646     0.239     0.667    -0.437     0.974     0.929     4.000
 80  79     37.000    19.577     0.529     0.557     0.674     3.467    -0.585     0.999     0.941    78.000
 81  80     62.000    42.280     0.682     0.367     0.610    37.420    -1.002     0.989     0.772   864.000
 82  81     66.000    46.224     0.700     0.382     0.617   107.192    -0.962     0.989     0.669  1420.000
 83  82      4.000     2.913     0.728     1.345     0.354     0.000     0.296     0.993     1.000     0.000
 84  83     27.000    22.439     0.831     0.308     0.362     2.072    -1.177     0.963     0.943    40.000
 85  84      6.000     3.615     0.602     0.939     0.357     4.000    -0.063     0.950     0.733     8.000
 86  85      2.000     1.000     0.500     2.000     0.000     0.000     0.693     1.000     1.000     0.000
 87  86     49.000    32.498     0.663     0.387     0.590    23.033    -0.950     0.998     0.828   404.000
 88  87     73.000    52.837     0.724     0.365     0.633   188.685    -1.008     0.971     0.577  2224.000
 89  88      7.000     3.119     0.446     1.249     0.542     0.000     0.222     1.000     1.000     0.000
 90  89     73.000    48.168     0.660     0.440     0.655   164.849    -0.820     0.978     0.617  2014.000
 91  90     83.000    51.977     0.626     0.485     0.698   186.303    -0.724     0.892     0.567  2946.000
 92  91     19.000    11.503     0.605     0.627     0.590    11.085    -0.467     0.988     0.737    90.000
 93  92      8.000     6.130     0.766     0.609     0.212     2.000    -0.496     0.968     0.857     8.000
 94  93     45.000    35.857     0.797     0.318     0.509    31.589    -1.144     0.957     0.763   470.000
 95  94     39.000    24.727     0.634     0.529     0.571    11.096    -0.636     0.996     0.843   232.000
 96  95     87.000    52.650     0.605     0.523     0.704   284.425    -0.648     0.918     0.524  3562.000
 97  96     43.000    27.685     0.644     0.490     0.590    10.393    -0.713     0.997     0.865   244.000
 98  97     42.000    22.864     0.544     0.558     0.654    21.247    -0.584     0.998     0.851   256.000
 99  98     58.000    31.716     0.547     0.586     0.684    39.857    -0.534     0.997     0.747   838.000
100  99     84.000    51.647     0.615     0.549     0.688   233.348    -0.599     0.953     0.550  3136.000
101 100     10.000     7.896     0.790     0.628     0.293     3.533    -0.465     0.959     0.800    18.000
102 101     58.000    42.090     0.726     0.343     0.536    44.506    -1.069     0.986     0.766   774.000
103 102     27.000    23.304     0.863     0.766     0.722     2.775    -0.266     0.948     0.929    50.000
104 103     45.000    24.750     0.550     0.530     0.675    13.517    -0.635     0.997     0.846   304.000
105 104     17.000    10.583     0.623     0.585     0.510     3.282    -0.536     0.991     0.890    30.000
106 105      6.000     4.460     0.743     0.814     0.198     0.400    -0.206     0.988     0.933     2.000
107 106     71.000    49.313     0.695     0.373     0.597    84.693    -0.986     0.973     0.663  1676.000
108 107     14.000     7.144     0.510     0.727     0.544     0.000    -0.319     1.000     1.000     0.000
109 108      0.000     0.000     0.510     0.000               0.000      -Inf     0.000               0.000
110 109      0.000     0.000     0.510     0.000               0.000      -Inf     0.000               0.000
111 110      0.000     0.000     0.510     0.000               0.000      -Inf     0.000               0.000
112 111      0.000     0.000     0.510     0.000               0.000      -Inf     0.000               0.000
113 112      0.000     0.000     0.510     0.000               0.000      -Inf     0.000               0.000
114 113      0.000     0.000     0.510     0.000               0.000      -Inf     0.000               0.000
115 114      0.000     0.000     0.510     0.000               0.000      -Inf     0.000               0.000