0 3 2.0
0 4 1.0
0 8 4.0
0 14 7.0
0 24 1.0
0 32 1.0
0 34 1.0
0 40 2.0
0 41 1.0
0 43 1.0
0 49 1.0
0 57 5.0
0 61 3.0
0 65 5.0
0 67 3.0
0 71 12.0
0 72 1.0
0 73 3.0
0 86 1.0
0 87 10.0
0 89 30.0
1 73 1.0
2 14 4.0
2 34 1.0
2 36 1.0
2 52 2.0
2 56 3.0
2 65 2.0
2 71 1.0
2 72 1.0
2 74 1.0
2 91 1.0
2 98 1.0
3 0 2.0
3 8 9.0
3 14 4.0
3 18 2.0
3 24 2.0
3 34 6.0
3 36 1.0
3 37 2.0
3 40 1.0
3 44 1.0
3 46 1.0
3 65 6.0
3 67 3.0
3 72 1.0
3 73 4.0
3 86 1.0
3 87 2.0
3 89 86.0
3 90 1.0
4 0 1.0
4 7 1.0
4 8 1.0
4 24 1.0
4 89 1.0
4 97 1.0
5 8 64.0
5 11 12.0
5 14 33.0
5 15 5.0
5 18 15.0
5 19 50.0
5 24 9.0
5 26 16.0
5 34 4.0
5 36 25.0
5 37 2.0
5 39 1.0
5 40 5.0
5 41 20.0
5 43 10.0
5 48 2.0
5 49 3.0
5 57 207.0
5 58 2.0
5 60 3.0
5 61 10.0
5 65 24.0
5 67 11.0
5 70 18.0
5 71 8.0
5 73 13.0
5 74 1.0
5 75 10.0
5 76 1.0
5 80 3.0
5 81 1.0
5 87 12.0
5 89 19.0
5 93 21.0
5 96 2.0
5 97 1.0
5 99 1.0
5 106 4.0
6 8 1.0
6 14 5.0
6 18 4.0
6 19 1.0
6 34 4.0
6 38 1.0
6 40 1.0
6 45 1.0
6 57 1.0
6 67 3.0
6 71 1.0
6 73 1.0
7 4 1.0
7 8 12.0
7 14 32.0
7 15 7.0
7 16 2.0
7 18 15.0
7 20 2.0
7 23 1.0
7 24 6.0
7 32 1.0
7 34 3.0
7 36 2.0
7 37 2.0
7 40 15.0
7 41 41.0
7 43 27.0
7 46 1.0
7 47 3.0
7 49 5.0
7 57 9.0
7 60 2.0
7 65 26.0
7 67 10.0
7 70 9.0
7 71 26.0
7 73 41.0
7 74 19.0
7 76 2.0
7 86 6.0
7 87 177.0
7 89 55.0
7 90 5.0
7 93 36.0
7 94 1.0
7 97 1.0
7 99 1.0
7 102 4.0
8 0 4.0
8 3 9.0
8 4 1.0
8 5 64.0
8 6 1.0
8 7 12.0
8 11 10.0
8 14 1054.0
8 15 52.0
8 16 19.0
8 18 306.0
8 19 3.0
8 21 3.0
8 23 1.0
8 24 333.0
8 25 1.0
8 26 98.0
8 28 6.0
8 31 8.0
8 32 40.0
8 33 10.0
8 34 122.0
8 35 5.0
8 36 35.0
8 37 33.0
8 38 6.0
8 39 2.0
8 40 171.0
8 41 55.0
8 43 203.0
8 44 15.0
8 45 2.0
8 46 25.0
8 47 2.0
8 48 8.0
8 49 18.0
8 52 1.0
8 53 3.0
8 55 3.0
8 56 1.0
8 57 310.0
8 58 2.0
8 60 1.0
8 61 33.0
8 64 3.0
8 65 722.0
8 67 630.0
8 70 58.0
8 71 386.0
8 72 10.0
8 73 364.0
8 74 18.0
8 75 14.0
8 76 61.0
8 80 50.0
8 81 1.0
8 86 25.0
8 87 361.0
8 89 276.0
8 90 24.0
8 93 7.0
8 94 1.0
8 95 32.0
8 96 13.0
8 97 25.0
8 98 24.0
8 99 33.0
8 101 5.0
8 103 14.0
8 106 41.0
9 17 1.0
9 18 1.0
9 26 7.0
9 50 1.0
9 52 1.0
9 56 3.0
9 58 4.0
9 67 1.0
9 69 3.0
9 86 2.0
9 89 1.0
9 93 1.0
9 100 6.0
10 12 3.0
10 47 9.0
10 70 1.0
10 77 11.0
10 92 1.0
11 5 12.0
11 8 10.0
11 24 1.0
11 26 1.0
11 36 2.0
11 41 1.0
11 42 1.0
11 44 2.0
11 49 2.0
11 57 4.0
11 65 3.0
11 67 5.0
11 71 1.0
11 72 1.0
11 73 1.0
11 80 1.0
11 87 1.0
11 89 6.0
11 95 2.0
11 106 1.0
12 10 3.0
12 14 1.0
12 36 1.0
12 47 3.0
12 65 1.0
12 77 19.0
13 14 4.0
13 18 1.0
13 24 1.0
13 34 2.0
13 65 3.0
13 67 2.0
13 71 1.0
13 73 3.0
13 80 1.0
13 89 5.0
13 96 2.0
14 0 7.0
14 2 4.0
14 3 4.0
14 5 33.0
14 6 5.0
14 7 32.0
14 8 1054.0
14 12 1.0
14 13 4.0
14 15 62.0
14 16 19.0
14 18 740.0
14 19 10.0
14 21 2.0
14 22 1.0
14 23 5.0
14 24 855.0
14 25 4.0
14 26 196.0
14 28 11.0
14 31 23.0
14 32 55.0
14 33 11.0
14 34 225.0
14 35 7.0
14 36 49.0
14 37 39.0
14 38 1.0
14 39 4.0
14 40 381.0
14 41 105.0
14 43 715.0
14 44 8.0
14 45 4.0
14 46 70.0
14 47 4.0
14 48 6.0
14 49 20.0
14 50 1.0
14 52 1.0
14 53 7.0
14 56 5.0
14 57 234.0
14 58 2.0
14 59 1.0
14 60 5.0
14 61 15.0
14 63 4.0
14 64 5.0
14 65 2066.0
14 67 1719.0
14 69 1.0
14 70 67.0
14 71 847.0
14 72 4.0
14 73 962.0
14 74 44.0
14 75 15.0
14 76 61.0
14 79 2.0
14 80 26.0
14 81 6.0
14 83 1.0
14 86 88.0
14 87 907.0
14 89 964.0
14 90 57.0
14 93 7.0
14 94 7.0
14 95 78.0
14 96 64.0
14 97 118.0
14 98 17.0
14 99 81.0
14 101 12.0
14 102 1.0
14 103 13.0
14 104 2.0
14 106 23.0
15 5 5.0
15 7 7.0
15 8 52.0
15 14 62.0
15 16 2.0
15 18 41.0
15 19 6.0
15 23 1.0
15 24 15.0
15 26 4.0
15 29 1.0
15 31 3.0
15 32 3.0
15 33 6.0
15 34 35.0
15 36 9.0
15 37 4.0
15 38 2.0
15 40 13.0
15 41 9.0
15 43 22.0
15 44 8.0
15 45 7.0
15 46 2.0
15 49 9.0
15 50 2.0
15 54 1.0
15 57 65.0
15 61 1.0
15 65 50.0
15 67 20.0
15 69 4.0
15 70 3.0
15 71 45.0
15 72 3.0
15 73 54.0
15 75 1.0
15 76 125.0
15 77 1.0
15 86 1.0
15 87 30.0
15 89 52.0
15 90 5.0
15 93 1.0
15 96 3.0
15 97 3.0
15 101 15.0
15 106 47.0
16 7 2.0
16 8 19.0
16 14 19.0
16 15 2.0
16 18 13.0
16 24 6.0
16 31 2.0
16 32 2.0
16 34 2.0
16 37 2.0
16 40 38.0
16 43 10.0
16 48 2.0
16 57 1.0
16 58 1.0
16 65 33.0
16 67 32.0
16 70 1.0
16 71 22.0
16 73 18.0
16 74 1.0
16 75 1.0
16 76 2.0
16 86 1.0
16 87 6.0
16 89 6.0
16 90 2.0
16 94 1.0
16 95 1.0
16 96 3.0
16 97 3.0
16 99 15.0
16 101 1.0
16 106 2.0
17 9 1.0
17 69 1.0
18 3 2.0
18 5 15.0
18 6 4.0
18 7 15.0
18 8 306.0
18 9 1.0
18 13 1.0
18 14 740.0
18 15 41.0
18 16 13.0
18 19 5.0
18 22 1.0
18 23 3.0
18 24 298.0
18 26 46.0
18 27 1.0
18 28 2.0
18 29 2.0
18 31 7.0
18 32 34.0
18 33 3.0
18 34 113.0
18 35 1.0
18 36 11.0
18 37 29.0
18 39 3.0
18 40 316.0
18 41 53.0
18 43 314.0
18 44 1.0
18 45 2.0
18 46 36.0
18 47 1.0
18 48 5.0
18 49 47.0
18 53 1.0
18 57 65.0
18 61 9.0
18 62 1.0
18 65 1038.0
18 67 435.0
18 70 15.0
18 71 439.0
18 72 4.0
18 73 723.0
18 74 83.0
18 75 19.0
18 76 50.0
18 80 6.0
18 81 4.0
18 86 23.0
18 87 348.0
18 88 1.0
18 89 278.0
18 90 38.0
18 93 3.0
18 94 3.0
18 95 23.0
18 96 12.0
18 97 34.0
18 98 1.0
18 99 19.0
18 101 20.0
18 103 7.0
18 106 21.0
19 5 50.0
19 6 1.0
19 8 3.0
19 14 10.0
19 15 6.0
19 18 5.0
19 24 2.0
19 26 6.0
19 33 10.0
19 34 1.0
19 40 4.0
19 41 11.0
19 43 1.0
19 57 101.0
19 61 5.0
19 65 2.0
19 67 3.0
19 73 5.0
19 75 7.0
19 76 9.0
19 79 2.0
19 80 3.0
19 86 1.0
19 87 2.0
19 89 1.0
19 93 10.0
19 99 1.0
19 101 7.0
19 106 1.0
20 7 2.0
20 49 2.0
20 70 5.0
21 8 3.0
21 14 2.0
21 36 1.0
21 43 2.0
21 65 1.0
21 73 1.0
21 76 2.0
21 87 1.0
21 89 1.0
21 104 2.0
22 14 1.0
22 18 1.0
22 89 4.0
23 7 1.0
23 8 1.0
23 14 5.0
23 15 1.0
23 18 3.0
23 26 15.0
23 34 2.0
23 40 1.0
23 41 1.0
23 57 9.0
23 67 3.0
23 73 2.0
23 76 2.0
23 87 1.0
23 90 1.0
24 0 1.0
24 3 2.0
24 4 1.0
24 5 9.0
24 7 6.0
24 8 333.0
24 11 1.0
24 13 1.0
24 14 855.0
24 15 15.0
24 16 6.0
24 18 298.0
24 19 2.0
24 25 2.0
24 26 32.0
24 28 1.0
24 31 22.0
24 32 44.0
24 34 62.0
24 35 2.0
24 36 4.0
24 37 25.0
24 38 1.0
24 40 215.0
24 41 32.0
24 43 388.0
24 44 7.0
24 45 4.0
24 46 34.0
24 49 2.0
24 57 170.0
24 60 1.0
24 61 11.0
24 63 1.0
24 64 8.0
24 65 1228.0
24 67 676.0
24 70 40.0
24 71 361.0
24 73 364.0
24 74 19.0
24 75 3.0
24 76 27.0
24 80 4.0
24 86 32.0
24 87 286.0
24 89 393.0
24 90 25.0
24 93 3.0
24 95 12.0
24 96 26.0
24 97 38.0
24 98 6.0
24 99 24.0
24 101 2.0
24 102 1.0
24 103 8.0
24 106 7.0
25 8 1.0
25 14 4.0
25 24 2.0
25 26 1.0
25 39 1.0
25 40 1.0
25 43 3.0
25 57 1.0
25 65 3.0
25 67 2.0
25 71 3.0
25 73 1.0
25 87 1.0
25 89 1.0
25 95 1.0
26 5 16.0
26 8 98.0
26 9 7.0
26 11 1.0
26 14 196.0
26 15 4.0
26 18 46.0
26 19 6.0
26 23 15.0
26 24 32.0
26 25 1.0
26 31 1.0
26 32 1.0
26 33 3.0
26 34 18.0
26 37 1.0
26 38 1.0
26 39 1.0
26 40 20.0
26 41 12.0
26 43 16.0
26 44 7.0
26 46 1.0
26 51 2.0
26 57 66.0
26 59 2.0
26 61 2.0
26 63 3.0
26 65 64.0
26 67 58.0
26 69 1.0
26 70 1.0
26 71 40.0
26 72 1.0
26 73 41.0
26 74 3.0
26 75 9.0
26 76 10.0
26 79 2.0
26 80 6.0
26 86 9.0
26 87 64.0
26 89 25.0
26 90 1.0
26 93 4.0
26 96 1.0
26 97 7.0
26 98 2.0
26 101 2.0
26 103 3.0
26 106 1.0
27 18 1.0
27 34 1.0
27 87 2.0
28 8 6.0
28 14 11.0
28 18 2.0
28 24 1.0
28 34 3.0
28 36 1.0
28 37 5.0
28 40 7.0
28 41 1.0
28 43 4.0
28 57 2.0
28 65 5.0
28 67 5.0
28 71 7.0
28 73 11.0
28 74 1.0
28 76 1.0
28 86 3.0
28 89 7.0
28 90 1.0
28 93 1.0
28 97 1.0
29 15 1.0
29 18 2.0
29 40 2.0
29 43 2.0
29 49 2.0
29 61 1.0
29 65 1.0
29 71 2.0
29 87 4.0
29 89 12.0
29 98 1.0
30 49 1.0
30 51 2.0
30 72 1.0
31 8 8.0
31 14 23.0
31 15 3.0
31 16 2.0
31 18 7.0
31 24 22.0
31 26 1.0
31 32 5.0
31 34 1.0
31 37 3.0
31 40 10.0
31 41 5.0
31 43 14.0
31 46 2.0
31 57 9.0
31 65 29.0
31 67 36.0
31 70 1.0
31 71 18.0
31 73 21.0
31 76 1.0
31 86 10.0
31 87 27.0
31 89 33.0
31 90 2.0
31 96 10.0
31 97 10.0
31 98 2.0
31 99 1.0
32 0 1.0
32 7 1.0
32 8 40.0
32 14 55.0
32 15 3.0
32 16 2.0
32 18 34.0
32 24 44.0
32 26 1.0
32 31 5.0
32 34 14.0
32 36 1.0
32 37 8.0
32 40 63.0
32 41 4.0
32 43 36.0
32 46 35.0
32 57 6.0
32 58 1.0
32 65 91.0
32 66 1.0
32 67 85.0
32 71 24.0
32 73 33.0
32 75 1.0
32 80 2.0
32 86 2.0
32 87 36.0
32 89 35.0
32 90 1.0
32 93 1.0
32 95 11.0
32 96 8.0
32 97 5.0
32 99 5.0
32 106 1.0
33 8 10.0
33 14 11.0
33 15 6.0
33 18 3.0
33 19 10.0
33 26 3.0
33 37 1.0
33 40 1.0
33 41 1.0
33 43 1.0
33 44 1.0
33 49 1.0
33 57 20.0
33 65 1.0
33 67 2.0
33 71 3.0
33 73 2.0
33 75 8.0
33 76 13.0
33 80 1.0
33 86 1.0
33 87 3.0
33 89 1.0
33 101 13.0
33 106 3.0
34 0 1.0
34 2 1.0
34 3 6.0
34 5 4.0
34 6 4.0
34 7 3.0
34 8 122.0
34 13 2.0
34 14 225.0
34 15 35.0
34 16 2.0
34 18 113.0
34 19 1.0
34 23 2.0
34 24 62.0
34 26 18.0
34 27 1.0
34 28 3.0
34 31 1.0
34 32 14.0
34 36 1.0
34 37 9.0
34 39 1.0
34 40 80.0
34 41 13.0
34 43 66.0
34 44 5.0
34 49 11.0
34 50 1.0
34 56 1.0
34 57 26.0
34 58 2.0
34 64 1.0
34 65 204.0
34 67 110.0
34 70 1.0
34 71 288.0
34 72 1.0
34 73 109.0
34 74 31.0
34 75 1.0
34 76 12.0
34 80 1.0
34 81 2.0
34 86 10.0
34 87 127.0
34 89 84.0
34 90 8.0
34 93 1.0
34 95 4.0
34 96 1.0
34 97 19.0
34 98 3.0
34 99 10.0
34 103 1.0
34 106 2.0
35 8 5.0
35 14 7.0
35 18 1.0
35 24 2.0
35 43 1.0
35 57 1.0
35 65 1.0
35 67 3.0
35 71 2.0
35 73 4.0
36 2 1.0
36 3 1.0
36 5 25.0
36 7 2.0
36 8 35.0
36 11 2.0
36 12 1.0
36 14 49.0
36 15 9.0
36 18 11.0
36 21 1.0
36 24 4.0
36 28 1.0
36 32 1.0
36 34 1.0
36 40 7.0
36 41 4.0
36 43 10.0
36 49 24.0
36 56 2.0
36 57 2.0
36 61 2.0
36 65 32.0
36 67 32.0
36 69 1.0
36 70 42.0
36 71 5.0
36 72 3.0
36 73 27.0
36 74 1.0
36 76 1.0
36 87 26.0
36 89 27.0
36 90 2.0
36 93 2.0
36 97 1.0
36 99 3.0
36 106 3.0
37 3 2.0
37 5 2.0
37 7 2.0
37 8 33.0
37 14 39.0
37 15 4.0
37 16 2.0
37 18 29.0
37 24 25.0
37 26 1.0
37 28 5.0
37 31 3.0
37 32 8.0
37 33 1.0
37 34 9.0
37 38 2.0
37 40 15.0
37 41 7.0
37 43 40.0
37 45 2.0
37 46 13.0
37 53 1.0
37 57 8.0
37 65 51.0
37 67 26.0
37 71 31.0
37 73 77.0
37 74 6.0
37 76 2.0
37 80 2.0
37 86 14.0
37 87 25.0
37 89 26.0
37 90 9.0
37 93 1.0
37 95 1.0
37 96 12.0
37 97 22.0
37 99 7.0
37 101 3.0
37 106 2.0
38 6 1.0
38 8 6.0
38 14 1.0
38 15 2.0
38 24 1.0
38 26 1.0
38 37 2.0
38 41 1.0
38 45 1.0
38 46 1.0
38 67 2.0
38 71 4.0
38 73 2.0
38 75 1.0
38 80 4.0
38 81 4.0
38 89 2.0
38 104 1.0
39 5 1.0
39 8 2.0
39 14 4.0
39 18 3.0
39 25 1.0
39 26 1.0
39 34 1.0
39 43 1.0
39 46 2.0
39 71 2.0
40 0 2.0
40 3 1.0
40 5 5.0
40 6 1.0
40 7 15.0
40 8 171.0
40 14 381.0
40 15 13.0
40 16 38.0
40 18 316.0
40 19 4.0
40 23 1.0
40 24 215.0
40 25 1.0
40 26 20.0
40 28 7.0
40 29 2.0
40 31 10.0
40 32 63.0
40 33 1.0
40 34 80.0
40 36 7.0
40 37 15.0
40 41 20.0
40 43 197.0
40 44 1.0
40 46 48.0
40 49 13.0
40 57 39.0
40 60 2.0
40 64 3.0
40 65 445.0
40 67 244.0
40 70 5.0
40 71 314.0
40 72 6.0
40 73 437.0
40 74 22.0
40 75 8.0
40 76 23.0
40 80 8.0
40 86 26.0
40 87 231.0
40 89 163.0
40 90 23.0
40 93 6.0
40 95 22.0
40 96 17.0
40 97 39.0
40 98 8.0
40 99 17.0
40 101 4.0
40 102 2.0
40 106 5.0
41 0 1.0
41 5 20.0
41 7 41.0
41 8 55.0
41 11 1.0
41 14 105.0
41 15 9.0
41 18 53.0
41 19 11.0
41 23 1.0
41 24 32.0
41 26 12.0
41 28 1.0
41 31 5.0
41 32 4.0
41 33 1.0
41 34 13.0
41 36 4.0
41 37 7.0
41 38 1.0
41 40 20.0
41 43 46.0
41 44 1.0
41 45 1.0
41 46 3.0
41 49 1.0
41 57 65.0
41 61 2.0
41 65 92.0
41 67 40.0
41 70 12.0
41 71 62.0
41 72 6.0
41 73 82.0
41 74 12.0
41 75 3.0
41 76 5.0
41 81 1.0
41 86 9.0
41 87 193.0
41 89 186.0
41 90 8.0
41 93 30.0
41 95 6.0
41 96 2.0
41 97 5.0
41 98 1.0
41 99 8.0
41 102 1.0
41 106 5.0
42 11 1.0
42 49 2.0
42 87 1.0
43 0 1.0
43 5 10.0
43 7 27.0
43 8 203.0
43 14 715.0
43 15 22.0
43 16 10.0
43 18 314.0
43 19 1.0
43 21 2.0
43 24 388.0
43 25 3.0
43 26 16.0
43 28 4.0
43 29 2.0
43 31 14.0
43 32 36.0
43 33 1.0
43 34 66.0
43 35 1.0
43 36 10.0
43 37 40.0
43 39 1.0
43 40 197.0
43 41 46.0
43 44 2.0
43 46 47.0
43 47 1.0
43 49 7.0
43 56 1.0
43 57 71.0
43 58 1.0
43 60 1.0
43 61 3.0
43 62 1.0
43 65 878.0
43 66 1.0
43 67 349.0
43 70 7.0
43 71 355.0
43 72 2.0
43 73 672.0
43 74 31.0
43 75 2.0
43 76 9.0
43 80 3.0
43 81 1.0
43 86 95.0
43 87 498.0
43 89 300.0
43 90 38.0
43 93 21.0
43 94 3.0
43 95 5.0
43 96 24.0
43 97 55.0
43 98 2.0
43 99 17.0
43 102 6.0
43 106 7.0
44 3 1.0
44 8 15.0
44 11 2.0
44 14 8.0
44 15 8.0
44 18 1.0
44 24 7.0
44 26 7.0
44 33 1.0
44 34 5.0
44 40 1.0
44 41 1.0
44 43 2.0
44 49 6.0
44 57 107.0
44 61 3.0
44 65 11.0
44 67 7.0
44 70 2.0
44 71 11.0
44 73 6.0
44 74 1.0
44 75 1.0
44 76 10.0
44 80 8.0
44 81 2.0
44 86 1.0
44 87 1.0
44 89 3.0
44 93 1.0
44 101 52.0
44 106 1.0
45 6 1.0
45 8 2.0
45 14 4.0
45 15 7.0
45 18 2.0
45 24 4.0
45 37 2.0
45 38 1.0
45 41 1.0
45 57 6.0
45 65 3.0
45 67 2.0
45 70 1.0
45 71 1.0
45 73 3.0
45 74 1.0
45 75 1.0
45 76 5.0
45 89 1.0
45 90 2.0
45 99 1.0
45 106 4.0
46 3 1.0
46 7 1.0
46 8 25.0
46 14 70.0
46 15 2.0
46 18 36.0
46 24 34.0
46 26 1.0
46 31 2.0
46 32 35.0
46 37 13.0
46 38 1.0
46 39 2.0
46 40 48.0
46 41 3.0
46 43 47.0
46 49 4.0
46 57 1.0
46 61 6.0
46 64 1.0
46 65 75.0
46 67 65.0
46 71 29.0
46 73 47.0
46 76 1.0
46 86 1.0
46 87 19.0
46 89 34.0
46 90 1.0
46 95 16.0
46 96 2.0
46 97 8.0
46 99 5.0
46 106 2.0
47 7 3.0
47 8 2.0
47 10 9.0
47 12 3.0
47 14 4.0
47 18 1.0
47 43 1.0
47 49 1.0
47 57 1.0
47 65 5.0
47 70 2.0
47 71 1.0
47 72 1.0
47 73 2.0
47 76 1.0
47 77 29.0
47 87 1.0
47 89 2.0
47 92 4.0
48 5 2.0
48 8 8.0
48 14 6.0
48 16 2.0
48 18 5.0
48 65 1.0
48 67 2.0
48 73 3.0
48 80 1.0
49 0 1.0
49 5 3.0
49 7 5.0
49 8 18.0
49 11 2.0
49 14 20.0
49 15 9.0
49 18 47.0
49 20 2.0
49 24 2.0
49 29 2.0
49 30 1.0
49 33 1.0
49 34 11.0
49 36 24.0
49 40 13.0
49 41 1.0
49 42 2.0
49 43 7.0
49 44 6.0
49 46 4.0
49 47 1.0
49 50 1.0
49 57 6.0
49 59 5.0
49 61 1.0
49 62 3.0
49 65 70.0
49 67 4.0
49 69 12.0
49 70 11.0
49 71 4.0
49 72 61.0
49 73 48.0
49 74 1.0
49 75 1.0
49 76 2.0
49 79 1.0
49 87 26.0
49 89 31.0
49 93 2.0
49 98 1.0
49 102 1.0
49 106 10.0
50 9 1.0
50 14 1.0
50 15 2.0
50 34 1.0
50 49 1.0
50 56 2.0
50 58 1.0
50 65 1.0
50 72 1.0
51 26 2.0
51 30 2.0
51 72 2.0
51 73 1.0
52 2 2.0
52 8 1.0
52 9 1.0
52 14 1.0
52 56 1.0
52 58 1.0
52 68 2.0
52 72 1.0
52 100 1.0
53 8 3.0
53 14 7.0
53 18 1.0
53 37 1.0
53 57 1.0
53 67 2.0
53 71 4.0
53 80 2.0
53 86 4.0
53 87 1.0
53 89 1.0
53 90 2.0
54 15 1.0
54 57 1.0
54 106 1.0
55 8 3.0
55 67 1.0
55 81 1.0
56 2 3.0
56 8 1.0
56 9 3.0
56 14 5.0
56 34 1.0
56 36 2.0
56 43 1.0
56 50 2.0
56 52 1.0
56 58 5.0
56 65 2.0
56 69 1.0
56 70 2.0
56 72 1.0
56 89 3.0
56 105 2.0
57 0 5.0
57 5 207.0
57 6 1.0
57 7 9.0
57 8 310.0
57 11 4.0
57 14 234.0
57 15 65.0
57 16 1.0
57 18 65.0
57 19 101.0
57 23 9.0
57 24 170.0
57 25 1.0
57 26 66.0
57 28 2.0
57 31 9.0
57 32 6.0
57 33 20.0
57 34 26.0
57 35 1.0
57 36 2.0
57 37 8.0
57 40 39.0
57 41 65.0
57 43 71.0
57 44 107.0
57 45 6.0
57 46 1.0
57 47 1.0
57 49 6.0
57 53 1.0
57 54 1.0
57 58 1.0
57 61 89.0
57 65 203.0
57 67 87.0
57 70 2.0
57 71 101.0
57 72 10.0
57 73 140.0
57 74 16.0
57 75 26.0
57 76 61.0
57 79 3.0
57 80 230.0
57 81 61.0
57 86 13.0
57 87 95.0
57 89 84.0
57 90 15.0
57 93 41.0
57 94 1.0
57 95 6.0
57 96 2.0
57 97 6.0
57 98 4.0
57 99 8.0
57 101 6.0
57 103 6.0
57 106 20.0
58 5 2.0
58 8 2.0
58 9 4.0
58 14 2.0
58 16 1.0
58 32 1.0
58 34 2.0
58 43 1.0
58 50 1.0
58 52 1.0
58 56 5.0
58 57 1.0
58 65 1.0
58 66 1.0
58 87 1.0
58 97 2.0
58 105 2.0
59 14 1.0
59 26 2.0
59 49 5.0
59 69 1.0
59 72 1.0
59 87 1.0
60 5 3.0
60 7 2.0
60 8 1.0
60 14 5.0
60 24 1.0
60 40 2.0
60 43 1.0
60 61 1.0
60 65 2.0
60 70 21.0
60 71 1.0
60 102 5.0
61 0 3.0
61 5 10.0
61 8 33.0
61 14 15.0
61 15 1.0
61 18 9.0
61 19 5.0
61 24 11.0
61 26 2.0
61 29 1.0
61 36 2.0
61 41 2.0
61 43 3.0
61 44 3.0
61 46 6.0
61 49 1.0
61 57 89.0
61 60 1.0
61 65 8.0
61 67 4.0
61 71 8.0
61 73 8.0
61 75 1.0
61 76 7.0
61 80 1.0
61 87 2.0
61 89 8.0
61 93 2.0
61 95 8.0
61 99 2.0
61 103 5.0
61 106 4.0
62 18 1.0
62 43 1.0
62 49 3.0
62 65 2.0
62 69 2.0
62 72 15.0
63 14 4.0
63 24 1.0
63 26 3.0
63 73 1.0
63 89 1.0
64 8 3.0
64 14 5.0
64 24 8.0
64 34 1.0
64 40 3.0
64 46 1.0
64 65 7.0
64 67 1.0
64 73 2.0
64 89 3.0
64 97 1.0
64 99 1.0
65 0 5.0
65 2 2.0
65 3 6.0
65 5 24.0
65 7 26.0
65 8 722.0
65 11 3.0
65 12 1.0
65 13 3.0
65 14 2066.0
65 15 50.0
65 16 33.0
65 18 1038.0
65 19 2.0
65 21 1.0
65 24 1228.0
65 25 3.0
65 26 64.0
65 28 5.0
65 29 1.0
65 31 29.0
65 32 91.0
65 33 1.0
65 34 204.0
65 35 1.0
65 36 32.0
65 37 51.0
65 40 445.0
65 41 92.0
65 43 878.0
65 44 11.0
65 45 3.0
65 46 75.0
65 47 5.0
65 48 1.0
65 49 70.0
65 50 1.0
65 56 2.0
65 57 203.0
65 58 1.0
65 60 2.0
65 61 8.0
65 62 2.0
65 64 7.0
65 66 1.0
65 67 1050.0
65 69 2.0
65 70 35.0
65 71 830.0
65 72 6.0
65 73 1346.0
65 74 76.0
65 75 17.0
65 76 38.0
65 80 10.0
65 81 2.0
65 86 75.0
65 87 1015.0
65 89 820.0
65 90 48.0
65 92 6.0
65 93 3.0
65 94 3.0
65 95 36.0
65 96 58.0
65 97 109.0
65 98 15.0
65 99 45.0
65 101 3.0
65 103 4.0
65 106 31.0
66 32 1.0
66 43 1.0
66 58 1.0
66 65 1.0
67 0 3.0
67 3 3.0
67 5 11.0
67 6 3.0
67 7 10.0
67 8 630.0
67 9 1.0
67 11 5.0
67 13 2.0
67 14 1719.0
67 15 20.0
67 16 32.0
67 18 435.0
67 19 3.0
67 23 3.0
67 24 676.0
67 25 2.0
67 26 58.0
67 28 5.0
67 31 36.0
67 32 85.0
67 33 2.0
67 34 110.0
67 35 3.0
67 36 32.0
67 37 26.0
67 38 2.0
67 40 244.0
67 41 40.0
67 43 349.0
67 44 7.0
67 45 2.0
67 46 65.0
67 48 2.0
67 49 4.0
67 53 2.0
67 55 1.0
67 57 87.0
67 61 4.0
67 64 1.0
67 65 1050.0
67 70 15.0
67 71 787.0
67 72 21.0
67 73 455.0
67 74 23.0
67 75 16.0
67 76 46.0
67 80 16.0
67 86 28.0
67 87 696.0
67 89 598.0
67 90 29.0
67 92 3.0
67 93 7.0
67 94 5.0
67 95 47.0
67 96 30.0
67 97 44.0
67 98 13.0
67 99 59.0
67 101 3.0
67 103 4.0
67 104 2.0
67 106 22.0
67 107 1.0
68 52 2.0
69 9 3.0
69 14 1.0
69 15 4.0
69 17 1.0
69 26 1.0
69 36 1.0
69 49 12.0
69 56 1.0
69 59 1.0
69 62 2.0
69 65 2.0
69 71 1.0
69 72 13.0
69 76 1.0
69 93 1.0
70 5 18.0
70 7 9.0
70 8 58.0
70 10 1.0
70 14 67.0
70 15 3.0
70 16 1.0
70 18 15.0
70 20 5.0
70 24 40.0
70 26 1.0
70 31 1.0
70 34 1.0
70 36 42.0
70 40 5.0
70 41 12.0
70 43 7.0
70 44 2.0
70 45 1.0
70 47 2.0
70 49 11.0
70 56 2.0
70 57 2.0
70 60 21.0
70 65 35.0
70 67 15.0
70 71 5.0
70 72 6.0
70 73 21.0
70 75 5.0
70 76 3.0
70 81 1.0
70 86 1.0
70 87 57.0
70 89 17.0
70 93 8.0
70 98 1.0
70 102 18.0
70 106 13.0
71 0 12.0
71 2 1.0
71 5 8.0
71 6 1.0
71 7 26.0
71 8 386.0
71 11 1.0
71 13 1.0
71 14 847.0
71 15 45.0
71 16 22.0
71 18 439.0
71 24 361.0
71 25 3.0
71 26 40.0
71 28 7.0
71 29 2.0
71 31 18.0
71 32 24.0
71 33 3.0
71 34 288.0
71 35 2.0
71 36 5.0
71 37 31.0
71 38 4.0
71 39 2.0
71 40 314.0
71 41 62.0
71 43 355.0
71 44 11.0
71 45 1.0
71 46 29.0
71 47 1.0
71 49 4.0
71 53 4.0
71 57 101.0
71 60 1.0
71 61 8.0
71 65 830.0
71 67 787.0
71 69 1.0
71 70 5.0
71 72 2.0
71 73 551.0
71 74 65.0
71 75 9.0
71 76 21.0
71 80 7.0
71 81 1.0
71 86 52.0
71 87 389.0
71 89 364.0
71 90 38.0
71 93 6.0
71 94 1.0
71 95 19.0
71 96 21.0
71 97 44.0
71 98 2.0
71 99 21.0
71 101 10.0
71 103 1.0
71 106 7.0
72 0 1.0
72 2 1.0
72 3 1.0
72 8 10.0
72 11 1.0
72 14 4.0
72 15 3.0
72 18 4.0
72 26 1.0
72 30 1.0
72 34 1.0
72 36 3.0
72 40 6.0
72 41 6.0
72 43 2.0
72 47 1.0
72 49 61.0
72 50 1.0
72 51 2.0
72 52 1.0
72 56 1.0
72 57 10.0
72 59 1.0
72 62 15.0
72 65 6.0
72 67 21.0
72 69 13.0
72 70 6.0
72 71 2.0
72 73 8.0
72 86 4.0
72 87 3.0
72 89 23.0
72 95 2.0
72 100 3.0
73 0 3.0
73 1 1.0
73 3 4.0
73 5 13.0
73 6 1.0
73 7 41.0
73 8 364.0
73 11 1.0
73 13 3.0
73 14 962.0
73 15 54.0
73 16 18.0
73 18 723.0
73 19 5.0
73 21 1.0
73 23 2.0
73 24 364.0
73 25 1.0
73 26 41.0
73 28 11.0
73 31 21.0
73 32 33.0
73 33 2.0
73 34 109.0
73 35 4.0
73 36 27.0
73 37 77.0
73 38 2.0
73 40 437.0
73 41 82.0
73 43 672.0
73 44 6.0
73 45 3.0
73 46 47.0
73 47 2.0
73 48 3.0
73 49 48.0
73 51 1.0
73 57 140.0
73 61 8.0
73 63 1.0
73 64 2.0
73 65 1346.0
73 67 455.0
73 70 21.0
73 71 551.0
73 72 8.0
73 74 164.0
73 75 11.0
73 76 46.0
73 80 8.0
73 81 1.0
73 83 1.0
73 86 144.0
73 87 686.0
73 89 352.0
73 90 68.0
73 93 15.0
73 94 9.0
73 95 21.0
73 96 37.0
73 97 106.0
73 98 3.0
73 99 14.0
73 101 2.0
73 102 4.0
73 103 1.0
73 106 20.0
74 2 1.0
74 5 1.0
74 7 19.0
74 8 18.0
74 14 44.0
74 16 1.0
74 18 83.0
74 24 19.0
74 26 3.0
74 28 1.0
74 34 31.0
74 36 1.0
74 37 6.0
74 40 22.0
74 41 12.0
74 43 31.0
74 44 1.0
74 45 1.0
74 49 1.0
74 57 16.0
74 65 76.0
74 67 23.0
74 71 65.0
74 73 164.0
74 75 5.0
74 76 1.0
74 80 1.0
74 86 10.0
74 87 53.0
74 89 22.0
74 90 12.0
74 93 3.0
74 96 2.0
74 97 4.0
74 106 1.0
75 5 10.0
75 8 14.0
75 14 15.0
75 15 1.0
75 16 1.0
75 18 19.0
75 19 7.0
75 24 3.0
75 26 9.0
75 32 1.0
75 33 8.0
75 34 1.0
75 38 1.0
75 40 8.0
75 41 3.0
75 43 2.0
75 44 1.0
75 45 1.0
75 49 1.0
75 57 26.0
75 61 1.0
75 65 17.0
75 67 16.0
75 70 5.0
75 71 9.0
75 73 11.0
75 74 5.0
75 76 6.0
75 79 1.0
75 80 1.0
75 81 1.0
75 87 18.0
75 89 5.0
75 93 2.0
75 101 16.0
76 5 1.0
76 7 2.0
76 8 61.0
76 14 61.0
76 15 125.0
76 16 2.0
76 18 50.0
76 19 9.0
76 21 2.0
76 23 2.0
76 24 27.0
76 26 10.0
76 28 1.0
76 31 1.0
76 33 13.0
76 34 12.0
76 36 1.0
76 37 2.0
76 40 23.0
76 41 5.0
76 43 9.0
76 44 10.0
76 45 5.0
76 46 1.0
76 47 1.0
76 49 2.0
76 57 61.0
76 61 7.0
76 65 38.0
76 67 46.0
76 69 1.0
76 70 3.0
76 71 21.0
76 73 46.0
76 74 1.0
76 75 6.0
76 79 1.0
76 80 3.0
76 86 2.0
76 87 20.0
76 89 40.0
76 90 4.0
76 93 4.0
76 95 1.0
76 96 1.0
76 97 4.0
76 101 36.0
76 106 26.0
77 10 11.0
77 12 19.0
77 15 1.0
77 47 29.0
77 92 5.0
77 106 2.0
79 14 2.0
79 19 2.0
79 26 2.0
79 49 1.0
79 57 3.0
79 75 1.0
79 76 1.0
79 89 1.0
80 5 3.0
80 8 50.0
80 11 1.0
80 13 1.0
80 14 26.0
80 18 6.0
80 19 3.0
80 24 4.0
80 26 6.0
80 32 2.0
80 33 1.0
80 34 1.0
80 37 2.0
80 38 4.0
80 40 8.0
80 43 3.0
80 44 8.0
80 48 1.0
80 53 2.0
80 57 230.0
80 61 1.0
80 65 10.0
80 67 16.0
80 71 7.0
80 73 8.0
80 74 1.0
80 75 1.0
80 76 3.0
80 87 3.0
80 89 9.0
81 5 1.0
81 8 1.0
81 14 6.0
81 18 4.0
81 34 2.0
81 38 4.0
81 41 1.0
81 43 1.0
81 44 2.0
81 55 1.0
81 57 61.0
81 65 2.0
81 70 1.0
81 71 1.0
81 73 1.0
81 75 1.0
81 89 1.0
81 96 1.0
83 14 1.0
83 73 1.0
84 89 2.0
85 96 1.0
86 0 1.0
86 3 1.0
86 7 6.0
86 8 25.0
86 9 2.0
86 14 88.0
86 15 1.0
86 16 1.0
86 18 23.0
86 19 1.0
86 24 32.0
86 26 9.0
86 28 3.0
86 31 10.0
86 32 2.0
86 33 1.0
86 34 10.0
86 37 14.0
86 40 26.0
86 41 9.0
86 43 95.0
86 44 1.0
86 46 1.0
86 53 4.0
86 57 13.0
86 65 75.0
86 67 28.0
86 70 1.0
86 71 52.0
86 72 4.0
86 73 144.0
86 74 10.0
86 76 2.0
86 87 129.0
86 89 17.0
86 90 9.0
86 93 5.0
86 95 2.0
86 96 6.0
86 97 13.0
86 98 3.0
86 106 1.0
87 0 10.0
87 3 2.0
87 5 12.0
87 7 177.0
87 8 361.0
87 11 1.0
87 14 907.0
87 15 30.0
87 16 6.0
87 18 348.0
87 19 2.0
87 21 1.0
87 23 1.0
87 24 286.0
87 25 1.0
87 26 64.0
87 27 2.0
87 29 4.0
87 31 27.0
87 32 36.0
87 33 3.0
87 34 127.0
87 36 26.0
87 37 25.0
87 40 231.0
87 41 193.0
87 42 1.0
87 43 498.0
87 44 1.0
87 46 19.0
87 47 1.0
87 49 26.0
87 53 1.0
87 57 95.0
87 58 1.0
87 59 1.0
87 61 2.0
87 65 1015.0
87 67 696.0
87 70 57.0
87 71 389.0
87 72 3.0
87 73 686.0
87 74 53.0
87 75 18.0
87 76 20.0
87 80 3.0
87 86 129.0
87 89 1066.0
87 90 44.0
87 93 57.0
87 94 7.0
87 95 10.0
87 96 34.0
87 97 62.0
87 99 17.0
87 101 2.0
87 102 7.0
87 104 1.0
87 106 15.0
88 18 1.0
89 0 30.0
89 3 86.0
89 4 1.0
89 5 19.0
89 7 55.0
89 8 276.0
89 9 1.0
89 11 6.0
89 13 5.0
89 14 964.0
89 15 52.0
89 16 6.0
89 18 278.0
89 19 1.0
89 21 1.0
89 22 4.0
89 24 393.0
89 25 1.0
89 26 25.0
89 28 7.0
89 29 12.0
89 31 33.0
89 32 35.0
89 33 1.0
89 34 84.0
89 36 27.0
89 37 26.0
89 38 2.0
89 40 163.0
89 41 186.0
89 43 300.0
89 44 3.0
89 45 1.0
89 46 34.0
89 47 2.0
89 49 31.0
89 53 1.0
89 56 3.0
89 57 84.0
89 61 8.0
89 63 1.0
89 64 3.0
89 65 820.0
89 67 598.0
89 70 17.0
89 71 364.0
89 72 23.0
89 73 352.0
89 74 22.0
89 75 5.0
89 76 40.0
89 79 1.0
89 80 9.0
89 81 1.0
89 84 2.0
89 86 17.0
89 87 1066.0
89 90 18.0
89 93 1.0
89 95 28.0
89 96 28.0
89 97 25.0
89 98 8.0
89 99 29.0
89 101 2.0
89 106 11.0
90 3 1.0
90 7 5.0
90 8 24.0
90 14 57.0
90 15 5.0
90 16 2.0
90 18 38.0
90 23 1.0
90 24 25.0
90 26 1.0
90 28 1.0
90 31 2.0
90 32 1.0
90 34 8.0
90 36 2.0
90 37 9.0
90 40 23.0
90 41 8.0
90 43 38.0
90 45 2.0
90 46 1.0
90 53 2.0
90 57 15.0
90 65 48.0
90 67 29.0
90 71 38.0
90 73 68.0
90 74 12.0
90 76 4.0
90 86 9.0
90 87 44.0
90 89 18.0
90 95 1.0
90 96 1.0
90 97 4.0
90 99 2.0
90 106 2.0
91 2 1.0
92 10 1.0
92 47 4.0
92 65 6.0
92 67 3.0
92 77 5.0
93 5 21.0
93 7 36.0
93 8 7.0
93 9 1.0
93 14 7.0
93 15 1.0
93 18 3.0
93 19 10.0
93 24 3.0
93 26 4.0
93 28 1.0
93 32 1.0
93 34 1.0
93 36 2.0
93 37 1.0
93 40 6.0
93 41 30.0
93 43 21.0
93 44 1.0
93 49 2.0
93 57 41.0
93 61 2.0
93 65 3.0
93 67 7.0
93 69 1.0
93 70 8.0
93 71 6.0
93 73 15.0
93 74 3.0
93 75 2.0
93 76 4.0
93 86 5.0
93 87 57.0
93 89 1.0
93 95 1.0
93 99 1.0
93 102 13.0
93 106 2.0
94 7 1.0
94 8 1.0
94 14 7.0
94 16 1.0
94 18 3.0
94 43 3.0
94 57 1.0
94 65 3.0
94 67 5.0
94 71 1.0
94 73 9.0
94 87 7.0
94 95 4.0
94 99 1.0
95 8 32.0
95 11 2.0
95 14 78.0
95 16 1.0
95 18 23.0
95 24 12.0
95 25 1.0
95 32 11.0
95 34 4.0
95 37 1.0
95 40 22.0
95 41 6.0
95 43 5.0
95 46 16.0
95 57 6.0
95 61 8.0
95 65 36.0
95 67 47.0
95 71 19.0
95 72 2.0
95 73 21.0
95 76 1.0
95 86 2.0
95 87 10.0
95 89 28.0
95 90 1.0
95 93 1.0
95 94 4.0
95 97 1.0
95 99 8.0
95 101 1.0
95 103 2.0
95 106 1.0
96 5 2.0
96 8 13.0
96 13 2.0
96 14 64.0
96 15 3.0
96 16 3.0
96 18 12.0
96 24 26.0
96 26 1.0
96 31 10.0
96 32 8.0
96 34 1.0
96 37 12.0
96 40 17.0
96 41 2.0
96 43 24.0
96 46 2.0
96 57 2.0
96 65 58.0
96 67 30.0
96 71 21.0
96 73 37.0
96 74 2.0
96 76 1.0
96 81 1.0
96 85 1.0
96 86 6.0
96 87 34.0
96 89 28.0
96 90 1.0
96 97 34.0
96 99 5.0
97 4 1.0
97 5 1.0
97 7 1.0
97 8 25.0
97 14 118.0
97 15 3.0
97 16 3.0
97 18 34.0
97 24 38.0
97 26 7.0
97 28 1.0
97 31 10.0
97 32 5.0
97 34 19.0
97 36 1.0
97 37 22.0
97 40 39.0
97 41 5.0
97 43 55.0
97 46 8.0
97 57 6.0
97 58 2.0
97 64 1.0
97 65 109.0
97 67 44.0
97 71 44.0
97 73 106.0
97 74 4.0
97 76 4.0
97 86 13.0
97 87 62.0
97 89 25.0
97 90 4.0
97 95 1.0
97 96 34.0
97 98 1.0
97 99 3.0
97 102 1.0
98 2 1.0
98 8 24.0
98 14 17.0
98 18 1.0
98 24 6.0
98 26 2.0
98 29 1.0
98 31 2.0
98 34 3.0
98 40 8.0
98 41 1.0
98 43 2.0
98 49 1.0
98 57 4.0
98 65 15.0
98 67 13.0
98 70 1.0
98 71 2.0
98 73 3.0
98 86 3.0
98 89 8.0
98 97 1.0
98 99 1.0
99 5 1.0
99 7 1.0
99 8 33.0
99 14 81.0
99 16 15.0
99 18 19.0
99 19 1.0
99 24 24.0
99 31 1.0
99 32 5.0
99 34 10.0
99 36 3.0
99 37 7.0
99 40 17.0
99 41 8.0
99 43 17.0
99 45 1.0
99 46 5.0
99 57 8.0
99 61 2.0
99 64 1.0
99 65 45.0
99 67 59.0
99 71 21.0
99 73 14.0
99 87 17.0
99 89 29.0
99 90 2.0
99 93 1.0
99 94 1.0
99 95 8.0
99 96 5.0
99 97 3.0
99 98 1.0
99 106 2.0
100 9 6.0
100 52 1.0
100 72 3.0
101 8 5.0
101 14 12.0
101 15 15.0
101 16 1.0
101 18 20.0
101 19 7.0
101 24 2.0
101 26 2.0
101 33 13.0
101 37 3.0
101 40 4.0
101 44 52.0
101 57 6.0
101 65 3.0
101 67 3.0
101 71 10.0
101 73 2.0
101 75 16.0
101 76 36.0
101 87 2.0
101 89 2.0
101 95 1.0
101 106 1.0
102 7 4.0
102 14 1.0
102 24 1.0
102 40 2.0
102 41 1.0
102 43 6.0
102 49 1.0
102 60 5.0
102 70 18.0
102 73 4.0
102 87 7.0
102 93 13.0
102 97 1.0
103 8 14.0
103 14 13.0
103 18 7.0
103 24 8.0
103 26 3.0
103 34 1.0
103 57 6.0
103 61 5.0
103 65 4.0
103 67 4.0
103 71 1.0
103 73 1.0
103 95 2.0
104 14 2.0
104 21 2.0
104 38 1.0
104 67 2.0
104 87 1.0
105 56 2.0
105 58 2.0
106 5 4.0
106 8 41.0
106 11 1.0
106 14 23.0
106 15 47.0
106 16 2.0
106 18 21.0
106 19 1.0
106 24 7.0
106 26 1.0
106 32 1.0
106 33 3.0
106 34 2.0
106 36 3.0
106 37 2.0
106 40 5.0
106 41 5.0
106 43 7.0
106 44 1.0
106 45 4.0
106 46 2.0
106 49 10.0
106 54 1.0
106 57 20.0
106 61 4.0
106 65 31.0
106 67 22.0
106 70 13.0
106 71 7.0
106 73 20.0
106 74 1.0
106 76 26.0
106 77 2.0
106 86 1.0
106 87 15.0
106 89 11.0
106 90 2.0
106 93 2.0
106 95 1.0
106 99 2.0
106 101 1.0
107 67 1.0
