0 1 1.0
0 3 1.0
0 8 5.0
0 14 7.0
0 24 1.0
0 32 1.0
0 34 4.0
0 40 2.0
0 43 3.0
0 49 1.0
0 57 3.0
0 65 5.0
0 67 3.0
0 71 10.0
0 72 1.0
0 73 3.0
0 76 1.0
0 87 16.0
0 89 6.0
0 99 2.0
1 0 1.0
1 73 1.0
2 14 1.0
2 52 1.0
2 56 3.0
2 58 2.0
2 65 2.0
2 71 2.0
2 72 1.0
2 91 1.0
2 98 1.0
3 0 1.0
3 8 16.0
3 14 8.0
3 15 2.0
3 18 1.0
3 24 3.0
3 34 5.0
3 36 1.0
3 37 2.0
3 40 1.0
3 43 1.0
3 46 1.0
3 57 1.0
3 65 6.0
3 67 3.0
3 72 1.0
3 73 3.0
3 86 1.0
3 87 5.0
3 89 95.0
3 90 1.0
3 95 3.0
4 8 1.0
4 89 1.0
4 106 1.0
5 7 2.0
5 8 350.0
5 9 1.0
5 14 174.0
5 15 24.0
5 18 27.0
5 19 90.0
5 21 1.0
5 24 37.0
5 26 10.0
5 32 2.0
5 34 37.0
5 36 303.0
5 37 2.0
5 39 3.0
5 40 8.0
5 41 39.0
5 42 1.0
5 43 23.0
5 44 3.0
5 48 2.0
5 49 6.0
5 57 383.0
5 58 1.0
5 60 4.0
5 65 46.0
5 67 61.0
5 70 97.0
5 71 52.0
5 72 1.0
5 73 31.0
5 74 2.0
5 75 18.0
5 76 8.0
5 80 7.0
5 81 1.0
5 86 1.0
5 87 68.0
5 89 72.0
5 90 13.0
5 93 3.0
5 95 12.0
5 96 2.0
5 97 3.0
5 99 7.0
5 106 8.0
6 8 2.0
6 14 7.0
6 18 4.0
6 19 1.0
6 34 6.0
6 38 1.0
6 40 1.0
6 45 1.0
6 57 1.0
6 67 1.0
6 71 5.0
6 73 1.0
6 95 1.0
7 5 2.0
7 8 42.0
7 14 74.0
7 15 18.0
7 16 2.0
7 18 11.0
7 20 2.0
7 23 1.0
7 24 15.0
7 32 1.0
7 33 1.0
7 34 8.0
7 36 5.0
7 37 2.0
7 40 14.0
7 41 45.0
7 43 29.0
7 46 1.0
7 47 3.0
7 49 6.0
7 54 1.0
7 57 13.0
7 59 1.0
7 60 2.0
7 65 36.0
7 67 24.0
7 69 2.0
7 70 12.0
7 71 38.0
7 73 39.0
7 74 20.0
7 76 4.0
7 82 2.0
7 86 6.0
7 87 360.0
7 89 66.0
7 90 5.0
7 93 36.0
7 94 1.0
7 95 1.0
7 97 3.0
7 99 3.0
7 102 5.0
8 0 5.0
8 3 16.0
8 4 1.0
8 5 350.0
8 6 2.0
8 7 42.0
8 10 1.0
8 14 7041.0
8 15 355.0
8 16 119.0
8 18 705.0
8 19 24.0
8 21 5.0
8 23 6.0
8 24 1438.0
8 25 8.0
8 26 267.0
8 28 11.0
8 29 2.0
8 31 27.0
8 32 91.0
8 33 28.0
8 34 1181.0
8 35 16.0
8 36 183.0
8 37 71.0
8 38 11.0
8 39 14.0
8 40 411.0
8 41 196.0
8 43 941.0
8 44 39.0
8 45 9.0
8 46 50.0
8 47 2.0
8 48 28.0
8 49 48.0
8 52 2.0
8 53 1.0
8 54 7.0
8 55 3.0
8 56 3.0
8 57 943.0
8 58 7.0
8 59 9.0
8 60 3.0
8 61 59.0
8 64 20.0
8 65 1928.0
8 66 1.0
8 67 3298.0
8 69 10.0
8 70 227.0
8 71 1652.0
8 72 105.0
8 73 966.0
8 74 45.0
8 75 18.0
8 76 248.0
8 79 2.0
8 80 116.0
8 81 104.0
8 86 72.0
8 87 1359.0
8 89 1036.0
8 90 373.0
8 93 16.0
8 94 29.0
8 95 536.0
8 96 54.0
8 97 69.0
8 98 42.0
8 99 327.0
8 101 14.0
8 103 36.0
8 104 1.0
8 106 191.0
9 5 1.0
9 17 1.0
9 18 1.0
9 26 7.0
9 52 1.0
9 58 4.0
9 67 1.0
9 69 5.0
9 86 2.0
9 89 1.0
9 93 1.0
9 95 1.0
9 100 4.0
10 8 1.0
10 12 3.0
10 47 7.0
10 70 1.0
10 77 11.0
10 87 1.0
10 92 1.0
12 10 3.0
12 14 1.0
12 36 1.0
12 47 3.0
12 65 1.0
12 77 19.0
13 14 11.0
13 18 1.0
13 24 1.0
13 34 6.0
13 43 1.0
13 65 3.0
13 67 4.0
13 71 1.0
13 73 3.0
13 80 1.0
13 89 5.0
13 90 1.0
13 95 3.0
13 96 2.0
14 0 7.0
14 2 1.0
14 3 8.0
14 5 174.0
14 6 7.0
14 7 74.0
14 8 7041.0
14 12 1.0
14 13 11.0
14 15 232.0
14 16 63.0
14 18 1665.0
14 19 16.0
14 21 2.0
14 23 12.0
14 24 3577.0
14 25 21.0
14 26 505.0
14 27 1.0
14 28 13.0
14 31 88.0
14 32 119.0
14 33 33.0
14 34 2238.0
14 35 16.0
14 36 112.0
14 37 74.0
14 38 4.0
14 39 4.0
14 40 958.0
14 41 315.0
14 43 2073.0
14 44 27.0
14 45 4.0
14 46 143.0
14 47 6.0
14 48 6.0
14 49 51.0
14 50 2.0
14 53 11.0
14 56 13.0
14 57 697.0
14 58 6.0
14 59 13.0
14 60 4.0
14 61 24.0
14 62 1.0
14 63 1.0
14 64 20.0
14 65 4902.0
14 67 7513.0
14 69 17.0
14 70 186.0
14 71 3433.0
14 72 58.0
14 73 2085.0
14 74 139.0
14 75 32.0
14 76 272.0
14 79 3.0
14 80 36.0
14 81 500.0
14 83 1.0
14 86 190.0
14 87 3675.0
14 89 3061.0
14 90 542.0
14 92 3.0
14 93 30.0
14 94 20.0
14 95 982.0
14 96 166.0
14 97 297.0
14 98 49.0
14 99 692.0
14 101 19.0
14 102 8.0
14 103 32.0
14 104 3.0
14 106 176.0
15 3 2.0
15 5 24.0
15 7 18.0
15 8 355.0
15 14 232.0
15 16 2.0
15 18 48.0
15 19 2.0
15 23 4.0
15 24 32.0
15 25 2.0
15 26 7.0
15 29 1.0
15 31 3.0
15 32 2.0
15 33 14.0
15 34 94.0
15 36 21.0
15 37 5.0
15 38 2.0
15 40 24.0
15 41 12.0
15 43 35.0
15 44 23.0
15 45 11.0
15 46 3.0
15 47 3.0
15 49 10.0
15 54 1.0
15 57 208.0
15 58 10.0
15 61 5.0
15 65 71.0
15 67 105.0
15 69 4.0
15 70 12.0
15 71 98.0
15 72 9.0
15 73 73.0
15 75 2.0
15 76 367.0
15 77 1.0
15 81 1.0
15 86 3.0
15 87 165.0
15 89 159.0
15 90 25.0
15 95 19.0
15 96 3.0
15 97 3.0
15 99 13.0
15 101 35.0
15 106 145.0
16 7 2.0
16 8 119.0
16 14 63.0
16 15 2.0
16 18 15.0
16 24 13.0
16 31 4.0
16 32 2.0
16 34 9.0
16 37 2.0
16 40 28.0
16 43 9.0
16 48 2.0
16 58 1.0
16 65 34.0
16 67 36.0
16 70 1.0
16 71 31.0
16 73 19.0
16 74 1.0
16 76 1.0
16 86 1.0
16 87 25.0
16 89 6.0
16 90 4.0
16 94 1.0
16 95 2.0
16 96 3.0
16 97 5.0
16 98 1.0
16 99 11.0
16 101 1.0
16 106 1.0
17 9 1.0
17 62 1.0
17 69 3.0
17 72 7.0
18 3 1.0
18 5 27.0
18 6 4.0
18 7 11.0
18 8 705.0
18 9 1.0
18 13 1.0
18 14 1665.0
18 15 48.0
18 16 15.0
18 19 2.0
18 22 1.0
18 23 3.0
18 24 597.0
18 26 50.0
18 27 1.0
18 28 3.0
18 29 2.0
18 31 9.0
18 32 33.0
18 33 3.0
18 34 312.0
18 36 13.0
18 37 28.0
18 39 3.0
18 40 336.0
18 41 63.0
18 43 443.0
18 44 5.0
18 45 1.0
18 46 32.0
18 47 1.0
18 48 5.0
18 49 27.0
18 53 1.0
18 57 95.0
18 61 6.0
18 62 1.0
18 65 1077.0
18 67 748.0
18 70 30.0
18 71 693.0
18 72 7.0
18 73 750.0
18 74 99.0
18 75 20.0
18 76 46.0
18 80 7.0
18 81 4.0
18 86 16.0
18 87 558.0
18 88 1.0
18 89 315.0
18 90 82.0
18 93 6.0
18 94 3.0
18 95 83.0
18 96 13.0
18 97 38.0
18 98 1.0
18 99 52.0
18 101 12.0
18 103 7.0
18 106 54.0
19 5 90.0
19 6 1.0
19 8 24.0
19 14 16.0
19 15 2.0
19 18 2.0
19 24 1.0
19 26 1.0
19 33 10.0
19 34 7.0
19 40 1.0
19 41 11.0
19 43 1.0
19 57 112.0
19 65 2.0
19 67 3.0
19 71 3.0
19 73 4.0
19 75 7.0
19 76 17.0
19 79 2.0
19 80 3.0
19 86 1.0
19 87 3.0
19 89 1.0
19 95 1.0
19 99 2.0
19 101 6.0
19 106 1.0
20 7 2.0
20 49 2.0
20 70 5.0
20 87 1.0
20 90 1.0
21 5 1.0
21 8 5.0
21 14 2.0
21 36 1.0
21 43 2.0
21 67 1.0
21 87 2.0
21 89 1.0
21 104 2.0
22 18 1.0
22 34 1.0
23 7 1.0
23 8 6.0
23 14 12.0
23 15 4.0
23 18 3.0
23 26 20.0
23 34 5.0
23 40 1.0
23 41 1.0
23 57 9.0
23 67 3.0
23 70 2.0
23 71 4.0
23 73 2.0
23 76 3.0
23 87 1.0
23 90 1.0
23 95 3.0
24 0 1.0
24 3 3.0
24 5 37.0
24 7 15.0
24 8 1438.0
24 13 1.0
24 14 3577.0
24 15 32.0
24 16 13.0
24 18 597.0
24 19 1.0
24 25 3.0
24 26 39.0
24 28 2.0
24 31 40.0
24 32 49.0
24 33 2.0
24 34 332.0
24 35 2.0
24 36 12.0
24 37 31.0
24 38 1.0
24 40 335.0
24 41 144.0
24 43 833.0
24 44 15.0
24 45 4.0
24 46 43.0
24 47 2.0
24 49 1.0
24 57 301.0
24 60 1.0
24 61 8.0
24 63 1.0
24 64 14.0
24 65 1971.0
24 67 1669.0
24 69 7.0
24 70 43.0
24 71 992.0
24 72 2.0
24 73 630.0
24 74 33.0
24 75 4.0
24 76 109.0
24 80 6.0
24 81 2.0
24 86 51.0
24 87 971.0
24 89 1337.0
24 90 120.0
24 93 8.0
24 95 147.0
24 96 34.0
24 97 77.0
24 98 11.0
24 99 104.0
24 101 2.0
24 102 1.0
24 103 10.0
24 106 25.0
25 8 8.0
25 14 21.0
25 15 2.0
25 24 3.0
25 26 1.0
25 33 2.0
25 34 1.0
25 39 1.0
25 40 1.0
25 43 4.0
25 57 2.0
25 65 3.0
25 67 5.0
25 71 3.0
25 73 1.0
25 76 2.0
25 87 7.0
25 89 1.0
25 95 2.0
26 5 10.0
26 8 267.0
26 9 7.0
26 14 505.0
26 15 7.0
26 18 50.0
26 19 1.0
26 23 20.0
26 24 39.0
26 25 1.0
26 31 1.0
26 32 1.0
26 33 4.0
26 34 91.0
26 36 4.0
26 37 2.0
26 38 1.0
26 39 2.0
26 40 18.0
26 41 9.0
26 43 25.0
26 44 2.0
26 46 1.0
26 51 2.0
26 57 71.0
26 59 1.0
26 61 1.0
26 63 4.0
26 65 78.0
26 67 101.0
26 69 2.0
26 70 2.0
26 71 105.0
26 72 2.0
26 73 41.0
26 74 2.0
26 75 2.0
26 76 11.0
26 79 2.0
26 80 4.0
26 81 1.0
26 86 10.0
26 87 99.0
26 89 41.0
26 90 16.0
26 93 5.0
26 95 14.0
26 96 2.0
26 97 6.0
26 98 4.0
26 99 11.0
26 101 5.0
26 103 3.0
26 106 1.0
27 14 1.0
27 18 1.0
27 34 1.0
27 67 1.0
27 87 3.0
27 93 1.0
28 8 11.0
28 14 13.0
28 18 3.0
28 24 2.0
28 34 2.0
28 37 5.0
28 40 7.0
28 41 1.0
28 43 3.0
28 44 1.0
28 57 3.0
28 65 4.0
28 67 5.0
28 71 8.0
28 73 13.0
28 74 1.0
28 86 3.0
28 87 1.0
28 89 2.0
28 90 6.0
28 95 1.0
28 97 1.0
29 8 2.0
29 15 1.0
29 18 2.0
29 40 2.0
29 43 2.0
29 61 1.0
29 67 1.0
29 71 2.0
29 87 5.0
29 89 15.0
30 69 2.0
30 72 1.0
31 8 27.0
31 14 88.0
31 15 3.0
31 16 4.0
31 18 9.0
31 24 40.0
31 26 1.0
31 32 5.0
31 34 9.0
31 36 1.0
31 37 4.0
31 40 18.0
31 41 5.0
31 43 20.0
31 44 1.0
31 45 1.0
31 46 3.0
31 57 9.0
31 65 33.0
31 67 76.0
31 70 1.0
31 71 36.0
31 73 24.0
31 76 1.0
31 86 10.0
31 87 56.0
31 89 36.0
31 90 3.0
31 95 6.0
31 96 10.0
31 97 12.0
31 98 3.0
31 99 2.0
32 0 1.0
32 5 2.0
32 7 1.0
32 8 91.0
32 14 119.0
32 15 2.0
32 16 2.0
32 18 33.0
32 24 49.0
32 26 1.0
32 31 5.0
32 34 25.0
32 36 1.0
32 37 6.0
32 40 63.0
32 41 4.0
32 43 40.0
32 46 32.0
32 57 7.0
32 58 1.0
32 65 91.0
32 66 1.0
32 67 103.0
32 71 30.0
32 73 27.0
32 75 1.0
32 80 2.0
32 86 2.0
32 87 47.0
32 89 43.0
32 90 9.0
32 93 1.0
32 95 33.0
32 96 8.0
32 97 5.0
32 99 14.0
32 106 1.0
33 7 1.0
33 8 28.0
33 14 33.0
33 15 14.0
33 18 3.0
33 19 10.0
33 24 2.0
33 25 2.0
33 26 4.0
33 34 4.0
33 37 1.0
33 40 1.0
33 41 1.0
33 43 1.0
33 44 1.0
33 49 1.0
33 57 29.0
33 65 1.0
33 67 8.0
33 69 1.0
33 70 1.0
33 71 2.0
33 73 2.0
33 75 8.0
33 76 22.0
33 80 1.0
33 86 1.0
33 87 3.0
33 89 1.0
33 90 1.0
33 95 1.0
33 101 13.0
33 106 7.0
34 0 4.0
34 3 5.0
34 5 37.0
34 6 6.0
34 7 8.0
34 8 1181.0
34 13 6.0
34 14 2238.0
34 15 94.0
34 16 9.0
34 18 312.0
34 19 7.0
34 22 1.0
34 23 5.0
34 24 332.0
34 25 1.0
34 26 91.0
34 27 1.0
34 28 2.0
34 31 9.0
34 32 25.0
34 33 4.0
34 36 23.0
34 37 16.0
34 38 12.0
34 39 2.0
34 40 266.0
34 41 40.0
34 42 1.0
34 43 262.0
34 44 7.0
34 45 3.0
34 46 12.0
34 48 1.0
34 49 13.0
34 50 1.0
34 51 1.0
34 53 2.0
34 56 1.0
34 57 199.0
34 58 2.0
34 61 1.0
34 64 1.0
34 65 553.0
34 67 685.0
34 70 18.0
34 71 2138.0
34 72 11.0
34 73 420.0
34 74 57.0
34 75 3.0
34 76 111.0
34 80 9.0
34 81 9.0
34 86 30.0
34 87 575.0
34 89 246.0
34 90 202.0
34 93 3.0
34 94 3.0
34 95 233.0
34 96 13.0
34 97 37.0
34 98 10.0
34 99 68.0
34 101 2.0
34 102 1.0
34 103 8.0
34 106 32.0
35 8 16.0
35 14 16.0
35 24 2.0
35 43 1.0
35 57 1.0
35 65 1.0
35 67 6.0
35 71 2.0
35 73 2.0
35 89 1.0
35 90 2.0
35 95 1.0
35 99 2.0
36 3 1.0
36 5 303.0
36 7 5.0
36 8 183.0
36 12 1.0
36 14 112.0
36 15 21.0
36 18 13.0
36 21 1.0
36 24 12.0
36 26 4.0
36 31 1.0
36 32 1.0
36 34 23.0
36 40 8.0
36 41 4.0
36 43 17.0
36 44 2.0
36 49 36.0
36 56 2.0
36 57 4.0
36 59 3.0
36 61 8.0
36 65 39.0
36 67 52.0
36 69 4.0
36 70 2016.0
36 71 42.0
36 72 6.0
36 73 26.0
36 74 2.0
36 76 3.0
36 80 2.0
36 87 53.0
36 89 49.0
36 90 19.0
36 93 2.0
36 95 9.0
36 97 1.0
36 99 4.0
36 106 28.0
37 3 2.0
37 5 2.0
37 7 2.0
37 8 71.0
37 14 74.0
37 15 5.0
37 16 2.0
37 18 28.0
37 24 31.0
37 26 2.0
37 28 5.0
37 31 4.0
37 32 6.0
37 33 1.0
37 34 16.0
37 38 2.0
37 40 16.0
37 41 6.0
37 43 42.0
37 45 2.0
37 46 11.0
37 53 1.0
37 57 11.0
37 64 2.0
37 65 52.0
37 67 43.0
37 71 37.0
37 73 70.0
37 74 7.0
37 76 1.0
37 80 2.0
37 86 18.0
37 87 52.0
37 89 22.0
37 90 72.0
37 93 1.0
37 95 6.0
37 96 12.0
37 97 21.0
37 99 9.0
37 101 9.0
37 106 4.0
38 6 1.0
38 8 11.0
38 14 4.0
38 15 2.0
38 24 1.0
38 26 1.0
38 34 12.0
38 37 2.0
38 41 1.0
38 45 1.0
38 46 1.0
38 57 1.0
38 64 1.0
38 67 2.0
38 71 4.0
38 73 2.0
38 75 1.0
38 80 4.0
38 81 4.0
38 95 3.0
38 104 1.0
39 5 3.0
39 8 14.0
39 14 4.0
39 18 3.0
39 25 1.0
39 26 2.0
39 34 2.0
39 43 1.0
39 46 2.0
39 71 2.0
40 0 2.0
40 3 1.0
40 5 8.0
40 6 1.0
40 7 14.0
40 8 411.0
40 14 958.0
40 15 24.0
40 16 28.0
40 18 336.0
40 19 1.0
40 23 1.0
40 24 335.0
40 25 1.0
40 26 18.0
40 28 7.0
40 29 2.0
40 31 18.0
40 32 63.0
40 33 1.0
40 34 266.0
40 36 8.0
40 37 16.0
40 41 34.0
40 43 245.0
40 44 1.0
40 46 47.0
40 49 13.0
40 57 56.0
40 60 1.0
40 64 3.0
40 65 527.0
40 67 456.0
40 69 2.0
40 70 10.0
40 71 547.0
40 72 7.0
40 73 484.0
40 74 28.0
40 75 3.0
40 76 19.0
40 80 8.0
40 86 24.0
40 87 383.0
40 89 202.0
40 90 72.0
40 93 6.0
40 95 56.0
40 96 18.0
40 97 47.0
40 98 9.0
40 99 36.0
40 101 5.0
40 102 2.0
40 106 15.0
41 5 39.0
41 7 45.0
41 8 196.0
41 14 315.0
41 15 12.0
41 18 63.0
41 19 11.0
41 23 1.0
41 24 144.0
41 26 9.0
41 28 1.0
41 31 5.0
41 32 4.0
41 33 1.0
41 34 40.0
41 36 4.0
41 37 6.0
41 38 1.0
41 40 34.0
41 43 66.0
41 44 3.0
41 45 2.0
41 46 3.0
41 54 1.0
41 57 77.0
41 65 99.0
41 67 93.0
41 70 19.0
41 71 92.0
41 72 7.0
41 73 80.0
41 74 12.0
41 75 3.0
41 76 6.0
41 81 1.0
41 86 6.0
41 87 361.0
41 89 286.0
41 90 13.0
41 93 23.0
41 95 11.0
41 96 3.0
41 97 12.0
41 98 1.0
41 99 11.0
41 102 1.0
41 106 6.0
42 5 1.0
42 34 1.0
42 49 2.0
42 87 1.0
43 0 3.0
43 3 1.0
43 5 23.0
43 7 29.0
43 8 941.0
43 13 1.0
43 14 2073.0
43 15 35.0
43 16 9.0
43 18 443.0
43 19 1.0
43 21 2.0
43 24 833.0
43 25 4.0
43 26 25.0
43 28 3.0
43 29 2.0
43 31 20.0
43 32 40.0
43 33 1.0
43 34 262.0
43 35 1.0
43 36 17.0
43 37 42.0
43 39 1.0
43 40 245.0
43 41 66.0
43 44 2.0
43 45 2.0
43 46 51.0
43 47 1.0
43 49 7.0
43 56 1.0
43 57 112.0
43 58 1.0
43 60 1.0
43 61 8.0
43 62 1.0
43 65 1262.0
43 66 1.0
43 67 966.0
43 69 3.0
43 70 18.0
43 71 757.0
43 72 2.0
43 73 865.0
43 74 37.0
43 75 5.0
43 76 26.0
43 80 3.0
43 81 10.0
43 86 109.0
43 87 936.0
43 89 516.0
43 90 117.0
43 93 20.0
43 94 2.0
43 95 70.0
43 96 41.0
43 97 64.0
43 98 4.0
43 99 67.0
43 102 6.0
43 103 1.0
43 106 27.0
44 5 3.0
44 8 39.0
44 14 27.0
44 15 23.0
44 18 5.0
44 24 15.0
44 26 2.0
44 28 1.0
44 31 1.0
44 33 1.0
44 34 7.0
44 36 2.0
44 40 1.0
44 41 3.0
44 43 2.0
44 57 129.0
44 65 13.0
44 67 20.0
44 70 1.0
44 71 24.0
44 73 10.0
44 74 1.0
44 76 14.0
44 80 4.0
44 86 2.0
44 87 7.0
44 89 2.0
44 90 1.0
44 93 2.0
44 95 3.0
44 101 52.0
44 106 2.0
45 6 1.0
45 8 9.0
45 14 4.0
45 15 11.0
45 18 1.0
45 24 4.0
45 31 1.0
45 34 3.0
45 37 2.0
45 38 1.0
45 41 2.0
45 43 2.0
45 57 6.0
45 65 3.0
45 70 2.0
45 71 3.0
45 73 4.0
45 75 1.0
45 76 8.0
45 87 2.0
45 90 2.0
45 96 1.0
45 97 1.0
45 99 1.0
45 106 5.0
46 3 1.0
46 7 1.0
46 8 50.0
46 14 143.0
46 15 3.0
46 18 32.0
46 24 43.0
46 26 1.0
46 31 3.0
46 32 32.0
46 34 12.0
46 37 11.0
46 38 1.0
46 39 2.0
46 40 47.0
46 41 3.0
46 43 51.0
46 49 4.0
46 57 3.0
46 61 6.0
46 64 2.0
46 65 76.0
46 67 74.0
46 71 36.0
46 73 38.0
46 76 4.0
46 86 1.0
46 87 24.0
46 89 38.0
46 90 7.0
46 95 46.0
46 96 2.0
46 97 9.0
46 99 15.0
46 106 7.0
47 7 3.0
47 8 2.0
47 10 7.0
47 12 3.0
47 14 6.0
47 15 3.0
47 18 1.0
47 24 2.0
47 43 1.0
47 49 1.0
47 57 1.0
47 65 4.0
47 67 2.0
47 69 1.0
47 70 3.0
47 71 1.0
47 72 1.0
47 73 2.0
47 76 1.0
47 77 29.0
47 87 3.0
47 89 2.0
47 92 4.0
48 5 2.0
48 8 28.0
48 14 6.0
48 16 2.0
48 18 5.0
48 34 1.0
48 65 1.0
48 67 2.0
48 71 3.0
48 73 3.0
48 80 1.0
49 0 1.0
49 5 6.0
49 7 6.0
49 8 48.0
49 14 51.0
49 15 10.0
49 18 27.0
49 20 2.0
49 24 1.0
49 33 1.0
49 34 13.0
49 36 36.0
49 40 13.0
49 42 2.0
49 43 7.0
49 46 4.0
49 47 1.0
49 50 1.0
49 57 38.0
49 59 17.0
49 61 1.0
49 62 3.0
49 65 24.0
49 67 14.0
49 69 18.0
49 70 46.0
49 71 16.0
49 72 179.0
49 73 12.0
49 75 1.0
49 76 2.0
49 79 1.0
49 80 3.0
49 87 48.0
49 89 37.0
49 90 4.0
49 93 5.0
49 95 2.0
49 98 1.0
49 99 10.0
49 106 19.0
50 14 2.0
50 34 1.0
50 49 1.0
50 58 1.0
50 67 1.0
50 72 1.0
50 73 1.0
50 106 2.0
51 26 2.0
51 34 1.0
51 73 1.0
52 2 1.0
52 8 2.0
52 9 1.0
52 56 1.0
52 58 1.0
52 68 2.0
52 72 2.0
52 100 1.0
53 8 1.0
53 14 11.0
53 18 1.0
53 34 2.0
53 37 1.0
53 57 2.0
53 67 1.0
53 71 4.0
53 73 1.0
53 80 1.0
53 86 2.0
53 87 2.0
53 89 1.0
53 90 3.0
53 106 1.0
54 7 1.0
54 8 7.0
54 15 1.0
54 41 1.0
54 57 1.0
54 76 3.0
54 106 3.0
55 8 3.0
55 67 1.0
55 76 1.0
55 81 2.0
56 2 3.0
56 8 3.0
56 14 13.0
56 34 1.0
56 36 2.0
56 43 1.0
56 52 1.0
56 58 34.0
56 65 3.0
56 67 5.0
56 69 1.0
56 70 2.0
56 72 25.0
56 76 1.0
56 81 1.0
56 89 6.0
56 91 2.0
56 95 1.0
56 105 2.0
57 0 3.0
57 3 1.0
57 5 383.0
57 6 1.0
57 7 13.0
57 8 943.0
57 14 697.0
57 15 208.0
57 18 95.0
57 19 112.0
57 23 9.0
57 24 301.0
57 25 2.0
57 26 71.0
57 28 3.0
57 31 9.0
57 32 7.0
57 33 29.0
57 34 199.0
57 35 1.0
57 36 4.0
57 37 11.0
57 38 1.0
57 40 56.0
57 41 77.0
57 43 112.0
57 44 129.0
57 45 6.0
57 46 3.0
57 47 1.0
57 49 38.0
57 53 2.0
57 54 1.0
57 58 1.0
57 61 93.0
57 65 262.0
57 67 248.0
57 69 2.0
57 70 4.0
57 71 218.0
57 72 16.0
57 73 178.0
57 74 20.0
57 75 28.0
57 76 194.0
57 79 3.0
57 80 125.0
57 81 106.0
57 86 16.0
57 87 245.0
57 89 151.0
57 90 44.0
57 93 3.0
57 94 1.0
57 95 18.0
57 96 2.0
57 97 6.0
57 98 4.0
57 99 21.0
57 101 21.0
57 103 6.0
57 106 145.0
58 2 2.0
58 5 1.0
58 8 7.0
58 9 4.0
58 14 6.0
58 15 10.0
58 16 1.0
58 32 1.0
58 34 2.0
58 43 1.0
58 50 1.0
58 52 1.0
58 56 34.0
58 57 1.0
58 65 1.0
58 66 1.0
58 90 1.0
58 91 2.0
58 97 2.0
59 7 1.0
59 8 9.0
59 14 13.0
59 26 1.0
59 36 3.0
59 49 17.0
59 67 1.0
59 69 8.0
59 70 3.0
59 72 18.0
59 73 2.0
59 87 6.0
60 5 4.0
60 7 2.0
60 8 3.0
60 14 4.0
60 24 1.0
60 40 1.0
60 43 1.0
60 61 1.0
60 65 1.0
60 67 1.0
60 70 32.0
60 71 1.0
60 87 8.0
60 93 2.0
60 102 4.0
61 8 59.0
61 14 24.0
61 15 5.0
61 18 6.0
61 24 8.0
61 26 1.0
61 29 1.0
61 34 1.0
61 36 8.0
61 43 8.0
61 46 6.0
61 49 1.0
61 57 93.0
61 60 1.0
61 65 37.0
61 67 9.0
61 71 7.0
61 72 17.0
61 73 7.0
61 76 10.0
61 80 1.0
61 87 21.0
61 89 7.0
61 95 8.0
61 99 2.0
61 103 5.0
61 106 5.0
62 14 1.0
62 17 1.0
62 18 1.0
62 43 1.0
62 49 3.0
62 65 2.0
62 69 3.0
62 72 25.0
63 14 1.0
63 24 1.0
63 26 4.0
63 71 3.0
63 73 1.0
63 90 1.0
63 95 1.0
64 8 20.0
64 14 20.0
64 24 14.0
64 34 1.0
64 37 2.0
64 38 1.0
64 40 3.0
64 46 2.0
64 65 10.0
64 67 6.0
64 71 3.0
64 73 2.0
64 74 1.0
64 89 3.0
64 95 8.0
64 97 1.0
64 99 5.0
64 103 3.0
65 0 5.0
65 2 2.0
65 3 6.0
65 5 46.0
65 7 36.0
65 8 1928.0
65 12 1.0
65 13 3.0
65 14 4902.0
65 15 71.0
65 16 34.0
65 18 1077.0
65 19 2.0
65 24 1971.0
65 25 3.0
65 26 78.0
65 28 4.0
65 31 33.0
65 32 91.0
65 33 1.0
65 34 553.0
65 35 1.0
65 36 39.0
65 37 52.0
65 40 527.0
65 41 99.0
65 43 1262.0
65 44 13.0
65 45 3.0
65 46 76.0
65 47 4.0
65 48 1.0
65 49 24.0
65 56 3.0
65 57 262.0
65 58 1.0
65 60 1.0
65 61 37.0
65 62 2.0
65 64 10.0
65 66 1.0
65 67 1995.0
65 69 4.0
65 70 87.0
65 71 1588.0
65 72 21.0
65 73 1415.0
65 74 87.0
65 75 17.0
65 76 101.0
65 80 7.0
65 81 4.0
65 86 90.0
65 87 1543.0
65 89 984.0
65 90 153.0
65 92 6.0
65 93 3.0
65 94 4.0
65 95 194.0
65 96 68.0
65 97 116.0
65 98 18.0
65 99 132.0
65 101 2.0
65 103 5.0
65 106 69.0
66 8 1.0
66 32 1.0
66 43 1.0
66 58 1.0
66 65 1.0
67 0 3.0
67 3 3.0
67 5 61.0
67 6 1.0
67 7 24.0
67 8 3298.0
67 9 1.0
67 13 4.0
67 14 7513.0
67 15 105.0
67 16 36.0
67 18 748.0
67 19 3.0
67 21 1.0
67 23 3.0
67 24 1669.0
67 25 5.0
67 26 101.0
67 27 1.0
67 28 5.0
67 29 1.0
67 31 76.0
67 32 103.0
67 33 8.0
67 34 685.0
67 35 6.0
67 36 52.0
67 37 43.0
67 38 2.0
67 40 456.0
67 41 93.0
67 43 966.0
67 44 20.0
67 46 74.0
67 47 2.0
67 48 2.0
67 49 14.0
67 50 1.0
67 53 1.0
67 55 1.0
67 56 5.0
67 57 248.0
67 59 1.0
67 60 1.0
67 61 9.0
67 64 6.0
67 65 1995.0
67 69 5.0
67 70 49.0
67 71 1949.0
67 72 23.0
67 73 825.0
67 74 56.0
67 75 64.0
67 76 103.0
67 80 18.0
67 81 6.0
67 86 45.0
67 87 1502.0
67 89 1319.0
67 90 183.0
67 92 6.0
67 93 23.0
67 94 8.0
67 95 466.0
67 96 47.0
67 97 86.0
67 98 25.0
67 99 286.0
67 101 5.0
67 102 3.0
67 103 16.0
67 104 1.0
67 106 60.0
67 107 1.0
68 52 2.0
69 7 2.0
69 8 10.0
69 9 5.0
69 14 17.0
69 15 4.0
69 17 3.0
69 24 7.0
69 26 2.0
69 30 2.0
69 33 1.0
69 36 4.0
69 40 2.0
69 43 3.0
69 47 1.0
69 49 18.0
69 56 1.0
69 57 2.0
69 59 8.0
69 62 3.0
69 65 4.0
69 67 5.0
69 70 2.0
69 71 3.0
69 72 42.0
69 73 2.0
69 76 1.0
69 87 4.0
69 89 2.0
69 90 2.0
69 93 1.0
69 99 1.0
69 102 2.0
70 5 97.0
70 7 12.0
70 8 227.0
70 10 1.0
70 14 186.0
70 15 12.0
70 16 1.0
70 18 30.0
70 20 5.0
70 23 2.0
70 24 43.0
70 26 2.0
70 31 1.0
70 33 1.0
70 34 18.0
70 36 2016.0
70 40 10.0
70 41 19.0
70 43 18.0
70 44 1.0
70 45 2.0
70 47 3.0
70 49 46.0
70 56 2.0
70 57 4.0
70 59 3.0
70 60 32.0
70 65 87.0
70 67 49.0
70 69 2.0
70 71 30.0
70 72 15.0
70 73 261.0
70 74 1.0
70 75 3.0
70 76 9.0
70 80 3.0
70 81 1.0
70 86 1.0
70 87 171.0
70 89 49.0
70 90 10.0
70 93 12.0
70 95 8.0
70 98 1.0
70 99 6.0
70 102 20.0
70 106 13.0
71 0 10.0
71 2 2.0
71 5 52.0
71 6 5.0
71 7 38.0
71 8 1652.0
71 13 1.0
71 14 3433.0
71 15 98.0
71 16 31.0
71 18 693.0
71 19 3.0
71 23 4.0
71 24 992.0
71 25 3.0
71 26 105.0
71 28 8.0
71 29 2.0
71 31 36.0
71 32 30.0
71 33 2.0
71 34 2138.0
71 35 2.0
71 36 42.0
71 37 37.0
71 38 4.0
71 39 2.0
71 40 547.0
71 41 92.0
71 43 757.0
71 44 24.0
71 45 3.0
71 46 36.0
71 47 1.0
71 48 3.0
71 49 16.0
71 53 4.0
71 57 218.0
71 60 1.0
71 61 7.0
71 63 3.0
71 64 3.0
71 65 1588.0
71 67 1949.0
71 69 3.0
71 70 30.0
71 72 31.0
71 73 919.0
71 74 113.0
71 75 20.0
71 76 90.0
71 80 8.0
71 81 3.0
71 86 71.0
71 87 1170.0
71 89 797.0
71 90 123.0
71 93 11.0
71 94 2.0
71 95 157.0
71 96 45.0
71 97 74.0
71 98 5.0
71 99 107.0
71 101 14.0
71 102 1.0
71 103 1.0
71 106 44.0
72 0 1.0
72 2 1.0
72 3 1.0
72 5 1.0
72 8 105.0
72 14 58.0
72 15 9.0
72 17 7.0
72 18 7.0
72 24 2.0
72 26 2.0
72 30 1.0
72 34 11.0
72 36 6.0
72 40 7.0
72 41 7.0
72 43 2.0
72 47 1.0
72 49 179.0
72 50 1.0
72 52 2.0
72 56 25.0
72 57 16.0
72 59 18.0
72 61 17.0
72 62 25.0
72 65 21.0
72 67 23.0
72 69 42.0
72 70 15.0
72 71 31.0
72 73 20.0
72 74 1.0
72 76 10.0
72 80 2.0
72 86 8.0
72 87 27.0
72 89 28.0
72 95 10.0
72 98 1.0
72 100 3.0
72 106 6.0
73 0 3.0
73 1 1.0
73 3 3.0
73 5 31.0
73 6 1.0
73 7 39.0
73 8 966.0
73 13 3.0
73 14 2085.0
73 15 73.0
73 16 19.0
73 18 750.0
73 19 4.0
73 23 2.0
73 24 630.0
73 25 1.0
73 26 41.0
73 28 13.0
73 31 24.0
73 32 27.0
73 33 2.0
73 34 420.0
73 35 2.0
73 36 26.0
73 37 70.0
73 38 2.0
73 40 484.0
73 41 80.0
73 43 865.0
73 44 10.0
73 45 4.0
73 46 38.0
73 47 2.0
73 48 3.0
73 49 12.0
73 50 1.0
73 51 1.0
73 53 1.0
73 57 178.0
73 59 2.0
73 61 7.0
73 63 1.0
73 64 2.0
73 65 1415.0
73 67 825.0
73 69 2.0
73 70 261.0
73 71 919.0
73 72 20.0
73 74 175.0
73 75 11.0
73 76 51.0
73 80 5.0
73 81 2.0
73 83 1.0
73 86 151.0
73 87 1085.0
73 89 404.0
73 90 175.0
73 93 11.0
73 94 9.0
73 95 103.0
73 96 45.0
73 97 103.0
73 98 5.0
73 99 62.0
73 102 2.0
73 103 1.0
73 106 30.0
74 5 2.0
74 7 20.0
74 8 45.0
74 14 139.0
74 16 1.0
74 18 99.0
74 24 33.0
74 26 2.0
74 28 1.0
74 34 57.0
74 36 2.0
74 37 7.0
74 40 28.0
74 41 12.0
74 43 37.0
74 44 1.0
74 57 20.0
74 64 1.0
74 65 87.0
74 67 56.0
74 70 1.0
74 71 113.0
74 72 1.0
74 73 175.0
74 75 6.0
74 76 2.0
74 80 2.0
74 86 9.0
74 87 100.0
74 89 24.0
74 90 34.0
74 93 3.0
74 94 1.0
74 95 4.0
74 96 2.0
74 97 2.0
74 99 4.0
74 106 1.0
75 5 18.0
75 8 18.0
75 14 32.0
75 15 2.0
75 18 20.0
75 19 7.0
75 24 4.0
75 26 2.0
75 32 1.0
75 33 8.0
75 34 3.0
75 38 1.0
75 40 3.0
75 41 3.0
75 43 5.0
75 45 1.0
75 49 1.0
75 57 28.0
75 65 17.0
75 67 64.0
75 70 3.0
75 71 20.0
75 73 11.0
75 74 6.0
75 76 6.0
75 79 1.0
75 80 1.0
75 81 1.0
75 87 24.0
75 89 7.0
75 90 2.0
75 99 3.0
75 101 13.0
76 0 1.0
76 5 8.0
76 7 4.0
76 8 248.0
76 14 272.0
76 15 367.0
76 16 1.0
76 18 46.0
76 19 17.0
76 23 3.0
76 24 109.0
76 25 2.0
76 26 11.0
76 31 1.0
76 33 22.0
76 34 111.0
76 36 3.0
76 37 1.0
76 40 19.0
76 41 6.0
76 43 26.0
76 44 14.0
76 45 8.0
76 46 4.0
76 47 1.0
76 49 2.0
76 54 3.0
76 55 1.0
76 56 1.0
76 57 194.0
76 61 10.0
76 65 101.0
76 67 103.0
76 69 1.0
76 70 9.0
76 71 90.0
76 72 10.0
76 73 51.0
76 74 2.0
76 75 6.0
76 79 2.0
76 80 3.0
76 81 6.0
76 86 1.0
76 87 79.0
76 89 139.0
76 90 21.0
76 93 7.0
76 94 1.0
76 95 19.0
76 96 4.0
76 97 13.0
76 99 13.0
76 101 54.0
76 103 2.0
76 106 63.0
77 10 11.0
77 12 19.0
77 15 1.0
77 47 29.0
77 92 5.0
77 106 5.0
79 8 2.0
79 14 3.0
79 19 2.0
79 26 2.0
79 49 1.0
79 57 3.0
79 75 1.0
79 76 2.0
79 89 1.0
80 5 7.0
80 8 116.0
80 13 1.0
80 14 36.0
80 18 7.0
80 19 3.0
80 24 6.0
80 26 4.0
80 32 2.0
80 33 1.0
80 34 9.0
80 36 2.0
80 37 2.0
80 38 4.0
80 40 8.0
80 43 3.0
80 44 4.0
80 48 1.0
80 49 3.0
80 53 1.0
80 57 125.0
80 61 1.0
80 65 7.0
80 67 18.0
80 70 3.0
80 71 8.0
80 72 2.0
80 73 5.0
80 74 2.0
80 75 1.0
80 76 3.0
80 87 2.0
80 89 10.0
80 90 1.0
80 99 1.0
80 106 3.0
81 5 1.0
81 8 104.0
81 14 500.0
81 15 1.0
81 18 4.0
81 24 2.0
81 26 1.0
81 34 9.0
81 38 4.0
81 41 1.0
81 43 10.0
81 55 2.0
81 56 1.0
81 57 106.0
81 65 4.0
81 67 6.0
81 70 1.0
81 71 3.0
81 73 2.0
81 75 1.0
81 76 6.0
81 87 17.0
81 89 1.0
81 96 1.0
82 7 2.0
83 14 1.0
83 73 1.0
84 89 2.0
85 96 1.0
86 3 1.0
86 5 1.0
86 7 6.0
86 8 72.0
86 9 2.0
86 14 190.0
86 15 3.0
86 16 1.0
86 18 16.0
86 19 1.0
86 24 51.0
86 26 10.0
86 28 3.0
86 31 10.0
86 32 2.0
86 33 1.0
86 34 30.0
86 37 18.0
86 40 24.0
86 41 6.0
86 43 109.0
86 44 2.0
86 46 1.0
86 53 2.0
86 57 16.0
86 65 90.0
86 67 45.0
86 70 1.0
86 71 71.0
86 72 8.0
86 73 151.0
86 74 9.0
86 76 1.0
86 87 217.0
86 89 21.0
86 90 24.0
86 93 5.0
86 95 29.0
86 96 9.0
86 97 15.0
86 98 4.0
86 99 1.0
87 0 16.0
87 3 5.0
87 5 68.0
87 7 360.0
87 8 1359.0
87 10 1.0
87 14 3675.0
87 15 165.0
87 16 25.0
87 18 558.0
87 19 3.0
87 20 1.0
87 21 2.0
87 23 1.0
87 24 971.0
87 25 7.0
87 26 99.0
87 27 3.0
87 28 1.0
87 29 5.0
87 31 56.0
87 32 47.0
87 33 3.0
87 34 575.0
87 36 53.0
87 37 52.0
87 40 383.0
87 41 361.0
87 42 1.0
87 43 936.0
87 44 7.0
87 45 2.0
87 46 24.0
87 47 3.0
87 49 48.0
87 53 2.0
87 57 245.0
87 59 6.0
87 60 8.0
87 61 21.0
87 65 1543.0
87 67 1502.0
87 69 4.0
87 70 171.0
87 71 1170.0
87 72 27.0
87 73 1085.0
87 74 100.0
87 75 24.0
87 76 79.0
87 80 2.0
87 81 17.0
87 86 217.0
87 89 2363.0
87 90 143.0
87 91 1.0
87 93 88.0
87 94 10.0
87 95 130.0
87 96 55.0
87 97 106.0
87 98 4.0
87 99 74.0
87 101 5.0
87 102 16.0
87 104 1.0
87 106 60.0
88 18 1.0
89 0 6.0
89 3 95.0
89 4 1.0
89 5 72.0
89 7 66.0
89 8 1036.0
89 9 1.0
89 13 5.0
89 14 3061.0
89 15 159.0
89 16 6.0
89 18 315.0
89 19 1.0
89 21 1.0
89 24 1337.0
89 25 1.0
89 26 41.0
89 28 2.0
89 29 15.0
89 31 36.0
89 32 43.0
89 33 1.0
89 34 246.0
89 35 1.0
89 36 49.0
89 37 22.0
89 40 202.0
89 41 286.0
89 43 516.0
89 44 2.0
89 46 38.0
89 47 2.0
89 49 37.0
89 53 1.0
89 56 6.0
89 57 151.0
89 61 7.0
89 64 3.0
89 65 984.0
89 67 1319.0
89 69 2.0
89 70 49.0
89 71 797.0
89 72 28.0
89 73 404.0
89 74 24.0
89 75 7.0
89 76 139.0
89 79 1.0
89 80 10.0
89 81 1.0
89 84 2.0
89 86 21.0
89 87 2363.0
89 90 72.0
89 93 7.0
89 95 146.0
89 96 29.0
89 97 33.0
89 98 3.0
89 99 79.0
89 101 2.0
89 106 66.0
90 3 1.0
90 5 13.0
90 7 5.0
90 8 373.0
90 13 1.0
90 14 542.0
90 15 25.0
90 16 4.0
90 18 82.0
90 20 1.0
90 23 1.0
90 24 120.0
90 26 16.0
90 28 6.0
90 31 3.0
90 32 9.0
90 33 1.0
90 34 202.0
90 35 2.0
90 36 19.0
90 37 72.0
90 40 72.0
90 41 13.0
90 43 117.0
90 44 1.0
90 45 2.0
90 46 7.0
90 49 4.0
90 53 3.0
90 57 44.0
90 58 1.0
90 63 1.0
90 65 153.0
90 67 183.0
90 69 2.0
90 70 10.0
90 71 123.0
90 73 175.0
90 74 34.0
90 75 2.0
90 76 21.0
90 80 1.0
90 86 24.0
90 87 143.0
90 89 72.0
90 93 1.0
90 95 67.0
90 96 5.0
90 97 13.0
90 98 1.0
90 99 48.0
90 101 2.0
90 106 11.0
91 2 1.0
91 56 2.0
91 58 2.0
91 87 1.0
92 10 1.0
92 14 3.0
92 47 4.0
92 65 6.0
92 67 6.0
92 77 5.0
93 5 3.0
93 7 36.0
93 8 16.0
93 9 1.0
93 14 30.0
93 18 6.0
93 24 8.0
93 26 5.0
93 27 1.0
93 32 1.0
93 34 3.0
93 36 2.0
93 37 1.0
93 40 6.0
93 41 23.0
93 43 20.0
93 44 2.0
93 49 5.0
93 57 3.0
93 60 2.0
93 65 3.0
93 67 23.0
93 69 1.0
93 70 12.0
93 71 11.0
93 73 11.0
93 74 3.0
93 76 7.0
93 86 5.0
93 87 88.0
93 89 7.0
93 90 1.0
93 95 5.0
93 99 1.0
93 102 14.0
93 106 2.0
94 7 1.0
94 8 29.0
94 14 20.0
94 16 1.0
94 18 3.0
94 34 3.0
94 43 2.0
94 57 1.0
94 65 4.0
94 67 8.0
94 71 2.0
94 73 9.0
94 74 1.0
94 76 1.0
94 87 10.0
94 95 12.0
94 99 6.0
95 3 3.0
95 5 12.0
95 6 1.0
95 7 1.0
95 8 536.0
95 9 1.0
95 13 3.0
95 14 982.0
95 15 19.0
95 16 2.0
95 18 83.0
95 19 1.0
95 23 3.0
95 24 147.0
95 25 2.0
95 26 14.0
95 28 1.0
95 31 6.0
95 32 33.0
95 33 1.0
95 34 233.0
95 35 1.0
95 36 9.0
95 37 6.0
95 38 3.0
95 40 56.0
95 41 11.0
95 43 70.0
95 44 3.0
95 46 46.0
95 49 2.0
95 56 1.0
95 57 18.0
95 61 8.0
95 63 1.0
95 64 8.0
95 65 194.0
95 67 466.0
95 70 8.0
95 71 157.0
95 72 10.0
95 73 103.0
95 74 4.0
95 76 19.0
95 86 29.0
95 87 130.0
95 89 146.0
95 90 67.0
95 93 5.0
95 94 12.0
95 96 3.0
95 97 15.0
95 98 1.0
95 99 168.0
95 101 1.0
95 102 1.0
95 103 4.0
95 106 13.0
96 5 2.0
96 8 54.0
96 13 2.0
96 14 166.0
96 15 3.0
96 16 3.0
96 18 13.0
96 24 34.0
96 26 2.0
96 31 10.0
96 32 8.0
96 34 13.0
96 37 12.0
96 40 18.0
96 41 3.0
96 43 41.0
96 45 1.0
96 46 2.0
96 57 2.0
96 65 68.0
96 67 47.0
96 71 45.0
96 73 45.0
96 74 2.0
96 76 4.0
96 81 1.0
96 85 1.0
96 86 9.0
96 87 55.0
96 89 29.0
96 90 5.0
96 95 3.0
96 97 28.0
96 99 10.0
97 5 3.0
97 7 3.0
97 8 69.0
97 14 297.0
97 15 3.0
97 16 5.0
97 18 38.0
97 24 77.0
97 26 6.0
97 28 1.0
97 31 12.0
97 32 5.0
97 34 37.0
97 36 1.0
97 37 21.0
97 40 47.0
97 41 12.0
97 43 64.0
97 45 1.0
97 46 9.0
97 57 6.0
97 58 2.0
97 64 1.0
97 65 116.0
97 67 86.0
97 71 74.0
97 73 103.0
97 74 2.0
97 76 13.0
97 86 15.0
97 87 106.0
97 89 33.0
97 90 13.0
97 95 15.0
97 96 28.0
97 98 2.0
97 99 6.0
97 102 1.0
98 2 1.0
98 8 42.0
98 14 49.0
98 16 1.0
98 18 1.0
98 24 11.0
98 26 4.0
98 31 3.0
98 34 10.0
98 40 9.0
98 41 1.0
98 43 4.0
98 49 1.0
98 57 4.0
98 65 18.0
98 67 25.0
98 70 1.0
98 71 5.0
98 72 1.0
98 73 5.0
98 86 4.0
98 87 4.0
98 89 3.0
98 90 1.0
98 95 1.0
98 97 2.0
98 99 1.0
99 0 2.0
99 5 7.0
99 7 3.0
99 8 327.0
99 14 692.0
99 15 13.0
99 16 11.0
99 18 52.0
99 19 2.0
99 24 104.0
99 26 11.0
99 31 2.0
99 32 14.0
99 34 68.0
99 35 2.0
99 36 4.0
99 37 9.0
99 40 36.0
99 41 11.0
99 43 67.0
99 45 1.0
99 46 15.0
99 49 10.0
99 57 21.0
99 61 2.0
99 64 5.0
99 65 132.0
99 67 286.0
99 69 1.0
99 70 6.0
99 71 107.0
99 73 62.0
99 74 4.0
99 75 3.0
99 76 13.0
99 80 1.0
99 86 1.0
99 87 74.0
99 89 79.0
99 90 48.0
99 93 1.0
99 94 6.0
99 95 168.0
99 96 10.0
99 97 6.0
99 98 1.0
99 101 2.0
99 103 1.0
99 106 5.0
100 9 4.0
100 52 1.0
100 72 3.0
101 8 14.0
101 14 19.0
101 15 35.0
101 16 1.0
101 18 12.0
101 19 6.0
101 24 2.0
101 26 5.0
101 33 13.0
101 34 2.0
101 37 9.0
101 40 5.0
101 44 52.0
101 57 21.0
101 65 2.0
101 67 5.0
101 71 14.0
101 75 13.0
101 76 54.0
101 87 5.0
101 89 2.0
101 90 2.0
101 95 1.0
101 99 2.0
101 106 2.0
102 7 5.0
102 14 8.0
102 24 1.0
102 34 1.0
102 40 2.0
102 41 1.0
102 43 6.0
102 60 4.0
102 67 3.0
102 69 2.0
102 70 20.0
102 71 1.0
102 73 2.0
102 87 16.0
102 93 14.0
102 95 1.0
102 97 1.0
103 8 36.0
103 14 32.0
103 18 7.0
103 24 10.0
103 26 3.0
103 34 8.0
103 43 1.0
103 57 6.0
103 61 5.0
103 64 3.0
103 65 5.0
103 67 16.0
103 71 1.0
103 73 1.0
103 76 2.0
103 95 4.0
103 99 1.0
104 8 1.0
104 14 3.0
104 21 2.0
104 38 1.0
104 67 1.0
104 87 1.0
105 56 2.0
106 4 1.0
106 5 8.0
106 8 191.0
106 14 176.0
106 15 145.0
106 16 1.0
106 18 54.0
106 19 1.0
106 24 25.0
106 26 1.0
106 32 1.0
106 33 7.0
106 34 32.0
106 36 28.0
106 37 4.0
106 40 15.0
106 41 6.0
106 43 27.0
106 44 2.0
106 45 5.0
106 46 7.0
106 49 19.0
106 50 2.0
106 53 1.0
106 54 3.0
106 57 145.0
106 61 5.0
106 65 69.0
106 67 60.0
106 70 13.0
106 71 44.0
106 72 6.0
106 73 30.0
106 74 1.0
106 76 63.0
106 77 5.0
106 80 3.0
106 87 60.0
106 89 66.0
106 90 11.0
106 93 2.0
106 95 13.0
106 99 5.0
106 101 2.0
107 67 1.0