0 3 1.0
0 4 1.0
0 8 1.0
0 14 5.0
0 32 1.0
0 34 1.0
0 41 1.0
0 49 1.0
0 57 3.0
0 61 1.0
0 65 2.0
0 67 1.0
0 71 2.0
0 72 1.0
0 73 2.0
0 86 1.0
0 87 7.0
0 89 6.0
1 73 1.0
2 52 2.0
2 56 3.0
2 65 1.0
2 71 1.0
2 72 1.0
2 74 1.0
2 91 1.0
2 98 1.0
3 0 1.0
3 8 4.0
3 14 2.0
3 24 1.0
3 34 1.0
3 36 1.0
3 44 1.0
3 67 2.0
3 87 2.0
3 89 28.0
3 90 1.0
4 0 1.0
4 7 1.0
4 8 1.0
4 89 1.0
4 97 1.0
5 8 28.0
5 11 10.0
5 14 16.0
5 15 4.0
5 18 7.0
5 19 1.0
5 24 3.0
5 26 2.0
5 36 16.0
5 37 1.0
5 40 2.0
5 43 4.0
5 48 2.0
5 49 2.0
5 57 9.0
5 58 2.0
5 60 3.0
5 65 16.0
5 67 6.0
5 70 9.0
5 71 5.0
5 73 5.0
5 74 1.0
5 80 1.0
5 81 1.0
5 87 9.0
5 89 7.0
5 93 3.0
5 99 1.0
5 106 1.0
6 8 1.0
6 14 1.0
6 19 1.0
6 34 2.0
6 38 1.0
6 40 1.0
6 45 1.0
7 4 1.0
7 8 3.0
7 14 10.0
7 15 3.0
7 18 3.0
7 20 1.0
7 23 1.0
7 24 2.0
7 40 3.0
7 41 15.0
7 43 4.0
7 47 2.0
7 49 1.0
7 57 3.0
7 60 2.0
7 65 9.0
7 67 2.0
7 70 6.0
7 71 7.0
7 73 7.0
7 74 9.0
7 86 1.0
7 87 74.0
7 89 17.0
7 90 2.0
7 93 15.0
7 97 1.0
7 102 1.0
8 0 1.0
8 3 4.0
8 4 1.0
8 5 28.0
8 6 1.0
8 7 3.0
8 11 5.0
8 14 423.0
8 15 27.0
8 16 5.0
8 18 107.0
8 19 1.0
8 21 1.0
8 23 1.0
8 24 119.0
8 25 1.0
8 26 51.0
8 28 4.0
8 31 3.0
8 32 10.0
8 33 2.0
8 34 38.0
8 35 4.0
8 36 17.0
8 37 8.0
8 38 4.0
8 39 2.0
8 40 55.0
8 41 27.0
8 43 65.0
8 44 8.0
8 45 1.0
8 46 6.0
8 47 2.0
8 48 5.0
8 49 10.0
8 52 1.0
8 53 3.0
8 55 3.0
8 56 1.0
8 57 45.0
8 58 2.0
8 61 10.0
8 64 2.0
8 65 259.0
8 67 279.0
8 70 12.0
8 71 137.0
8 72 4.0
8 73 122.0
8 74 3.0
8 75 9.0
8 76 33.0
8 80 12.0
8 81 1.0
8 86 5.0
8 87 92.0
8 89 95.0
8 90 10.0
8 93 3.0
8 94 1.0
8 95 18.0
8 96 3.0
8 97 14.0
8 98 5.0
8 99 15.0
8 101 3.0
8 103 4.0
8 106 14.0
9 17 1.0
9 18 1.0
9 26 1.0
9 50 1.0
9 52 1.0
9 56 1.0
9 58 3.0
9 67 1.0
9 69 1.0
9 86 1.0
9 89 1.0
9 93 1.0
9 100 4.0
10 47 4.0
10 70 1.0
10 77 2.0
11 5 10.0
11 8 5.0
11 24 1.0
11 36 1.0
11 41 1.0
11 42 1.0
11 44 1.0
11 49 1.0
11 65 2.0
11 72 1.0
11 73 1.0
11 89 2.0
11 95 1.0
12 36 1.0
12 47 1.0
12 77 1.0
13 14 2.0
13 34 1.0
13 65 1.0
13 71 1.0
13 73 2.0
13 80 1.0
13 96 1.0
14 0 5.0
14 3 2.0
14 5 16.0
14 6 1.0
14 7 10.0
14 8 423.0
14 13 2.0
14 15 28.0
14 16 8.0
14 18 285.0
14 19 6.0
14 21 2.0
14 23 3.0
14 24 336.0
14 25 2.0
14 26 103.0
14 28 8.0
14 31 9.0
14 32 16.0
14 33 3.0
14 34 94.0
14 35 2.0
14 36 25.0
14 37 11.0
14 38 1.0
14 39 2.0
14 40 145.0
14 41 30.0
14 43 291.0
14 44 7.0
14 45 1.0
14 46 22.0
14 47 1.0
14 48 5.0
14 49 8.0
14 50 1.0
14 52 1.0
14 53 3.0
14 56 2.0
14 57 70.0
14 58 1.0
14 59 1.0
14 60 3.0
14 61 6.0
14 63 1.0
14 64 1.0
14 65 916.0
14 67 720.0
14 69 1.0
14 70 18.0
14 71 342.0
14 73 374.0
14 74 11.0
14 75 6.0
14 76 22.0
14 80 7.0
14 81 5.0
14 83 1.0
14 86 37.0
14 87 282.0
14 89 238.0
14 90 24.0
14 93 3.0
14 94 5.0
14 95 40.0
14 96 28.0
14 97 40.0
14 98 5.0
14 99 40.0
14 101 7.0
14 102 1.0
14 103 6.0
14 104 1.0
14 106 13.0
15 5 4.0
15 7 3.0
15 8 27.0
15 14 28.0
15 16 1.0
15 18 10.0
15 19 2.0
15 24 3.0
15 26 2.0
15 32 1.0
15 33 2.0
15 34 4.0
15 36 2.0
15 37 1.0
15 38 2.0
15 40 4.0
15 41 4.0
15 43 5.0
15 44 1.0
15 45 6.0
15 49 1.0
15 50 1.0
15 57 23.0
15 61 1.0
15 65 17.0
15 67 11.0
15 70 1.0
15 71 7.0
15 72 1.0
15 73 8.0
15 75 1.0
15 76 71.0
15 86 1.0
15 87 12.0
15 89 10.0
15 90 1.0
15 93 1.0
15 101 1.0
15 106 26.0
16 8 5.0
16 14 8.0
16 15 1.0
16 18 5.0
16 24 2.0
16 31 1.0
16 32 1.0
16 34 2.0
16 40 19.0
16 43 3.0
16 58 1.0
16 65 5.0
16 67 6.0
16 70 1.0
16 71 7.0
16 73 14.0
16 76 1.0
16 87 2.0
16 94 1.0
16 95 1.0
16 99 3.0
16 106 1.0
17 9 1.0
17 69 1.0
18 5 7.0
18 7 3.0
18 8 107.0
18 9 1.0
18 14 285.0
18 15 10.0
18 16 5.0
18 22 1.0
18 23 1.0
18 24 92.0
18 26 18.0
18 31 4.0
18 32 10.0
18 33 2.0
18 34 28.0
18 36 6.0
18 37 4.0
18 39 1.0
18 40 141.0
18 41 14.0
18 43 85.0
18 45 1.0
18 46 7.0
18 48 2.0
18 49 5.0
18 53 1.0
18 57 26.0
18 61 1.0
18 65 388.0
18 67 110.0
18 70 9.0
18 71 183.0
18 72 2.0
18 73 336.0
18 74 44.0
18 75 6.0
18 76 11.0
18 80 3.0
18 81 3.0
18 86 4.0
18 87 89.0
18 88 1.0
18 89 70.0
18 90 11.0
18 93 1.0
18 94 1.0
18 95 7.0
18 96 6.0
18 97 13.0
18 98 1.0
18 99 6.0
18 101 4.0
18 106 5.0
19 5 1.0
19 6 1.0
19 8 1.0
19 14 6.0
19 15 2.0
19 24 1.0
19 26 1.0
19 33 6.0
19 34 1.0
19 41 1.0
19 57 9.0
19 65 1.0
19 73 2.0
19 75 2.0
19 76 2.0
19 79 1.0
19 80 2.0
19 86 1.0
19 87 1.0
19 101 1.0
20 7 1.0
20 49 1.0
20 70 1.0
21 8 1.0
21 14 2.0
21 36 1.0
21 65 1.0
21 73 1.0
21 76 1.0
21 89 1.0
21 104 2.0
22 18 1.0
22 89 1.0
23 7 1.0
23 8 1.0
23 14 3.0
23 18 1.0
23 26 8.0
23 34 2.0
23 57 2.0
23 67 1.0
23 73 1.0
23 76 1.0
23 90 1.0
24 3 1.0
24 5 3.0
24 7 2.0
24 8 119.0
24 11 1.0
24 14 336.0
24 15 3.0
24 16 2.0
24 18 92.0
24 19 1.0
24 26 7.0
24 31 6.0
24 32 15.0
24 34 19.0
24 35 1.0
24 36 2.0
24 37 3.0
24 38 1.0
24 40 66.0
24 41 16.0
24 43 179.0
24 44 1.0
24 46 5.0
24 49 1.0
24 57 15.0
24 61 1.0
24 63 1.0
24 64 2.0
24 65 645.0
24 67 226.0
24 70 5.0
24 71 124.0
24 73 102.0
24 74 9.0
24 76 7.0
24 80 2.0
24 86 11.0
24 87 75.0
24 89 57.0
24 90 5.0
24 95 10.0
24 96 3.0
24 97 11.0
24 98 2.0
24 99 9.0
24 103 3.0
24 106 2.0
25 8 1.0
25 14 2.0
25 39 1.0
25 40 1.0
25 43 1.0
25 57 1.0
25 65 2.0
25 67 1.0
25 73 1.0
25 87 1.0
25 89 1.0
25 95 1.0
26 5 2.0
26 8 51.0
26 9 1.0
26 14 103.0
26 15 2.0
26 18 18.0
26 19 1.0
26 23 8.0
26 24 7.0
26 32 1.0
26 33 1.0
26 34 7.0
26 38 1.0
26 40 7.0
26 41 4.0
26 43 8.0
26 44 3.0
26 46 1.0
26 51 1.0
26 57 18.0
26 59 1.0
26 61 1.0
26 63 2.0
26 65 27.0
26 67 31.0
26 69 1.0
26 71 21.0
26 72 1.0
26 73 18.0
26 74 2.0
26 75 3.0
26 76 6.0
26 79 1.0
26 80 2.0
26 86 4.0
26 87 28.0
26 89 15.0
26 93 2.0
26 96 1.0
26 97 4.0
26 98 1.0
26 101 1.0
26 106 1.0
27 34 1.0
27 87 2.0
28 8 4.0
28 14 8.0
28 34 2.0
28 37 3.0
28 40 3.0
28 43 3.0
28 57 2.0
28 65 3.0
28 67 1.0
28 71 3.0
28 73 6.0
28 74 1.0
28 86 1.0
28 90 1.0
29 43 1.0
29 49 1.0
29 61 1.0
29 87 2.0
29 89 6.0
30 49 1.0
30 51 1.0
30 72 1.0
31 8 3.0
31 14 9.0
31 16 1.0
31 18 4.0
31 24 6.0
31 32 2.0
31 37 1.0
31 40 5.0
31 41 2.0
31 43 7.0
31 46 2.0
31 57 1.0
31 65 9.0
31 67 18.0
31 71 1.0
31 73 9.0
31 86 7.0
31 87 5.0
31 89 1.0
31 96 2.0
31 97 1.0
31 98 2.0
32 0 1.0
32 8 10.0
32 14 16.0
32 15 1.0
32 16 1.0
32 18 10.0
32 24 15.0
32 26 1.0
32 31 2.0
32 34 3.0
32 36 1.0
32 37 3.0
32 40 22.0
32 41 2.0
32 43 18.0
32 46 20.0
32 57 1.0
32 65 26.0
32 67 17.0
32 71 5.0
32 73 11.0
32 75 1.0
32 80 1.0
32 87 4.0
32 89 11.0
32 95 7.0
32 96 1.0
32 99 2.0
32 106 1.0
33 8 2.0
33 14 3.0
33 15 2.0
33 18 2.0
33 19 6.0
33 26 1.0
33 37 1.0
33 43 1.0
33 44 1.0
33 49 1.0
33 57 13.0
33 65 1.0
33 71 3.0
33 75 3.0
33 76 8.0
33 86 1.0
33 87 2.0
33 101 2.0
33 106 2.0
34 0 1.0
34 3 1.0
34 6 2.0
34 8 38.0
34 13 1.0
34 14 94.0
34 15 4.0
34 16 2.0
34 18 28.0
34 19 1.0
34 23 2.0
34 24 19.0
34 26 7.0
34 27 1.0
34 28 2.0
34 32 3.0
34 37 2.0
34 40 23.0
34 41 3.0
34 43 22.0
34 44 3.0
34 49 3.0
34 50 1.0
34 57 9.0
34 58 2.0
34 64 1.0
34 65 70.0
34 67 34.0
34 70 1.0
34 71 142.0
34 72 1.0
34 73 44.0
34 74 5.0
34 75 1.0
34 76 4.0
34 81 1.0
34 87 31.0
34 89 19.0
34 90 4.0
34 95 3.0
34 97 7.0
34 98 2.0
34 99 2.0
34 103 1.0
34 106 1.0
35 8 4.0
35 14 2.0
35 24 1.0
35 43 1.0
35 57 1.0
35 67 2.0
35 71 1.0
35 73 2.0
36 3 1.0
36 5 16.0
36 8 17.0
36 11 1.0
36 12 1.0
36 14 25.0
36 15 2.0
36 18 6.0
36 21 1.0
36 24 2.0
36 32 1.0
36 40 2.0
36 41 1.0
36 43 7.0
36 49 13.0
36 57 1.0
36 61 1.0
36 65 14.0
36 67 14.0
36 69 1.0
36 70 21.0
36 71 3.0
36 72 3.0
36 73 12.0
36 76 1.0
36 87 6.0
36 89 9.0
36 90 1.0
36 93 1.0
36 97 1.0
36 99 2.0
36 106 2.0
37 5 1.0
37 8 8.0
37 14 11.0
37 15 1.0
37 18 4.0
37 24 3.0
37 28 3.0
37 31 1.0
37 32 3.0
37 33 1.0
37 34 2.0
37 40 2.0
37 41 3.0
37 43 15.0
37 46 8.0
37 53 1.0
37 57 3.0
37 65 9.0
37 67 7.0
37 71 17.0
37 73 36.0
37 74 3.0
37 76 1.0
37 80 1.0
37 86 10.0
37 87 7.0
37 89 6.0
37 90 7.0
37 96 2.0
37 97 6.0
37 99 1.0
37 101 2.0
38 6 1.0
38 8 4.0
38 14 1.0
38 15 2.0
38 24 1.0
38 26 1.0
38 41 1.0
38 67 1.0
38 71 2.0
38 73 1.0
38 75 1.0
38 80 4.0
38 81 3.0
38 89 1.0
38 104 1.0
39 8 2.0
39 14 2.0
39 18 1.0
39 25 1.0
39 43 1.0
39 46 2.0
39 71 2.0
40 5 2.0
40 6 1.0
40 7 3.0
40 8 55.0
40 14 145.0
40 15 4.0
40 16 19.0
40 18 141.0
40 24 66.0
40 25 1.0
40 26 7.0
40 28 3.0
40 31 5.0
40 32 22.0
40 34 23.0
40 36 2.0
40 37 2.0
40 41 4.0
40 43 49.0
40 44 1.0
40 46 9.0
40 49 2.0
40 57 15.0
40 60 2.0
40 64 1.0
40 65 144.0
40 67 66.0
40 70 3.0
40 71 114.0
40 72 1.0
40 73 201.0
40 74 9.0
40 75 4.0
40 76 3.0
40 80 2.0
40 86 8.0
40 87 61.0
40 89 40.0
40 90 9.0
40 93 1.0
40 95 4.0
40 96 4.0
40 97 9.0
40 98 2.0
40 99 1.0
40 101 2.0
40 106 2.0
41 0 1.0
41 7 15.0
41 8 27.0
41 11 1.0
41 14 30.0
41 15 4.0
41 18 14.0
41 19 1.0
41 24 16.0
41 26 4.0
41 31 2.0
41 32 2.0
41 34 3.0
41 36 1.0
41 37 3.0
41 38 1.0
41 40 4.0
41 43 22.0
41 49 1.0
41 57 13.0
41 65 30.0
41 67 12.0
41 70 9.0
41 71 16.0
41 72 3.0
41 73 26.0
41 74 8.0
41 75 1.0
41 76 3.0
41 81 1.0
41 86 4.0
41 87 72.0
41 89 30.0
41 90 4.0
41 93 11.0
41 95 1.0
41 96 1.0
41 97 2.0
41 98 1.0
41 99 1.0
41 106 3.0
42 11 1.0
43 5 4.0
43 7 4.0
43 8 65.0
43 14 291.0
43 15 5.0
43 16 3.0
43 18 85.0
43 24 179.0
43 25 1.0
43 26 8.0
43 28 3.0
43 29 1.0
43 31 7.0
43 32 18.0
43 33 1.0
43 34 22.0
43 35 1.0
43 36 7.0
43 37 15.0
43 39 1.0
43 40 49.0
43 41 22.0
43 44 1.0
43 46 11.0
43 49 3.0
43 57 23.0
43 65 484.0
43 67 134.0
43 70 4.0
43 71 135.0
43 73 289.0
43 74 8.0
43 75 1.0
43 76 2.0
43 80 3.0
43 81 1.0
43 86 36.0
43 87 131.0
43 89 65.0
43 90 23.0
43 93 2.0
43 94 2.0
43 95 3.0
43 96 13.0
43 97 29.0
43 99 8.0
43 106 1.0
44 3 1.0
44 8 8.0
44 11 1.0
44 14 7.0
44 15 1.0
44 24 1.0
44 26 3.0
44 33 1.0
44 34 3.0
44 40 1.0
44 43 1.0
44 49 1.0
44 57 41.0
44 65 3.0
44 67 2.0
44 70 2.0
44 71 4.0
44 73 1.0
44 74 1.0
44 76 1.0
44 80 1.0
44 81 2.0
44 86 1.0
44 87 1.0
44 89 2.0
44 101 2.0
45 6 1.0
45 8 1.0
45 14 1.0
45 15 6.0
45 18 1.0
45 57 2.0
45 67 1.0
45 70 1.0
45 75 1.0
45 76 3.0
45 99 1.0
45 106 1.0
46 8 6.0
46 14 22.0
46 18 7.0
46 24 5.0
46 26 1.0
46 31 2.0
46 32 20.0
46 37 8.0
46 39 2.0
46 40 9.0
46 43 11.0
46 49 1.0
46 57 1.0
46 61 1.0
46 64 1.0
46 65 19.0
46 67 19.0
46 71 8.0
46 73 7.0
46 76 1.0
46 86 1.0
46 87 3.0
46 89 6.0
46 95 6.0
46 97 3.0
46 99 1.0
47 7 2.0
47 8 2.0
47 10 4.0
47 12 1.0
47 14 1.0
47 49 1.0
47 65 2.0
47 70 2.0
47 71 1.0
47 72 1.0
47 73 1.0
47 77 1.0
47 87 1.0
47 89 1.0
47 92 1.0
48 5 2.0
48 8 5.0
48 14 5.0
48 18 2.0
48 67 1.0
48 73 1.0
48 80 1.0
49 0 1.0
49 5 2.0
49 7 1.0
49 8 10.0
49 11 1.0
49 14 8.0
49 15 1.0
49 18 5.0
49 20 1.0
49 24 1.0
49 29 1.0
49 30 1.0
49 33 1.0
49 34 3.0
49 36 13.0
49 40 2.0
49 41 1.0
49 43 3.0
49 44 1.0
49 46 1.0
49 47 1.0
49 50 1.0
49 57 5.0
49 59 3.0
49 62 3.0
49 65 12.0
49 67 1.0
49 69 6.0
49 70 6.0
49 71 1.0
49 72 39.0
49 73 8.0
49 74 1.0
49 75 1.0
49 79 1.0
49 87 11.0
49 89 9.0
49 93 1.0
49 98 1.0
49 102 1.0
49 106 1.0
50 9 1.0
50 14 1.0
50 15 1.0
50 34 1.0
50 49 1.0
50 56 2.0
50 65 1.0
50 72 1.0
51 26 1.0
51 30 1.0
51 73 1.0
52 2 2.0
52 8 1.0
52 9 1.0
52 14 1.0
52 56 1.0
52 58 1.0
52 68 1.0
52 72 1.0
53 8 3.0
53 14 3.0
53 18 1.0
53 37 1.0
53 57 1.0
53 67 1.0
53 71 2.0
53 80 1.0
53 86 2.0
53 87 1.0
53 89 1.0
53 90 1.0
54 57 1.0
54 106 1.0
55 8 3.0
55 81 1.0
56 2 3.0
56 8 1.0
56 9 1.0
56 14 2.0
56 50 2.0
56 52 1.0
56 58 3.0
56 65 1.0
56 69 1.0
56 70 1.0
56 72 1.0
56 89 2.0
56 105 1.0
57 0 3.0
57 5 9.0
57 7 3.0
57 8 45.0
57 14 70.0
57 15 23.0
57 18 26.0
57 19 9.0
57 23 2.0
57 24 15.0
57 25 1.0
57 26 18.0
57 28 2.0
57 31 1.0
57 32 1.0
57 33 13.0
57 34 9.0
57 35 1.0
57 36 1.0
57 37 3.0
57 40 15.0
57 41 13.0
57 43 23.0
57 44 41.0
57 45 2.0
57 46 1.0
57 49 5.0
57 53 1.0
57 54 1.0
57 58 1.0
57 61 14.0
57 65 60.0
57 67 32.0
57 70 2.0
57 71 43.0
57 72 5.0
57 73 68.0
57 74 10.0
57 75 4.0
57 76 37.0
57 79 2.0
57 80 16.0
57 81 5.0
57 86 5.0
57 87 23.0
57 89 19.0
57 90 10.0
57 93 2.0
57 94 1.0
57 95 2.0
57 98 1.0
57 99 4.0
57 101 1.0
57 103 1.0
57 106 11.0
58 5 2.0
58 8 2.0
58 9 3.0
58 14 1.0
58 16 1.0
58 34 2.0
58 52 1.0
58 56 3.0
58 57 1.0
58 65 1.0
58 66 1.0
58 87 1.0
58 97 2.0
58 105 1.0
59 14 1.0
59 26 1.0
59 49 3.0
59 69 1.0
59 72 1.0
59 87 1.0
60 5 3.0
60 7 2.0
60 14 3.0
60 40 2.0
60 61 1.0
60 70 6.0
60 71 1.0
60 102 5.0
61 0 1.0
61 8 10.0
61 14 6.0
61 15 1.0
61 18 1.0
61 24 1.0
61 26 1.0
61 29 1.0
61 36 1.0
61 46 1.0
61 57 14.0
61 60 1.0
61 65 3.0
61 67 2.0
61 71 3.0
61 73 4.0
61 76 5.0
61 80 1.0
61 87 1.0
61 89 5.0
61 95 2.0
61 106 4.0
62 49 3.0
62 69 2.0
62 72 9.0
63 14 1.0
63 24 1.0
63 26 2.0
63 73 1.0
63 89 1.0
64 8 2.0
64 14 1.0
64 24 2.0
64 34 1.0
64 40 1.0
64 46 1.0
64 65 2.0
64 89 1.0
64 97 1.0
64 99 1.0
65 0 2.0
65 2 1.0
65 5 16.0
65 7 9.0
65 8 259.0
65 11 2.0
65 13 1.0
65 14 916.0
65 15 17.0
65 16 5.0
65 18 388.0
65 19 1.0
65 21 1.0
65 24 645.0
65 25 2.0
65 26 27.0
65 28 3.0
65 31 9.0
65 32 26.0
65 33 1.0
65 34 70.0
65 36 14.0
65 37 9.0
65 40 144.0
65 41 30.0
65 43 484.0
65 44 3.0
65 46 19.0
65 47 2.0
65 49 12.0
65 50 1.0
65 56 1.0
65 57 60.0
65 58 1.0
65 61 3.0
65 64 2.0
65 67 449.0
65 69 2.0
65 70 15.0
65 71 304.0
65 72 4.0
65 73 499.0
65 74 17.0
65 75 8.0
65 76 13.0
65 80 3.0
65 81 1.0
65 86 32.0
65 87 295.0
65 89 194.0
65 90 19.0
65 93 2.0
65 94 1.0
65 95 17.0
65 96 27.0
65 97 41.0
65 98 9.0
65 99 15.0
65 101 2.0
65 103 2.0
65 106 7.0
66 58 1.0
67 0 1.0
67 3 2.0
67 5 6.0
67 7 2.0
67 8 279.0
67 9 1.0
67 14 720.0
67 15 11.0
67 16 6.0
67 18 110.0
67 23 1.0
67 24 226.0
67 25 1.0
67 26 31.0
67 28 1.0
67 31 18.0
67 32 17.0
67 34 34.0
67 35 2.0
67 36 14.0
67 37 7.0
67 38 1.0
67 40 66.0
67 41 12.0
67 43 134.0
67 44 2.0
67 45 1.0
67 46 19.0
67 48 1.0
67 49 1.0
67 53 1.0
67 57 32.0
67 61 2.0
67 65 449.0
67 70 5.0
67 71 212.0
67 72 4.0
67 73 155.0
67 74 10.0
67 75 2.0
67 76 12.0
67 80 3.0
67 86 10.0
67 87 118.0
67 89 120.0
67 90 14.0
67 92 1.0
67 93 2.0
67 94 4.0
67 95 24.0
67 96 9.0
67 97 7.0
67 98 9.0
67 99 24.0
67 101 2.0
67 103 3.0
67 104 1.0
67 106 8.0
67 107 1.0
68 52 1.0
69 9 1.0
69 14 1.0
69 17 1.0
69 26 1.0
69 36 1.0
69 49 6.0
69 56 1.0
69 59 1.0
69 62 2.0
69 65 2.0
69 72 4.0
69 76 1.0
69 93 1.0
70 5 9.0
70 7 6.0
70 8 12.0
70 10 1.0
70 14 18.0
70 15 1.0
70 16 1.0
70 18 9.0
70 20 1.0
70 24 5.0
70 34 1.0
70 36 21.0
70 40 3.0
70 41 9.0
70 43 4.0
70 44 2.0
70 45 1.0
70 47 2.0
70 49 6.0
70 56 1.0
70 57 2.0
70 60 6.0
70 65 15.0
70 67 5.0
70 71 4.0
70 72 2.0
70 73 8.0
70 75 2.0
70 76 3.0
70 81 1.0
70 86 1.0
70 87 25.0
70 89 6.0
70 93 5.0
70 98 1.0
70 102 6.0
70 106 2.0
71 0 2.0
71 2 1.0
71 5 5.0
71 7 7.0
71 8 137.0
71 13 1.0
71 14 342.0
71 15 7.0
71 16 7.0
71 18 183.0
71 24 124.0
71 26 21.0
71 28 3.0
71 31 1.0
71 32 5.0
71 33 3.0
71 34 142.0
71 35 1.0
71 36 3.0
71 37 17.0
71 38 2.0
71 39 2.0
71 40 114.0
71 41 16.0
71 43 135.0
71 44 4.0
71 46 8.0
71 47 1.0
71 49 1.0
71 53 2.0
71 57 43.0
71 60 1.0
71 61 3.0
71 65 304.0
71 67 212.0
71 70 4.0
71 73 244.0
71 74 26.0
71 75 7.0
71 76 9.0
71 80 4.0
71 81 1.0
71 86 21.0
71 87 111.0
71 89 83.0
71 90 5.0
71 93 3.0
71 94 1.0
71 95 6.0
71 96 6.0
71 97 24.0
71 99 5.0
71 101 4.0
71 106 2.0
72 0 1.0
72 2 1.0
72 8 4.0
72 11 1.0
72 15 1.0
72 18 2.0
72 26 1.0
72 30 1.0
72 34 1.0
72 36 3.0
72 40 1.0
72 41 3.0
72 47 1.0
72 49 39.0
72 50 1.0
72 52 1.0
72 56 1.0
72 57 5.0
72 59 1.0
72 62 9.0
72 65 4.0
72 67 4.0
72 69 4.0
72 70 2.0
72 73 1.0
72 86 1.0
72 87 3.0
72 89 5.0
72 95 2.0
72 100 1.0
73 0 2.0
73 1 1.0
73 5 5.0
73 7 7.0
73 8 122.0
73 11 1.0
73 13 2.0
73 14 374.0
73 15 8.0
73 16 14.0
73 18 336.0
73 19 2.0
73 21 1.0
73 23 1.0
73 24 102.0
73 25 1.0
73 26 18.0
73 28 6.0
73 31 9.0
73 32 11.0
73 34 44.0
73 35 2.0
73 36 12.0
73 37 36.0
73 38 1.0
73 40 201.0
73 41 26.0
73 43 289.0
73 44 1.0
73 46 7.0
73 47 1.0
73 48 1.0
73 49 8.0
73 51 1.0
73 57 68.0
73 61 4.0
73 63 1.0
73 65 499.0
73 67 155.0
73 70 8.0
73 71 244.0
73 72 1.0
73 74 101.0
73 75 5.0
73 76 18.0
73 80 5.0
73 86 104.0
73 87 178.0
73 89 83.0
73 90 37.0
73 93 5.0
73 94 3.0
73 95 12.0
73 96 22.0
73 97 51.0
73 98 1.0
73 99 6.0
73 101 1.0
73 102 1.0
73 103 1.0
73 106 3.0
74 2 1.0
74 5 1.0
74 7 9.0
74 8 3.0
74 14 11.0
74 18 44.0
74 24 9.0
74 26 2.0
74 28 1.0
74 34 5.0
74 37 3.0
74 40 9.0
74 41 8.0
74 43 8.0
74 44 1.0
74 49 1.0
74 57 10.0
74 65 17.0
74 67 10.0
74 71 26.0
74 73 101.0
74 75 1.0
74 86 5.0
74 87 23.0
74 89 7.0
74 90 7.0
74 93 2.0
74 96 2.0
74 97 3.0
75 8 9.0
75 14 6.0
75 15 1.0
75 18 6.0
75 19 2.0
75 26 3.0
75 32 1.0
75 33 3.0
75 34 1.0
75 38 1.0
75 40 4.0
75 41 1.0
75 43 1.0
75 45 1.0
75 49 1.0
75 57 4.0
75 65 8.0
75 67 2.0
75 70 2.0
75 71 7.0
75 73 5.0
75 74 1.0
75 76 3.0
75 79 1.0
75 80 1.0
75 81 1.0
75 87 7.0
75 89 1.0
75 101 2.0
76 8 33.0
76 14 22.0
76 15 71.0
76 16 1.0
76 18 11.0
76 19 2.0
76 21 1.0
76 23 1.0
76 24 7.0
76 26 6.0
76 33 8.0
76 34 4.0
76 36 1.0
76 37 1.0
76 40 3.0
76 41 3.0
76 43 2.0
76 44 1.0
76 45 3.0
76 46 1.0
76 57 37.0
76 61 5.0
76 65 13.0
76 67 12.0
76 69 1.0
76 70 3.0
76 71 9.0
76 73 18.0
76 75 3.0
76 79 1.0
76 80 2.0
76 86 1.0
76 87 12.0
76 89 17.0
76 90 2.0
76 95 1.0
76 97 3.0
76 101 7.0
76 106 13.0
77 10 2.0
77 12 1.0
77 47 1.0
77 106 1.0
79 19 1.0
79 26 1.0
79 49 1.0
79 57 2.0
79 75 1.0
79 76 1.0
79 89 1.0
80 5 1.0
80 8 12.0
80 13 1.0
80 14 7.0
80 18 3.0
80 19 2.0
80 24 2.0
80 26 2.0
80 32 1.0
80 37 1.0
80 38 4.0
80 40 2.0
80 43 3.0
80 44 1.0
80 48 1.0
80 53 1.0
80 57 16.0
80 61 1.0
80 65 3.0
80 67 3.0
80 71 4.0
80 73 5.0
80 75 1.0
80 76 2.0
81 5 1.0
81 8 1.0
81 14 5.0
81 18 3.0
81 34 1.0
81 38 3.0
81 41 1.0
81 43 1.0
81 44 2.0
81 55 1.0
81 57 5.0
81 65 1.0
81 70 1.0
81 71 1.0
81 75 1.0
81 89 1.0
83 14 1.0
84 89 1.0
85 96 1.0
86 0 1.0
86 7 1.0
86 8 5.0
86 9 1.0
86 14 37.0
86 15 1.0
86 18 4.0
86 19 1.0
86 24 11.0
86 26 4.0
86 28 1.0
86 31 7.0
86 33 1.0
86 37 10.0
86 40 8.0
86 41 4.0
86 43 36.0
86 44 1.0
86 46 1.0
86 53 2.0
86 57 5.0
86 65 32.0
86 67 10.0
86 70 1.0
86 71 21.0
86 72 1.0
86 73 104.0
86 74 5.0
86 76 1.0
86 87 25.0
86 89 7.0
86 90 5.0
86 93 2.0
86 96 3.0
86 97 6.0
86 98 1.0
87 0 7.0
87 3 2.0
87 5 9.0
87 7 74.0
87 8 92.0
87 14 282.0
87 15 12.0
87 16 2.0
87 18 89.0
87 19 1.0
87 24 75.0
87 25 1.0
87 26 28.0
87 27 2.0
87 29 2.0
87 31 5.0
87 32 4.0
87 33 2.0
87 34 31.0
87 36 6.0
87 37 7.0
87 40 61.0
87 41 72.0
87 43 131.0
87 44 1.0
87 46 3.0
87 47 1.0
87 49 11.0
87 53 1.0
87 57 23.0
87 58 1.0
87 59 1.0
87 61 1.0
87 65 295.0
87 67 118.0
87 70 25.0
87 71 111.0
87 72 3.0
87 73 178.0
87 74 23.0
87 75 7.0
87 76 12.0
87 86 25.0
87 89 245.0
87 90 18.0
87 93 27.0
87 94 1.0
87 95 5.0
87 96 6.0
87 97 20.0
87 99 3.0
87 101 1.0
87 102 4.0
87 104 1.0
87 106 3.0
88 18 1.0
89 0 6.0
89 3 28.0
89 4 1.0
89 5 7.0
89 7 17.0
89 8 95.0
89 9 1.0
89 11 2.0
89 14 238.0
89 15 10.0
89 18 70.0
89 21 1.0
89 22 1.0
89 24 57.0
89 25 1.0
89 26 15.0
89 29 6.0
89 31 1.0
89 32 11.0
89 34 19.0
89 36 9.0
89 37 6.0
89 38 1.0
89 40 40.0
89 41 30.0
89 43 65.0
89 44 2.0
89 46 6.0
89 47 1.0
89 49 9.0
89 53 1.0
89 56 2.0
89 57 19.0
89 61 5.0
89 63 1.0
89 64 1.0
89 65 194.0
89 67 120.0
89 70 6.0
89 71 83.0
89 72 5.0
89 73 83.0
89 74 7.0
89 75 1.0
89 76 17.0
89 79 1.0
89 81 1.0
89 84 1.0
89 86 7.0
89 87 245.0
89 90 14.0
89 95 9.0
89 96 4.0
89 97 4.0
89 99 7.0
89 101 1.0
89 106 4.0
90 3 1.0
90 7 2.0
90 8 10.0
90 14 24.0
90 15 1.0
90 18 11.0
90 23 1.0
90 24 5.0
90 28 1.0
90 34 4.0
90 36 1.0
90 37 7.0
90 40 9.0
90 41 4.0
90 43 23.0
90 53 1.0
90 57 10.0
90 65 19.0
90 67 14.0
90 71 5.0
90 73 37.0
90 74 7.0
90 76 2.0
90 86 5.0
90 87 18.0
90 89 14.0
90 97 2.0
90 106 1.0
91 2 1.0
92 47 1.0
92 67 1.0
93 5 3.0
93 7 15.0
93 8 3.0
93 9 1.0
93 14 3.0
93 15 1.0
93 18 1.0
93 26 2.0
93 36 1.0
93 40 1.0
93 41 11.0
93 43 2.0
93 49 1.0
93 57 2.0
93 65 2.0
93 67 2.0
93 69 1.0
93 70 5.0
93 71 3.0
93 73 5.0
93 74 2.0
93 86 2.0
93 87 27.0
93 95 1.0
93 102 9.0
93 106 1.0
94 8 1.0
94 14 5.0
94 16 1.0
94 18 1.0
94 43 2.0
94 57 1.0
94 65 1.0
94 67 4.0
94 71 1.0
94 73 3.0
94 87 1.0
94 95 4.0
94 99 1.0
95 8 18.0
95 11 1.0
95 14 40.0
95 16 1.0
95 18 7.0
95 24 10.0
95 25 1.0
95 32 7.0
95 34 3.0
95 40 4.0
95 41 1.0
95 43 3.0
95 46 6.0
95 57 2.0
95 61 2.0
95 65 17.0
95 67 24.0
95 71 6.0
95 72 2.0
95 73 12.0
95 76 1.0
95 87 5.0
95 89 9.0
95 93 1.0
95 94 4.0
95 99 6.0
95 101 1.0
95 106 1.0
96 8 3.0
96 13 1.0
96 14 28.0
96 18 6.0
96 24 3.0
96 26 1.0
96 31 2.0
96 32 1.0
96 37 2.0
96 40 4.0
96 41 1.0
96 43 13.0
96 65 27.0
96 67 9.0
96 71 6.0
96 73 22.0
96 74 2.0
96 85 1.0
96 86 3.0
96 87 6.0
96 89 4.0
96 97 14.0
96 99 1.0
97 4 1.0
97 7 1.0
97 8 14.0
97 14 40.0
97 18 13.0
97 24 11.0
97 26 4.0
97 31 1.0
97 34 7.0
97 36 1.0
97 37 6.0
97 40 9.0
97 41 2.0
97 43 29.0
97 46 3.0
97 58 2.0
97 64 1.0
97 65 41.0
97 67 7.0
97 71 24.0
97 73 51.0
97 74 3.0
97 76 3.0
97 86 6.0
97 87 20.0
97 89 4.0
97 90 2.0
97 96 14.0
97 102 1.0
98 2 1.0
98 8 5.0
98 14 5.0
98 18 1.0
98 24 2.0
98 26 1.0
98 31 2.0
98 34 2.0
98 40 2.0
98 41 1.0
98 49 1.0
98 57 1.0
98 65 9.0
98 67 9.0
98 70 1.0
98 73 1.0
98 86 1.0
98 99 1.0
99 5 1.0
99 8 15.0
99 14 40.0
99 16 3.0
99 18 6.0
99 24 9.0
99 32 2.0
99 34 2.0
99 36 2.0
99 37 1.0
99 40 1.0
99 41 1.0
99 43 8.0
99 45 1.0
99 46 1.0
99 57 4.0
99 64 1.0
99 65 15.0
99 67 24.0
99 71 5.0
99 73 6.0
99 87 3.0
99 89 7.0
99 94 1.0
99 95 6.0
99 96 1.0
99 98 1.0
99 106 1.0
100 9 4.0
100 72 1.0
101 8 3.0
101 14 7.0
101 15 1.0
101 18 4.0
101 19 1.0
101 26 1.0
101 33 2.0
101 37 2.0
101 40 2.0
101 44 2.0
101 57 1.0
101 65 2.0
101 67 2.0
101 71 4.0
101 73 1.0
101 75 2.0
101 76 7.0
101 87 1.0
101 89 1.0
101 95 1.0
101 106 1.0
102 7 1.0
102 14 1.0
102 49 1.0
102 60 5.0
102 70 6.0
102 73 1.0
102 87 4.0
102 93 9.0
102 97 1.0
103 8 4.0
103 14 6.0
103 24 3.0
103 34 1.0
103 57 1.0
103 65 2.0
103 67 3.0
103 73 1.0
104 14 1.0
104 21 2.0
104 38 1.0
104 67 1.0
104 87 1.0
105 56 1.0
105 58 1.0
106 5 1.0
106 8 14.0
106 14 13.0
106 15 26.0
106 16 1.0
106 18 5.0
106 24 2.0
106 26 1.0
106 32 1.0
106 33 2.0
106 34 1.0
106 36 2.0
106 40 2.0
106 41 3.0
106 43 1.0
106 45 1.0
106 49 1.0
106 54 1.0
106 57 11.0
106 61 4.0
106 65 7.0
106 67 8.0
106 70 2.0
106 71 2.0
106 73 3.0
106 76 13.0
106 77 1.0
106 87 3.0
106 89 4.0
106 90 1.0
106 93 1.0
106 95 1.0
106 99 1.0
106 101 1.0
107 67 1.0
