0 1 1.0
0 3 1.0
0 8 1.0
0 14 3.0
0 32 1.0
0 34 2.0
0 43 1.0
0 57 2.0
0 65 1.0
0 67 1.0
0 71 1.0
0 72 1.0
0 73 3.0
0 76 1.0
0 87 8.0
0 89 5.0
0 99 1.0
1 0 1.0
2 52 1.0
2 56 3.0
2 58 1.0
2 65 1.0
2 71 1.0
2 72 1.0
2 91 1.0
2 98 1.0
3 0 1.0
3 8 3.0
3 14 2.0
3 15 1.0
3 24 1.0
3 34 1.0
3 36 1.0
3 57 1.0
3 67 2.0
3 87 2.0
3 89 27.0
3 90 1.0
3 95 2.0
4 8 1.0
4 89 1.0
4 106 1.0
5 8 126.0
5 9 1.0
5 14 58.0
5 15 5.0
5 18 10.0
5 21 1.0
5 24 7.0
5 26 2.0
5 32 1.0
5 34 8.0
5 36 26.0
5 40 4.0
5 41 3.0
5 42 1.0
5 43 11.0
5 44 2.0
5 48 2.0
5 49 3.0
5 57 8.0
5 58 1.0
5 60 3.0
5 65 24.0
5 67 16.0
5 70 45.0
5 71 13.0
5 72 1.0
5 73 12.0
5 74 2.0
5 76 3.0
5 80 1.0
5 81 1.0
5 87 20.0
5 89 16.0
5 90 8.0
5 93 2.0
5 95 5.0
5 97 1.0
5 99 3.0
5 106 2.0
6 8 1.0
6 19 1.0
6 34 2.0
6 38 1.0
6 40 1.0
6 45 1.0
6 95 1.0
7 8 5.0
7 14 16.0
7 15 2.0
7 18 2.0
7 20 1.0
7 23 1.0
7 24 5.0
7 33 1.0
7 36 2.0
7 40 2.0
7 41 18.0
7 43 3.0
7 47 2.0
7 49 1.0
7 57 2.0
7 59 1.0
7 60 2.0
7 65 6.0
7 67 3.0
7 69 1.0
7 70 9.0
7 71 9.0
7 73 5.0
7 74 7.0
7 82 2.0
7 86 1.0
7 87 117.0
7 89 14.0
7 90 2.0
7 93 14.0
7 95 1.0
7 97 1.0
7 102 2.0
8 0 1.0
8 3 3.0
8 4 1.0
8 5 126.0
8 6 1.0
8 7 5.0
8 14 2115.0
8 15 84.0
8 16 13.0
8 18 197.0
8 19 7.0
8 21 4.0
8 23 2.0
8 24 390.0
8 25 4.0
8 26 83.0
8 28 7.0
8 31 7.0
8 32 18.0
8 33 5.0
8 34 300.0
8 35 10.0
8 36 75.0
8 37 15.0
8 38 5.0
8 39 8.0
8 40 96.0
8 41 76.0
8 43 263.0
8 44 11.0
8 45 2.0
8 46 11.0
8 47 2.0
8 48 13.0
8 49 18.0
8 52 1.0
8 53 1.0
8 54 2.0
8 55 3.0
8 56 3.0
8 57 136.0
8 58 4.0
8 60 1.0
8 61 18.0
8 64 3.0
8 65 673.0
8 66 1.0
8 67 1013.0
8 69 5.0
8 70 68.0
8 71 432.0
8 72 26.0
8 73 232.0
8 74 8.0
8 75 13.0
8 76 89.0
8 80 18.0
8 81 5.0
8 86 13.0
8 87 268.0
8 89 232.0
8 90 118.0
8 93 9.0
8 94 4.0
8 95 191.0
8 96 7.0
8 97 19.0
8 98 12.0
8 99 98.0
8 101 6.0
8 103 13.0
8 104 1.0
8 106 36.0
9 5 1.0
9 17 1.0
9 18 1.0
9 26 1.0
9 52 1.0
9 58 3.0
9 67 1.0
9 69 3.0
9 86 1.0
9 89 1.0
9 93 1.0
9 95 1.0
9 100 3.0
10 47 3.0
10 70 1.0
10 77 2.0
10 87 1.0
12 36 1.0
12 47 1.0
12 77 1.0
13 14 4.0
13 34 2.0
13 65 1.0
13 67 2.0
13 71 1.0
13 73 2.0
13 80 1.0
13 95 3.0
13 96 1.0
14 0 3.0
14 3 2.0
14 5 58.0
14 7 16.0
14 8 2115.0
14 13 4.0
14 15 72.0
14 16 17.0
14 18 511.0
14 19 5.0
14 21 1.0
14 23 5.0
14 24 898.0
14 25 6.0
14 26 209.0
14 28 7.0
14 31 16.0
14 32 39.0
14 33 9.0
14 34 568.0
14 35 3.0
14 36 51.0
14 37 11.0
14 38 2.0
14 39 2.0
14 40 275.0
14 41 68.0
14 43 650.0
14 44 19.0
14 45 1.0
14 46 34.0
14 47 2.0
14 48 4.0
14 49 15.0
14 50 2.0
14 53 3.0
14 56 6.0
14 57 200.0
14 58 3.0
14 59 3.0
14 60 1.0
14 61 10.0
14 62 1.0
14 63 1.0
14 64 2.0
14 65 1647.0
14 67 2278.0
14 69 7.0
14 70 49.0
14 71 933.0
14 72 14.0
14 73 609.0
14 74 38.0
14 75 11.0
14 76 72.0
14 79 1.0
14 80 13.0
14 81 11.0
14 83 1.0
14 86 57.0
14 87 802.0
14 89 474.0
14 90 191.0
14 92 1.0
14 93 2.0
14 94 9.0
14 95 337.0
14 96 50.0
14 97 80.0
14 98 6.0
14 99 267.0
14 101 7.0
14 102 1.0
14 103 13.0
14 104 1.0
14 106 41.0
15 3 1.0
15 5 5.0
15 7 2.0
15 8 84.0
15 14 72.0
15 16 1.0
15 18 12.0
15 19 1.0
15 24 7.0
15 26 1.0
15 32 1.0
15 33 5.0
15 34 20.0
15 36 3.0
15 37 1.0
15 38 1.0
15 40 5.0
15 41 2.0
15 43 7.0
15 44 7.0
15 45 7.0
15 46 1.0
15 47 1.0
15 49 1.0
15 57 55.0
15 58 1.0
15 61 3.0
15 65 24.0
15 67 23.0
15 70 2.0
15 71 19.0
15 72 4.0
15 73 14.0
15 75 2.0
15 76 180.0
15 81 1.0
15 86 2.0
15 87 13.0
15 89 19.0
15 90 7.0
15 95 7.0
15 99 5.0
15 101 6.0
15 106 49.0
16 8 13.0
16 14 17.0
16 15 1.0
16 18 5.0
16 24 3.0
16 32 1.0
16 34 7.0
16 40 18.0
16 43 2.0
16 58 1.0
16 65 4.0
16 67 7.0
16 70 1.0
16 71 11.0
16 73 14.0
16 87 1.0
16 94 1.0
16 95 1.0
16 97 1.0
16 99 1.0
16 106 1.0
17 9 1.0
17 62 1.0
17 69 2.0
17 72 1.0
18 5 10.0
18 7 2.0
18 8 197.0
18 9 1.0
18 14 511.0
18 15 12.0
18 16 5.0
18 19 1.0
18 22 1.0
18 24 121.0
18 26 13.0
18 28 1.0
18 31 3.0
18 32 4.0
18 33 1.0
18 34 80.0
18 36 6.0
18 37 3.0
18 39 1.0
18 40 154.0
18 41 16.0
18 43 99.0
18 44 2.0
18 46 7.0
18 48 2.0
18 49 6.0
18 53 1.0
18 57 29.0
18 61 1.0
18 65 351.0
18 67 150.0
18 70 15.0
18 71 269.0
18 72 2.0
18 73 333.0
18 74 57.0
18 75 4.0
18 76 11.0
18 80 3.0
18 81 3.0
18 86 3.0
18 87 109.0
18 88 1.0
18 89 62.0
18 90 22.0
18 93 2.0
18 94 1.0
18 95 29.0
18 96 5.0
18 97 12.0
18 99 16.0
18 101 3.0
18 106 9.0
19 6 1.0
19 8 7.0
19 14 5.0
19 15 1.0
19 18 1.0
19 26 1.0
19 33 6.0
19 34 2.0
19 41 1.0
19 57 12.0
19 65 1.0
19 67 2.0
19 71 1.0
19 73 1.0
19 75 1.0
19 76 4.0
19 79 1.0
19 80 2.0
19 86 1.0
19 87 1.0
19 99 1.0
19 101 1.0
19 106 1.0
20 7 1.0
20 49 1.0
20 70 2.0
20 87 1.0
20 90 1.0
21 5 1.0
21 8 4.0
21 14 1.0
21 36 1.0
21 67 1.0
21 87 1.0
21 89 1.0
21 104 2.0
22 18 1.0
22 34 1.0
23 7 1.0
23 8 2.0
23 14 5.0
23 26 9.0
23 34 4.0
23 57 2.0
23 71 1.0
23 73 1.0
23 76 2.0
23 90 1.0
23 95 1.0
24 3 1.0
24 5 7.0
24 7 5.0
24 8 390.0
24 14 898.0
24 15 7.0
24 16 3.0
24 18 121.0
24 25 1.0
24 26 11.0
24 31 7.0
24 32 15.0
24 34 69.0
24 35 1.0
24 36 6.0
24 37 2.0
24 38 1.0
24 40 76.0
24 41 18.0
24 43 281.0
24 44 1.0
24 46 6.0
24 49 1.0
24 57 25.0
24 61 2.0
24 64 1.0
24 65 912.0
24 67 405.0
24 69 2.0
24 70 9.0
24 71 235.0
24 72 1.0
24 73 145.0
24 74 12.0
24 76 14.0
24 80 3.0
24 86 17.0
24 87 143.0
24 89 86.0
24 90 31.0
24 93 2.0
24 95 48.0
24 96 9.0
24 97 17.0
24 98 2.0
24 99 27.0
24 101 1.0
24 103 3.0
24 106 7.0
25 8 4.0
25 14 6.0
25 24 1.0
25 39 1.0
25 40 1.0
25 43 1.0
25 57 1.0
25 65 1.0
25 67 1.0
25 73 1.0
25 87 2.0
25 89 1.0
25 95 2.0
26 5 2.0
26 8 83.0
26 9 1.0
26 14 209.0
26 15 1.0
26 18 13.0
26 19 1.0
26 23 9.0
26 24 11.0
26 32 1.0
26 33 2.0
26 34 28.0
26 36 2.0
26 37 1.0
26 38 1.0
26 39 1.0
26 40 7.0
26 41 2.0
26 43 10.0
26 44 1.0
26 51 1.0
26 57 33.0
26 61 1.0
26 63 2.0
26 65 30.0
26 67 45.0
26 69 2.0
26 70 1.0
26 71 31.0
26 72 2.0
26 73 21.0
26 74 1.0
26 75 1.0
26 76 5.0
26 79 1.0
26 80 2.0
26 86 3.0
26 87 33.0
26 89 11.0
26 90 7.0
26 93 3.0
26 95 5.0
26 96 2.0
26 97 3.0
26 98 1.0
26 99 7.0
26 101 2.0
26 106 1.0
27 34 1.0
27 67 1.0
27 87 2.0
27 93 1.0
28 8 7.0
28 14 7.0
28 18 1.0
28 34 1.0
28 37 3.0
28 40 2.0
28 43 2.0
28 65 2.0
28 67 1.0
28 71 5.0
28 73 4.0
28 74 1.0
28 86 1.0
28 87 1.0
28 90 3.0
28 95 1.0
29 43 1.0
29 61 1.0
29 67 1.0
29 87 3.0
29 89 8.0
30 69 1.0
30 72 1.0
31 8 7.0
31 14 16.0
31 18 3.0
31 24 7.0
31 32 2.0
31 34 1.0
31 37 2.0
31 40 6.0
31 41 2.0
31 43 8.0
31 57 1.0
31 65 6.0
31 67 29.0
31 71 5.0
31 73 11.0
31 86 6.0
31 87 8.0
31 89 1.0
31 90 2.0
31 95 1.0
31 96 1.0
31 97 1.0
31 98 2.0
32 0 1.0
32 5 1.0
32 8 18.0
32 14 39.0
32 15 1.0
32 16 1.0
32 18 4.0
32 24 15.0
32 26 1.0
32 31 2.0
32 34 4.0
32 36 1.0
32 37 2.0
32 40 20.0
32 41 2.0
32 43 17.0
32 46 20.0
32 65 25.0
32 67 18.0
32 71 9.0
32 73 7.0
32 75 1.0
32 80 1.0
32 87 3.0
32 89 11.0
32 90 4.0
32 95 22.0
32 96 1.0
32 99 7.0
32 106 1.0
33 7 1.0
33 8 5.0
33 14 9.0
33 15 5.0
33 18 1.0
33 19 6.0
33 26 2.0
33 34 4.0
33 37 1.0
33 43 1.0
33 44 1.0
33 49 1.0
33 57 15.0
33 65 1.0
33 67 2.0
33 69 1.0
33 70 1.0
33 71 2.0
33 75 3.0
33 76 11.0
33 86 1.0
33 87 2.0
33 101 2.0
33 106 2.0
34 0 2.0
34 3 1.0
34 5 8.0
34 6 2.0
34 8 300.0
34 13 2.0
34 14 568.0
34 15 20.0
34 16 7.0
34 18 80.0
34 19 2.0
34 22 1.0
34 23 4.0
34 24 69.0
34 26 28.0
34 27 1.0
34 28 1.0
34 31 1.0
34 32 4.0
34 33 4.0
34 36 10.0
34 37 7.0
34 40 90.0
34 41 4.0
34 42 1.0
34 43 69.0
34 44 1.0
34 46 6.0
34 48 1.0
34 49 3.0
34 51 1.0
34 57 44.0
34 58 2.0
34 61 1.0
34 64 1.0
34 65 171.0
34 67 164.0
34 70 7.0
34 71 623.0
34 72 2.0
34 73 135.0
34 74 14.0
34 75 2.0
34 76 22.0
34 80 3.0
34 81 4.0
34 86 6.0
34 87 126.0
34 89 58.0
34 90 55.0
34 94 2.0
34 95 43.0
34 96 3.0
34 97 12.0
34 98 2.0
34 99 25.0
34 101 2.0
34 102 1.0
34 103 4.0
34 106 7.0
35 8 10.0
35 14 3.0
35 24 1.0
35 43 1.0
35 57 1.0
35 67 2.0
35 73 1.0
35 90 1.0
35 95 1.0
36 3 1.0
36 5 26.0
36 7 2.0
36 8 75.0
36 12 1.0
36 14 51.0
36 15 3.0
36 18 6.0
36 21 1.0
36 24 6.0
36 26 2.0
36 32 1.0
36 34 10.0
36 40 3.0
36 41 1.0
36 43 10.0
36 49 14.0
36 57 1.0
36 61 2.0
36 65 16.0
36 67 24.0
36 70 48.0
36 71 17.0
36 72 5.0
36 73 10.0
36 74 2.0
36 76 2.0
36 80 1.0
36 87 14.0
36 89 10.0
36 90 10.0
36 93 1.0
36 95 4.0
36 97 1.0
36 99 4.0
36 106 4.0
37 8 15.0
37 14 11.0
37 15 1.0
37 18 3.0
37 24 2.0
37 26 1.0
37 28 3.0
37 31 2.0
37 32 2.0
37 33 1.0
37 34 7.0
37 40 3.0
37 41 3.0
37 43 14.0
37 46 6.0
37 53 1.0
37 57 3.0
37 65 8.0
37 67 12.0
37 71 19.0
37 73 38.0
37 74 4.0
37 76 1.0
37 80 1.0
37 86 10.0
37 87 14.0
37 89 3.0
37 90 41.0
37 95 1.0
37 96 1.0
37 97 4.0
37 101 2.0
38 6 1.0
38 8 5.0
38 14 2.0
38 15 1.0
38 24 1.0
38 26 1.0
38 41 1.0
38 57 1.0
38 71 2.0
38 73 1.0
38 75 1.0
38 80 4.0
38 81 3.0
38 95 2.0
38 104 1.0
39 8 8.0
39 14 2.0
39 18 1.0
39 25 1.0
39 26 1.0
39 43 1.0
39 46 2.0
39 71 1.0
40 5 4.0
40 6 1.0
40 7 2.0
40 8 96.0
40 14 275.0
40 15 5.0
40 16 18.0
40 18 154.0
40 24 76.0
40 25 1.0
40 26 7.0
40 28 2.0
40 31 6.0
40 32 20.0
40 34 90.0
40 36 3.0
40 37 3.0
40 41 5.0
40 43 55.0
40 46 9.0
40 49 1.0
40 57 23.0
40 60 1.0
40 64 1.0
40 65 131.0
40 67 96.0
40 70 4.0
40 71 192.0
40 73 219.0
40 74 9.0
40 75 2.0
40 76 4.0
40 80 2.0
40 86 9.0
40 87 81.0
40 89 35.0
40 90 26.0
40 93 1.0
40 95 11.0
40 96 5.0
40 97 10.0
40 98 1.0
40 99 5.0
40 101 2.0
40 106 1.0
41 5 3.0
41 7 18.0
41 8 76.0
41 14 68.0
41 15 2.0
41 18 16.0
41 19 1.0
41 24 18.0
41 26 2.0
41 31 2.0
41 32 2.0
41 34 4.0
41 36 1.0
41 37 3.0
41 38 1.0
41 40 5.0
41 43 21.0
41 44 1.0
41 57 10.0
41 65 22.0
41 67 23.0
41 70 10.0
41 71 25.0
41 72 3.0
41 73 23.0
41 74 8.0
41 75 1.0
41 76 3.0
41 81 1.0
41 86 3.0
41 87 112.0
41 89 31.0
41 90 6.0
41 93 10.0
41 95 1.0
41 97 1.0
41 98 1.0
41 106 3.0
42 5 1.0
42 34 1.0
43 0 1.0
43 5 11.0
43 7 3.0
43 8 263.0
43 14 650.0
43 15 7.0
43 16 2.0
43 18 99.0
43 24 281.0
43 25 1.0
43 26 10.0
43 28 2.0
43 29 1.0
43 31 8.0
43 32 17.0
43 33 1.0
43 34 69.0
43 35 1.0
43 36 10.0
43 37 14.0
43 39 1.0
43 40 55.0
43 41 21.0
43 46 11.0
43 49 3.0
43 57 22.0
43 61 1.0
43 65 622.0
43 67 312.0
43 69 1.0
43 70 7.0
43 71 218.0
43 73 342.0
43 74 5.0
43 75 1.0
43 76 6.0
43 80 3.0
43 81 2.0
43 86 41.0
43 87 188.0
43 89 75.0
43 90 54.0
43 93 2.0
43 94 1.0
43 95 27.0
43 96 22.0
43 97 32.0
43 98 1.0
43 99 17.0
43 106 2.0
44 5 2.0
44 8 11.0
44 14 19.0
44 15 7.0
44 18 2.0
44 24 1.0
44 26 1.0
44 33 1.0
44 34 1.0
44 41 1.0
44 57 39.0
44 65 3.0
44 67 5.0
44 70 1.0
44 71 3.0
44 73 3.0
44 74 1.0
44 76 2.0
44 86 1.0
44 87 2.0
44 89 1.0
44 101 1.0
44 106 1.0
45 6 1.0
45 8 2.0
45 14 1.0
45 15 7.0
45 57 3.0
45 70 1.0
45 75 1.0
45 76 6.0
45 87 1.0
45 99 1.0
45 106 1.0
46 8 11.0
46 14 34.0
46 15 1.0
46 18 7.0
46 24 6.0
46 32 20.0
46 34 6.0
46 37 6.0
46 39 2.0
46 40 9.0
46 43 11.0
46 49 1.0
46 57 1.0
46 61 1.0
46 64 2.0
46 65 16.0
46 67 17.0
46 71 9.0
46 73 4.0
46 86 1.0
46 87 3.0
46 89 5.0
46 90 3.0
46 95 14.0
46 97 3.0
46 99 5.0
46 106 1.0
47 7 2.0
47 8 2.0
47 10 3.0
47 12 1.0
47 14 2.0
47 15 1.0
47 49 1.0
47 65 1.0
47 69 1.0
47 70 2.0
47 71 1.0
47 72 1.0
47 73 1.0
47 77 1.0
47 87 2.0
47 92 1.0
48 5 2.0
48 8 13.0
48 14 4.0
48 18 2.0
48 34 1.0
48 67 1.0
48 73 1.0
48 80 1.0
49 5 3.0
49 7 1.0
49 8 18.0
49 14 15.0
49 15 1.0
49 18 6.0
49 20 1.0
49 24 1.0
49 33 1.0
49 34 3.0
49 36 14.0
49 40 1.0
49 43 3.0
49 46 1.0
49 47 1.0
49 50 1.0
49 57 7.0
49 59 12.0
49 62 3.0
49 65 12.0
49 67 5.0
49 69 9.0
49 70 11.0
49 71 6.0
49 72 64.0
49 73 7.0
49 75 1.0
49 79 1.0
49 87 13.0
49 89 10.0
49 93 2.0
49 95 2.0
49 98 1.0
49 99 2.0
49 106 1.0
50 14 2.0
50 49 1.0
50 72 1.0
50 73 1.0
50 106 1.0
51 26 1.0
51 34 1.0
51 73 1.0
52 2 1.0
52 8 1.0
52 9 1.0
52 56 1.0
52 58 1.0
52 68 1.0
52 72 2.0
53 8 1.0
53 14 3.0
53 18 1.0
53 37 1.0
53 57 2.0
53 67 1.0
53 71 2.0
53 73 1.0
53 86 2.0
53 87 1.0
53 89 1.0
53 90 1.0
54 8 2.0
54 57 1.0
54 76 1.0
54 106 3.0
55 8 3.0
55 81 2.0
56 2 3.0
56 8 3.0
56 14 6.0
56 52 1.0
56 58 10.0
56 65 1.0
56 67 2.0
56 69 1.0
56 70 1.0
56 72 4.0
56 76 1.0
56 81 1.0
56 89 2.0
56 91 2.0
56 105 1.0
57 0 2.0
57 3 1.0
57 5 8.0
57 7 2.0
57 8 136.0
57 14 200.0
57 15 55.0
57 18 29.0
57 19 12.0
57 23 2.0
57 24 25.0
57 25 1.0
57 26 33.0
57 31 1.0
57 33 15.0
57 34 44.0
57 35 1.0
57 36 1.0
57 37 3.0
57 38 1.0
57 40 23.0
57 41 10.0
57 43 22.0
57 44 39.0
57 45 3.0
57 46 1.0
57 49 7.0
57 53 2.0
57 54 1.0
57 58 1.0
57 61 18.0
57 65 65.0
57 67 50.0
57 69 2.0
57 70 3.0
57 71 69.0
57 72 5.0
57 73 79.0
57 74 11.0
57 75 4.0
57 76 101.0
57 79 2.0
57 80 18.0
57 81 6.0
57 86 6.0
57 87 39.0
57 89 28.0
57 90 22.0
57 93 1.0
57 94 1.0
57 95 4.0
57 99 9.0
57 101 3.0
57 103 2.0
57 106 31.0
58 2 1.0
58 5 1.0
58 8 4.0
58 9 3.0
58 14 3.0
58 15 1.0
58 16 1.0
58 34 2.0
58 52 1.0
58 56 10.0
58 57 1.0
58 65 1.0
58 66 1.0
58 90 1.0
58 97 1.0
59 7 1.0
59 14 3.0
59 49 12.0
59 69 6.0
59 72 11.0
59 73 1.0
59 87 4.0
60 5 3.0
60 7 2.0
60 8 1.0
60 14 1.0
60 40 1.0
60 61 1.0
60 70 11.0
60 71 1.0
60 87 3.0
60 93 1.0
60 102 4.0
61 8 18.0
61 14 10.0
61 15 3.0
61 18 1.0
61 24 2.0
61 26 1.0
61 29 1.0
61 34 1.0
61 36 2.0
61 43 1.0
61 46 1.0
61 57 18.0
61 60 1.0
61 65 4.0
61 67 5.0
61 71 2.0
61 72 1.0
61 73 4.0
61 76 7.0
61 80 1.0
61 87 6.0
61 89 5.0
61 95 1.0
61 106 4.0
62 14 1.0
62 17 1.0
62 49 3.0
62 69 3.0
62 72 14.0
63 14 1.0
63 26 2.0
63 71 2.0
63 73 1.0
63 90 1.0
63 95 1.0
64 8 3.0
64 14 2.0
64 24 1.0
64 34 1.0
64 40 1.0
64 46 2.0
64 65 1.0
64 67 2.0
64 71 1.0
64 89 1.0
64 95 3.0
64 97 1.0
64 99 2.0
65 0 1.0
65 2 1.0
65 5 24.0
65 7 6.0
65 8 673.0
65 13 1.0
65 14 1647.0
65 15 24.0
65 16 4.0
65 18 351.0
65 19 1.0
65 24 912.0
65 25 1.0
65 26 30.0
65 28 2.0
65 31 6.0
65 32 25.0
65 33 1.0
65 34 171.0
65 36 16.0
65 37 8.0
65 40 131.0
65 41 22.0
65 43 622.0
65 44 3.0
65 46 16.0
65 47 1.0
65 49 12.0
65 56 1.0
65 57 65.0
65 58 1.0
65 61 4.0
65 64 1.0
65 67 694.0
65 69 3.0
65 70 24.0
65 71 472.0
65 72 2.0
65 73 447.0
65 74 18.0
65 75 6.0
65 76 24.0
65 80 1.0
65 81 1.0
65 86 37.0
65 87 360.0
65 89 187.0
65 90 66.0
65 93 2.0
65 94 1.0
65 95 63.0
65 96 30.0
65 97 42.0
65 98 10.0
65 99 43.0
65 101 1.0
65 103 2.0
65 106 13.0
66 8 1.0
66 58 1.0
67 0 1.0
67 3 2.0
67 5 16.0
67 7 3.0
67 8 1013.0
67 9 1.0
67 13 2.0
67 14 2278.0
67 15 23.0
67 16 7.0
67 18 150.0
67 19 2.0
67 21 1.0
67 24 405.0
67 25 1.0
67 26 45.0
67 27 1.0
67 28 1.0
67 29 1.0
67 31 29.0
67 32 18.0
67 33 2.0
67 34 164.0
67 35 2.0
67 36 24.0
67 37 12.0
67 40 96.0
67 41 23.0
67 43 312.0
67 44 5.0
67 46 17.0
67 48 1.0
67 49 5.0
67 53 1.0
67 56 2.0
67 57 50.0
67 61 5.0
67 64 2.0
67 65 694.0
67 69 1.0
67 70 10.0
67 71 415.0
67 72 6.0
67 73 210.0
67 74 8.0
67 75 2.0
67 76 16.0
67 80 3.0
67 81 4.0
67 86 12.0
67 87 221.0
67 89 186.0
67 90 50.0
67 93 2.0
67 94 3.0
67 95 116.0
67 96 10.0
67 97 12.0
67 98 14.0
67 99 85.0
67 101 2.0
67 103 2.0
67 104 1.0
67 106 14.0
67 107 1.0
68 52 1.0
69 7 1.0
69 8 5.0
69 9 3.0
69 14 7.0
69 17 2.0
69 24 2.0
69 26 2.0
69 30 1.0
69 33 1.0
69 43 1.0
69 47 1.0
69 49 9.0
69 56 1.0
69 57 2.0
69 59 6.0
69 62 3.0
69 65 3.0
69 67 1.0
69 70 1.0
69 71 1.0
69 72 23.0
69 73 1.0
69 76 1.0
69 87 2.0
69 89 1.0
69 90 2.0
69 93 1.0
70 5 45.0
70 7 9.0
70 8 68.0
70 10 1.0
70 14 49.0
70 15 2.0
70 16 1.0
70 18 15.0
70 20 2.0
70 24 9.0
70 26 1.0
70 33 1.0
70 34 7.0
70 36 48.0
70 40 4.0
70 41 10.0
70 43 7.0
70 44 1.0
70 45 1.0
70 47 2.0
70 49 11.0
70 56 1.0
70 57 3.0
70 60 11.0
70 65 24.0
70 67 10.0
70 69 1.0
70 71 13.0
70 72 7.0
70 73 15.0
70 75 1.0
70 76 5.0
70 80 2.0
70 81 1.0
70 86 1.0
70 87 68.0
70 89 11.0
70 90 5.0
70 93 8.0
70 95 4.0
70 98 1.0
70 99 4.0
70 102 7.0
70 106 3.0
71 0 1.0
71 2 1.0
71 5 13.0
71 7 9.0
71 8 432.0
71 13 1.0
71 14 933.0
71 15 19.0
71 16 11.0
71 18 269.0
71 19 1.0
71 23 1.0
71 24 235.0
71 26 31.0
71 28 5.0
71 31 5.0
71 32 9.0
71 33 2.0
71 34 623.0
71 36 17.0
71 37 19.0
71 38 2.0
71 39 1.0
71 40 192.0
71 41 25.0
71 43 218.0
71 44 3.0
71 46 9.0
71 47 1.0
71 49 6.0
71 53 2.0
71 57 69.0
71 60 1.0
71 61 2.0
71 63 2.0
71 64 1.0
71 65 472.0
71 67 415.0
71 69 1.0
71 70 13.0
71 72 3.0
71 73 351.0
71 74 42.0
71 75 7.0
71 76 21.0
71 80 2.0
71 81 3.0
71 86 30.0
71 87 221.0
71 89 126.0
71 90 51.0
71 93 2.0
71 94 2.0
71 95 37.0
71 96 11.0
71 97 27.0
71 99 32.0
71 101 5.0
71 106 12.0
72 0 1.0
72 2 1.0
72 5 1.0
72 8 26.0
72 14 14.0
72 15 4.0
72 17 1.0
72 18 2.0
72 24 1.0
72 26 2.0
72 30 1.0
72 34 2.0
72 36 5.0
72 41 3.0
72 47 1.0
72 49 64.0
72 50 1.0
72 52 2.0
72 56 4.0
72 57 5.0
72 59 11.0
72 61 1.0
72 62 14.0
72 65 2.0
72 67 6.0
72 69 23.0
72 70 7.0
72 71 3.0
72 73 4.0
72 76 1.0
72 87 11.0
72 89 5.0
72 95 4.0
72 100 1.0
73 0 3.0
73 5 12.0
73 7 5.0
73 8 232.0
73 13 2.0
73 14 609.0
73 15 14.0
73 16 14.0
73 18 333.0
73 19 1.0
73 23 1.0
73 24 145.0
73 25 1.0
73 26 21.0
73 28 4.0
73 31 11.0
73 32 7.0
73 34 135.0
73 35 1.0
73 36 10.0
73 37 38.0
73 38 1.0
73 40 219.0
73 41 23.0
73 43 342.0
73 44 3.0
73 46 4.0
73 47 1.0
73 48 1.0
73 49 7.0
73 50 1.0
73 51 1.0
73 53 1.0
73 57 79.0
73 59 1.0
73 61 4.0
73 63 1.0
73 65 447.0
73 67 210.0
73 69 1.0
73 70 15.0
73 71 351.0
73 72 4.0
73 74 102.0
73 75 7.0
73 76 20.0
73 80 4.0
73 81 1.0
73 86 102.0
73 87 240.0
73 89 81.0
73 90 79.0
73 93 3.0
73 94 3.0
73 95 34.0
73 96 29.0
73 97 48.0
73 98 1.0
73 99 22.0
73 103 1.0
73 106 2.0
74 5 2.0
74 7 7.0
74 8 8.0
74 14 38.0
74 18 57.0
74 24 12.0
74 26 1.0
74 28 1.0
74 34 14.0
74 36 2.0
74 37 4.0
74 40 9.0
74 41 8.0
74 43 5.0
74 44 1.0
74 57 11.0
74 65 18.0
74 67 8.0
74 71 42.0
74 73 102.0
74 75 1.0
74 80 1.0
74 86 3.0
74 87 37.0
74 89 7.0
74 90 10.0
74 93 2.0
74 95 2.0
74 96 2.0
74 97 2.0
74 99 1.0
75 8 13.0
75 14 11.0
75 15 2.0
75 18 4.0
75 19 1.0
75 26 1.0
75 32 1.0
75 33 3.0
75 34 2.0
75 38 1.0
75 40 2.0
75 41 1.0
75 43 1.0
75 45 1.0
75 49 1.0
75 57 4.0
75 65 6.0
75 67 2.0
75 70 1.0
75 71 7.0
75 73 7.0
75 74 1.0
75 76 3.0
75 79 1.0
75 80 1.0
75 81 1.0
75 87 8.0
75 89 2.0
75 90 1.0
75 101 4.0
76 0 1.0
76 5 3.0
76 8 89.0
76 14 72.0
76 15 180.0
76 18 11.0
76 19 4.0
76 23 2.0
76 24 14.0
76 26 5.0
76 33 11.0
76 34 22.0
76 36 2.0
76 37 1.0
76 40 4.0
76 41 3.0
76 43 6.0
76 44 2.0
76 45 6.0
76 54 1.0
76 56 1.0
76 57 101.0
76 61 7.0
76 65 24.0
76 67 16.0
76 69 1.0
76 70 5.0
76 71 21.0
76 72 1.0
76 73 20.0
76 75 3.0
76 79 2.0
76 80 2.0
76 81 5.0
76 86 1.0
76 87 18.0
76 89 26.0
76 90 5.0
76 93 1.0
76 94 1.0
76 95 8.0
76 97 3.0
76 99 6.0
76 101 9.0
76 103 1.0
76 106 34.0
77 10 2.0
77 12 1.0
77 47 1.0
77 106 1.0
79 14 1.0
79 19 1.0
79 26 1.0
79 49 1.0
79 57 2.0
79 75 1.0
79 76 2.0
79 89 1.0
80 5 1.0
80 8 18.0
80 13 1.0
80 14 13.0
80 18 3.0
80 19 2.0
80 24 3.0
80 26 2.0
80 32 1.0
80 34 3.0
80 36 1.0
80 37 1.0
80 38 4.0
80 40 2.0
80 43 3.0
80 48 1.0
80 57 18.0
80 61 1.0
80 65 1.0
80 67 3.0
80 70 2.0
80 71 2.0
80 73 4.0
80 74 1.0
80 75 1.0
80 76 2.0
80 89 2.0
80 99 1.0
80 106 1.0
81 5 1.0
81 8 5.0
81 14 11.0
81 15 1.0
81 18 3.0
81 34 4.0
81 38 3.0
81 41 1.0
81 43 2.0
81 55 2.0
81 56 1.0
81 57 6.0
81 65 1.0
81 67 4.0
81 70 1.0
81 71 3.0
81 73 1.0
81 75 1.0
81 76 5.0
81 87 2.0
81 89 1.0
82 7 2.0
83 14 1.0
84 89 1.0
85 96 1.0
86 7 1.0
86 8 13.0
86 9 1.0
86 14 57.0
86 15 2.0
86 18 3.0
86 19 1.0
86 24 17.0
86 26 3.0
86 28 1.0
86 31 6.0
86 33 1.0
86 34 6.0
86 37 10.0
86 40 9.0
86 41 3.0
86 43 41.0
86 44 1.0
86 46 1.0
86 53 2.0
86 57 6.0
86 65 37.0
86 67 12.0
86 70 1.0
86 71 30.0
86 73 102.0
86 74 3.0
86 76 1.0
86 87 29.0
86 89 7.0
86 90 15.0
86 93 2.0
86 95 3.0
86 96 4.0
86 97 7.0
86 98 1.0
87 0 8.0
87 3 2.0
87 5 20.0
87 7 117.0
87 8 268.0
87 10 1.0
87 14 802.0
87 15 13.0
87 16 1.0
87 18 109.0
87 19 1.0
87 20 1.0
87 21 1.0
87 24 143.0
87 25 2.0
87 26 33.0
87 27 2.0
87 28 1.0
87 29 3.0
87 31 8.0
87 32 3.0
87 33 2.0
87 34 126.0
87 36 14.0
87 37 14.0
87 40 81.0
87 41 112.0
87 43 188.0
87 44 2.0
87 45 1.0
87 46 3.0
87 47 2.0
87 49 13.0
87 53 1.0
87 57 39.0
87 59 4.0
87 60 3.0
87 61 6.0
87 65 360.0
87 67 221.0
87 69 2.0
87 70 68.0
87 71 221.0
87 72 11.0
87 73 240.0
87 74 37.0
87 75 8.0
87 76 18.0
87 81 2.0
87 86 29.0
87 89 378.0
87 90 47.0
87 91 1.0
87 93 38.0
87 94 1.0
87 95 22.0
87 96 9.0
87 97 24.0
87 99 19.0
87 101 2.0
87 102 6.0
87 104 1.0
87 106 13.0
88 18 1.0
89 0 5.0
89 3 27.0
89 4 1.0
89 5 16.0
89 7 14.0
89 8 232.0
89 9 1.0
89 14 474.0
89 15 19.0
89 18 62.0
89 21 1.0
89 24 86.0
89 25 1.0
89 26 11.0
89 29 8.0
89 31 1.0
89 32 11.0
89 34 58.0
89 36 10.0
89 37 3.0
89 40 35.0
89 41 31.0
89 43 75.0
89 44 1.0
89 46 5.0
89 49 10.0
89 53 1.0
89 56 2.0
89 57 28.0
89 61 5.0
89 64 1.0
89 65 187.0
89 67 186.0
89 69 1.0
89 70 11.0
89 71 126.0
89 72 5.0
89 73 81.0
89 74 7.0
89 75 2.0
89 76 26.0
89 79 1.0
89 80 2.0
89 81 1.0
89 84 1.0
89 86 7.0
89 87 378.0
89 90 21.0
89 93 2.0
89 95 24.0
89 96 4.0
89 97 5.0
89 99 16.0
89 101 1.0
89 106 8.0
90 3 1.0
90 5 8.0
90 7 2.0
90 8 118.0
90 14 191.0
90 15 7.0
90 18 22.0
90 20 1.0
90 23 1.0
90 24 31.0
90 26 7.0
90 28 3.0
90 31 2.0
90 32 4.0
90 34 55.0
90 35 1.0
90 36 10.0
90 37 41.0
90 40 26.0
90 41 6.0
90 43 54.0
90 46 3.0
90 53 1.0
90 57 22.0
90 58 1.0
90 63 1.0
90 65 66.0
90 67 50.0
90 69 2.0
90 70 5.0
90 71 51.0
90 73 79.0
90 74 10.0
90 75 1.0
90 76 5.0
90 86 15.0
90 87 47.0
90 89 21.0
90 93 1.0
90 95 22.0
90 96 1.0
90 97 6.0
90 98 1.0
90 99 12.0
90 101 1.0
90 106 4.0
91 2 1.0
91 56 2.0
91 87 1.0
92 14 1.0
92 47 1.0
93 5 2.0
93 7 14.0
93 8 9.0
93 9 1.0
93 14 2.0
93 18 2.0
93 24 2.0
93 26 3.0
93 27 1.0
93 36 1.0
93 40 1.0
93 41 10.0
93 43 2.0
93 49 2.0
93 57 1.0
93 60 1.0
93 65 2.0
93 67 2.0
93 69 1.0
93 70 8.0
93 71 2.0
93 73 3.0
93 74 2.0
93 76 1.0
93 86 2.0
93 87 38.0
93 89 2.0
93 90 1.0
93 95 2.0
93 102 10.0
93 106 1.0
94 8 4.0
94 14 9.0
94 16 1.0
94 18 1.0
94 34 2.0
94 43 1.0
94 57 1.0
94 65 1.0
94 67 3.0
94 71 2.0
94 73 3.0
94 76 1.0
94 87 1.0
94 95 6.0
94 99 5.0
95 3 2.0
95 5 5.0
95 6 1.0
95 7 1.0
95 8 191.0
95 9 1.0
95 13 3.0
95 14 337.0
95 15 7.0
95 16 1.0
95 18 29.0
95 23 1.0
95 24 48.0
95 25 2.0
95 26 5.0
95 28 1.0
95 31 1.0
95 32 22.0
95 34 43.0
95 35 1.0
95 36 4.0
95 37 1.0
95 38 2.0
95 40 11.0
95 41 1.0
95 43 27.0
95 46 14.0
95 49 2.0
95 57 4.0
95 61 1.0
95 63 1.0
95 64 3.0
95 65 63.0
95 67 116.0
95 70 4.0
95 71 37.0
95 72 4.0
95 73 34.0
95 74 2.0
95 76 8.0
95 86 3.0
95 87 22.0
95 89 24.0
95 90 22.0
95 93 2.0
95 94 6.0
95 96 1.0
95 97 3.0
95 98 1.0
95 99 80.0
95 101 1.0
95 106 5.0
96 8 7.0
96 13 1.0
96 14 50.0
96 18 5.0
96 24 9.0
96 26 2.0
96 31 1.0
96 32 1.0
96 34 3.0
96 37 1.0
96 40 5.0
96 43 22.0
96 65 30.0
96 67 10.0
96 71 11.0
96 73 29.0
96 74 2.0
96 85 1.0
96 86 4.0
96 87 9.0
96 89 4.0
96 90 1.0
96 95 1.0
96 97 15.0
96 99 1.0
97 5 1.0
97 7 1.0
97 8 19.0
97 14 80.0
97 16 1.0
97 18 12.0
97 24 17.0
97 26 3.0
97 31 1.0
97 34 12.0
97 36 1.0
97 37 4.0
97 40 10.0
97 41 1.0
97 43 32.0
97 46 3.0
97 58 1.0
97 64 1.0
97 65 42.0
97 67 12.0
97 71 27.0
97 73 48.0
97 74 2.0
97 76 3.0
97 86 7.0
97 87 24.0
97 89 5.0
97 90 6.0
97 95 3.0
97 96 15.0
97 99 1.0
97 102 1.0
98 2 1.0
98 8 12.0
98 14 6.0
98 24 2.0
98 26 1.0
98 31 2.0
98 34 2.0
98 40 1.0
98 41 1.0
98 43 1.0
98 49 1.0
98 65 10.0
98 67 14.0
98 70 1.0
98 73 1.0
98 86 1.0
98 90 1.0
98 95 1.0
98 99 1.0
99 0 1.0
99 5 3.0
99 8 98.0
99 14 267.0
99 15 5.0
99 16 1.0
99 18 16.0
99 19 1.0
99 24 27.0
99 26 7.0
99 32 7.0
99 34 25.0
99 36 4.0
99 40 5.0
99 43 17.0
99 45 1.0
99 46 5.0
99 49 2.0
99 57 9.0
99 64 2.0
99 65 43.0
99 67 85.0
99 70 4.0
99 71 32.0
99 73 22.0
99 74 1.0
99 76 6.0
99 80 1.0
99 87 19.0
99 89 16.0
99 90 12.0
99 94 5.0
99 95 80.0
99 96 1.0
99 97 1.0
99 98 1.0
99 101 1.0
99 103 1.0
99 106 1.0
100 9 3.0
100 72 1.0
101 8 6.0
101 14 7.0
101 15 6.0
101 18 3.0
101 19 1.0
101 24 1.0
101 26 2.0
101 33 2.0
101 34 2.0
101 37 2.0
101 40 2.0
101 44 1.0
101 57 3.0
101 65 1.0
101 67 2.0
101 71 5.0
101 75 4.0
101 76 9.0
101 87 2.0
101 89 1.0
101 90 1.0
101 95 1.0
101 99 1.0
101 106 2.0
102 7 2.0
102 14 1.0
102 34 1.0
102 60 4.0
102 70 7.0
102 87 6.0
102 93 10.0
102 97 1.0
103 8 13.0
103 14 13.0
103 24 3.0
103 34 4.0
103 57 2.0
103 65 2.0
103 67 2.0
103 73 1.0
103 76 1.0
103 99 1.0
104 8 1.0
104 14 1.0
104 21 2.0
104 38 1.0
104 67 1.0
104 87 1.0
105 56 1.0
106 4 1.0
106 5 2.0
106 8 36.0
106 14 41.0
106 15 49.0
106 16 1.0
106 18 9.0
106 19 1.0
106 24 7.0
106 26 1.0
106 32 1.0
106 33 2.0
106 34 7.0
106 36 4.0
106 40 1.0
106 41 3.0
106 43 2.0
106 44 1.0
106 45 1.0
106 46 1.0
106 49 1.0
106 50 1.0
106 54 3.0
106 57 31.0
106 61 4.0
106 65 13.0
106 67 14.0
106 70 3.0
106 71 12.0
106 73 2.0
106 76 34.0
106 77 1.0
106 80 1.0
106 87 13.0
106 89 8.0
106 90 4.0
106 93 1.0
106 95 5.0
106 99 1.0
106 101 2.0
107 67 1.0
