0 4 1.0
0 7 2.0
0 14 1.0
0 15 4.0
0 70 1.0
0 84 1.0
0 87 1.0
0 89 6.0
2 9 3.0
2 47 2.0
2 50 1.0
2 56 3.0
2 58 3.0
2 61 1.0
2 91 7.0
2 105 1.0
3 7 1.0
3 8 25.0
3 9 8.0
3 11 2.0
3 14 5.0
3 18 3.0
3 41 3.0
3 61 1.0
3 65 1.0
3 67 1.0
3 70 4.0
3 71 2.0
3 72 2.0
3 76 2.0
3 80 1.0
3 87 2.0
3 89 52.0
3 93 4.0
4 0 1.0
4 8 1.0
4 14 1.0
4 18 2.0
4 50 3.0
4 54 1.0
4 67 2.0
4 89 1.0
5 7 1.0
5 8 104.0
5 9 1.0
5 11 89.0
5 14 43.0
5 15 12.0
5 18 6.0
5 19 3.0
5 24 12.0
5 26 13.0
5 29 1.0
5 33 7.0
5 34 2.0
5 36 47.0
5 40 1.0
5 41 9.0
5 43 1.0
5 45 2.0
5 47 1.0
5 48 1.0
5 49 4.0
5 57 1.0
5 58 2.0
5 60 5.0
5 61 6.0
5 65 11.0
5 67 22.0
5 70 53.0
5 71 3.0
5 72 1.0
5 73 2.0
5 75 1.0
5 76 42.0
5 80 4.0
5 81 2.0
5 86 1.0
5 87 5.0
5 89 7.0
5 93 5.0
5 99 1.0
7 0 2.0
7 3 1.0
7 5 1.0
7 8 19.0
7 9 1.0
7 10 1.0
7 15 17.0
7 18 7.0
7 24 5.0
7 26 1.0
7 27 4.0
7 31 1.0
7 33 1.0
7 35 1.0
7 36 6.0
7 37 1.0
7 41 37.0
7 43 3.0
7 45 2.0
7 57 3.0
7 60 2.0
7 61 6.0
7 65 2.0
7 67 8.0
7 70 49.0
7 71 4.0
7 73 1.0
7 76 17.0
7 87 116.0
7 89 23.0
7 93 326.0
7 97 1.0
7 102 4.0
7 106 8.0
8 3 25.0
8 4 1.0
8 5 104.0
8 7 19.0
8 9 42.0
8 10 8.0
8 11 35.0
8 14 852.0
8 15 129.0
8 16 11.0
8 18 113.0
8 19 27.0
8 21 3.0
8 23 12.0
8 24 93.0
8 25 1.0
8 26 95.0
8 27 1.0
8 32 19.0
8 33 26.0
8 34 50.0
8 35 4.0
8 36 69.0
8 37 23.0
8 38 12.0
8 39 13.0
8 40 45.0
8 41 63.0
8 43 57.0
8 44 27.0
8 45 2.0
8 46 14.0
8 47 11.0
8 48 9.0
8 49 20.0
8 53 1.0
8 54 2.0
8 57 75.0
8 58 4.0
8 60 3.0
8 61 122.0
8 65 262.0
8 67 474.0
8 69 1.0
8 70 219.0
8 71 131.0
8 72 22.0
8 73 158.0
8 74 14.0
8 75 28.0
8 76 49.0
8 77 9.0
8 79 4.0
8 80 41.0
8 81 16.0
8 86 20.0
8 87 60.0
8 89 71.0
8 90 5.0
8 93 22.0
8 95 39.0
8 96 3.0
8 97 5.0
8 98 15.0
8 99 99.0
8 101 10.0
8 103 14.0
8 106 52.0
9 2 3.0
9 3 8.0
9 5 1.0
9 7 1.0
9 8 42.0
9 10 1.0
9 14 42.0
9 15 6.0
9 24 1.0
9 32 1.0
9 36 6.0
9 43 2.0
9 47 3.0
9 49 18.0
9 50 7.0
9 56 10.0
9 57 6.0
9 58 3.0
9 64 3.0
9 65 4.0
9 67 12.0
9 70 19.0
9 71 2.0
9 72 23.0
9 73 5.0
9 74 1.0
9 77 13.0
9 80 2.0
9 87 2.0
9 91 2.0
9 93 1.0
9 97 2.0
9 100 33.0
10 7 1.0
10 8 8.0
10 9 1.0
10 12 2.0
10 47 27.0
10 57 7.0
10 61 1.0
10 70 1.0
10 77 8.0
10 78 1.0
10 89 2.0
10 92 1.0
10 93 1.0
11 3 2.0
11 5 89.0
11 8 35.0
11 14 16.0
11 18 2.0
11 19 1.0
11 24 1.0
11 26 1.0
11 34 1.0
11 36 15.0
11 37 1.0
11 41 7.0
11 43 1.0
11 49 2.0
11 61 2.0
11 67 4.0
11 70 15.0
11 71 3.0
11 80 1.0
11 81 1.0
11 86 1.0
11 99 1.0
12 10 2.0
12 47 6.0
12 77 1.0
12 93 1.0
13 98 1.0
13 106 4.0
14 0 1.0
14 3 5.0
14 4 1.0
14 5 43.0
14 8 852.0
14 9 42.0
14 11 16.0
14 15 136.0
14 16 25.0
14 18 425.0
14 19 35.0
14 21 1.0
14 23 14.0
14 24 375.0
14 25 1.0
14 26 200.0
14 29 5.0
14 31 5.0
14 32 20.0
14 33 44.0
14 34 98.0
14 35 6.0
14 36 36.0
14 37 31.0
14 38 12.0
14 39 1.0
14 40 105.0
14 41 47.0
14 43 284.0
14 44 39.0
14 45 10.0
14 46 29.0
14 48 2.0
14 49 17.0
14 55 7.0
14 57 182.0
14 60 1.0
14 61 177.0
14 62 3.0
14 63 2.0
14 64 1.0
14 65 614.0
14 67 1097.0
14 70 93.0
14 71 292.0
14 72 14.0
14 73 389.0
14 74 28.0
14 75 14.0
14 76 71.0
14 77 1.0
14 79 1.0
14 80 60.0
14 81 22.0
14 86 67.0
14 87 178.0
14 89 108.0
14 90 14.0
14 93 17.0
14 94 4.0
14 95 46.0
14 96 43.0
14 97 48.0
14 98 14.0
14 99 86.0
14 101 36.0
14 102 2.0
14 103 7.0
14 104 4.0
14 106 49.0
14 107 2.0
15 0 4.0
15 5 12.0
15 7 17.0
15 8 129.0
15 9 6.0
15 14 136.0
15 16 11.0
15 18 18.0
15 19 31.0
15 20 2.0
15 21 2.0
15 24 11.0
15 25 1.0
15 26 15.0
15 32 1.0
15 33 49.0
15 34 5.0
15 35 2.0
15 36 16.0
15 37 19.0
15 38 9.0
15 40 9.0
15 41 51.0
15 43 2.0
15 44 29.0
15 45 29.0
15 49 75.0
15 53 1.0
15 54 1.0
15 55 4.0
15 57 133.0
15 61 89.0
15 65 31.0
15 67 52.0
15 69 7.0
15 70 46.0
15 71 9.0
15 72 18.0
15 73 63.0
15 74 2.0
15 75 10.0
15 76 708.0
15 79 2.0
15 80 14.0
15 81 2.0
15 86 2.0
15 87 10.0
15 89 45.0
15 93 20.0
15 96 1.0
15 99 3.0
15 101 8.0
15 106 177.0
16 8 11.0
16 14 25.0
16 15 11.0
16 18 8.0
16 24 15.0
16 31 7.0
16 34 1.0
16 35 2.0
16 37 1.0
16 40 13.0
16 41 4.0
16 43 1.0
16 44 4.0
16 46 5.0
16 57 3.0
16 61 1.0
16 62 1.0
16 65 7.0
16 67 69.0
16 70 4.0
16 71 12.0
16 72 1.0
16 73 14.0
16 76 2.0
16 80 5.0
16 87 4.0
16 89 1.0
16 90 1.0
16 95 1.0
16 96 1.0
16 106 1.0
18 3 3.0
18 4 2.0
18 5 6.0
18 7 7.0
18 8 113.0
18 11 2.0
18 14 425.0
18 15 18.0
18 16 8.0
18 19 2.0
18 21 1.0
18 23 3.0
18 24 84.0
18 26 9.0
18 31 1.0
18 32 2.0
18 33 4.0
18 34 19.0
18 36 6.0
18 37 9.0
18 38 1.0
18 40 83.0
18 41 18.0
18 43 80.0
18 44 6.0
18 46 6.0
18 47 1.0
18 48 1.0
18 49 4.0
18 55 1.0
18 57 12.0
18 61 15.0
18 65 272.0
18 67 183.0
18 70 14.0
18 71 90.0
18 72 8.0
18 73 187.0
18 74 10.0
18 75 5.0
18 76 14.0
18 80 5.0
18 81 7.0
18 86 2.0
18 87 58.0
18 89 24.0
18 90 4.0
18 93 6.0
18 94 1.0
18 95 4.0
18 96 5.0
18 97 8.0
18 98 1.0
18 99 17.0
18 101 3.0
18 104 1.0
18 106 7.0
19 5 3.0
19 8 27.0
19 11 1.0
19 14 35.0
19 15 31.0
19 18 2.0
19 22 2.0
19 24 4.0
19 26 1.0
19 31 1.0
19 33 43.0
19 34 1.0
19 36 2.0
19 41 2.0
19 44 5.0
19 49 1.0
19 57 33.0
19 61 20.0
19 64 1.0
19 65 4.0
19 67 13.0
19 70 11.0
19 71 3.0
19 73 13.0
19 75 1.0
19 76 13.0
19 79 13.0
19 80 7.0
19 81 5.0
19 86 1.0
19 87 3.0
19 101 6.0
19 106 2.0
20 15 2.0
20 47 1.0
20 49 8.0
20 65 1.0
20 72 1.0
21 8 3.0
21 14 1.0
21 15 2.0
21 18 1.0
21 24 1.0
21 33 3.0
21 36 1.0
21 49 1.0
21 70 3.0
21 73 1.0
21 76 2.0
21 77 2.0
21 79 1.0
21 104 3.0
22 19 2.0
22 33 1.0
22 67 1.0
22 89 1.0
23 8 12.0
23 14 14.0
23 18 3.0
23 24 2.0
23 26 34.0
23 34 1.0
23 38 1.0
23 40 1.0
23 43 1.0
23 57 2.0
23 67 4.0
23 71 5.0
23 73 5.0
23 75 2.0
23 89 2.0
23 106 5.0
24 5 12.0
24 7 5.0
24 8 93.0
24 9 1.0
24 11 1.0
24 14 375.0
24 15 11.0
24 16 15.0
24 18 84.0
24 19 4.0
24 21 1.0
24 23 2.0
24 26 9.0
24 31 2.0
24 32 7.0
24 33 2.0
24 34 19.0
24 35 1.0
24 36 1.0
24 37 4.0
24 38 1.0
24 40 37.0
24 41 18.0
24 43 97.0
24 44 6.0
24 45 1.0
24 46 13.0
24 49 1.0
24 57 11.0
24 61 6.0
24 64 1.0
24 65 277.0
24 67 316.0
24 70 6.0
24 71 87.0
24 72 1.0
24 73 86.0
24 74 3.0
24 75 1.0
24 76 5.0
24 80 5.0
24 86 15.0
24 87 19.0
24 89 30.0
24 90 7.0
24 93 8.0
24 94 1.0
24 95 7.0
24 96 5.0
24 97 9.0
24 98 4.0
24 99 9.0
24 101 1.0
24 106 2.0
25 8 1.0
25 14 1.0
25 15 1.0
25 26 1.0
25 44 1.0
25 57 1.0
25 65 1.0
25 73 1.0
25 89 1.0
26 5 13.0
26 7 1.0
26 8 95.0
26 11 1.0
26 14 200.0
26 15 15.0
26 18 9.0
26 19 1.0
26 23 34.0
26 24 9.0
26 25 1.0
26 31 2.0
26 34 7.0
26 35 1.0
26 36 3.0
26 37 4.0
26 38 3.0
26 40 7.0
26 41 6.0
26 43 20.0
26 44 5.0
26 49 1.0
26 55 1.0
26 57 26.0
26 61 14.0
26 63 2.0
26 65 20.0
26 67 30.0
26 69 4.0
26 70 9.0
26 71 19.0
26 72 2.0
26 73 26.0
26 74 3.0
26 75 38.0
26 76 19.0
26 77 1.0
26 80 5.0
26 81 8.0
26 86 1.0
26 87 7.0
26 89 3.0
26 93 2.0
26 94 1.0
26 96 6.0
26 98 5.0
26 99 3.0
26 101 5.0
26 106 5.0
27 7 4.0
27 8 1.0
27 60 1.0
27 70 1.0
27 93 1.0
28 46 1.0
28 65 1.0
28 67 4.0
28 71 1.0
28 73 2.0
28 86 2.0
28 90 2.0
28 99 1.0
29 5 1.0
29 14 5.0
29 67 2.0
29 73 2.0
29 87 12.0
29 89 16.0
30 72 2.0
31 7 1.0
31 14 5.0
31 16 7.0
31 18 1.0
31 19 1.0
31 24 2.0
31 26 2.0
31 37 1.0
31 40 1.0
31 43 3.0
31 61 1.0
31 65 3.0
31 67 18.0
31 71 3.0
31 73 4.0
31 74 1.0
31 80 1.0
31 86 5.0
31 87 2.0
31 90 1.0
31 97 2.0
31 98 1.0
32 8 19.0
32 9 1.0
32 14 20.0
32 15 1.0
32 18 2.0
32 24 7.0
32 34 1.0
32 37 2.0
32 40 47.0
32 43 10.0
32 46 19.0
32 65 19.0
32 67 28.0
32 71 4.0
32 72 2.0
32 73 17.0
32 87 2.0
32 89 4.0
32 90 2.0
32 94 1.0
32 95 2.0
32 97 2.0
32 99 4.0
32 101 1.0
32 106 2.0
33 5 7.0
33 7 1.0
33 8 26.0
33 14 44.0
33 15 49.0
33 18 4.0
33 19 43.0
33 21 3.0
33 22 1.0
33 24 2.0
33 34 3.0
33 36 2.0
33 37 2.0
33 38 2.0
33 40 1.0
33 41 4.0
33 44 6.0
33 45 5.0
33 49 1.0
33 57 76.0
33 61 39.0
33 65 1.0
33 67 4.0
33 70 9.0
33 71 6.0
33 73 12.0
33 74 2.0
33 75 13.0
33 76 37.0
33 79 5.0
33 80 6.0
33 81 20.0
33 87 2.0
33 89 2.0
33 93 6.0
33 101 11.0
33 104 1.0
33 106 11.0
34 5 2.0
34 8 50.0
34 11 1.0
34 14 98.0
34 15 5.0
34 16 1.0
34 18 19.0
34 19 1.0
34 23 1.0
34 24 19.0
34 26 7.0
34 32 1.0
34 33 3.0
34 36 4.0
34 37 3.0
34 39 1.0
34 40 20.0
34 41 2.0
34 43 13.0
34 44 13.0
34 45 1.0
34 57 27.0
34 61 5.0
34 65 30.0
34 67 24.0
34 70 4.0
34 71 90.0
34 73 25.0
34 74 8.0
34 76 8.0
34 79 2.0
34 80 4.0
34 87 5.0
34 89 4.0
34 93 1.0
34 95 3.0
34 96 3.0
34 97 1.0
34 99 2.0
34 101 1.0
34 106 2.0
35 7 1.0
35 8 4.0
35 14 6.0
35 15 2.0
35 16 2.0
35 24 1.0
35 26 1.0
35 36 1.0
35 41 1.0
35 53 2.0
35 65 1.0
35 73 1.0
35 76 3.0
35 89 1.0
36 5 47.0
36 7 6.0
36 8 69.0
36 9 6.0
36 11 15.0
36 14 36.0
36 15 16.0
36 18 6.0
36 19 2.0
36 21 1.0
36 24 1.0
36 26 3.0
36 33 2.0
36 34 4.0
36 35 1.0
36 37 1.0
36 38 3.0
36 39 3.0
36 41 5.0
36 43 2.0
36 44 1.0
36 47 3.0
36 49 16.0
36 55 1.0
36 57 8.0
36 61 13.0
36 65 5.0
36 67 11.0
36 70 76.0
36 71 5.0
36 72 3.0
36 73 5.0
36 76 79.0
36 77 2.0
36 80 5.0
36 81 3.0
36 87 10.0
36 89 1.0
36 93 2.0
36 95 1.0
36 99 4.0
36 106 6.0
37 7 1.0
37 8 23.0
37 11 1.0
37 14 31.0
37 15 19.0
37 16 1.0
37 18 9.0
37 24 4.0
37 26 4.0
37 31 1.0
37 32 2.0
37 33 2.0
37 34 3.0
37 36 1.0
37 40 8.0
37 41 3.0
37 43 5.0
37 44 3.0
37 46 2.0
37 57 6.0
37 61 9.0
37 65 8.0
37 67 9.0
37 70 1.0
37 71 11.0
37 73 30.0
37 74 1.0
37 76 16.0
37 79 3.0
37 80 1.0
37 86 13.0
37 87 2.0
37 89 1.0
37 90 5.0
37 93 1.0
37 95 3.0
37 96 1.0
37 97 3.0
37 99 2.0
37 101 4.0
38 8 12.0
38 14 12.0
38 15 9.0
38 18 1.0
38 23 1.0
38 24 1.0
38 26 3.0
38 33 2.0
38 36 3.0
38 40 1.0
38 44 2.0
38 55 1.0
38 57 8.0
38 67 2.0
38 70 1.0
38 71 13.0
38 73 4.0
38 75 2.0
38 76 5.0
38 79 2.0
38 80 2.0
38 81 15.0
38 89 1.0
38 93 2.0
38 99 1.0
38 101 1.0
39 8 13.0
39 14 1.0
39 34 1.0
39 36 3.0
39 44 1.0
39 60 1.0
39 61 1.0
39 70 5.0
39 75 2.0
39 80 2.0
40 5 1.0
40 8 45.0
40 14 105.0
40 15 9.0
40 16 13.0
40 18 83.0
40 23 1.0
40 24 37.0
40 26 7.0
40 31 1.0
40 32 47.0
40 33 1.0
40 34 20.0
40 37 8.0
40 38 1.0
40 41 2.0
40 43 34.0
40 44 2.0
40 46 14.0
40 55 1.0
40 57 8.0
40 61 5.0
40 65 57.0
40 67 60.0
40 70 6.0
40 71 70.0
40 73 97.0
40 74 8.0
40 76 4.0
40 80 2.0
40 81 1.0
40 86 4.0
40 87 12.0
40 89 4.0
40 90 5.0
40 93 3.0
40 95 2.0
40 96 5.0
40 97 8.0
40 98 2.0
40 99 4.0
40 106 2.0
41 3 3.0
41 5 9.0
41 7 37.0
41 8 63.0
41 11 7.0
41 14 47.0
41 15 51.0
41 16 4.0
41 18 18.0
41 19 2.0
41 24 18.0
41 26 6.0
41 33 4.0
41 34 2.0
41 35 1.0
41 36 5.0
41 37 3.0
41 40 2.0
41 43 6.0
41 44 2.0
41 45 1.0
41 49 4.0
41 57 8.0
41 60 1.0
41 61 10.0
41 65 24.0
41 67 18.0
41 70 58.0
41 71 10.0
41 73 12.0
41 74 1.0
41 76 7.0
41 80 2.0
41 81 1.0
41 86 1.0
41 87 99.0
41 89 45.0
41 90 1.0
41 93 40.0
41 95 2.0
41 96 2.0
41 97 1.0
41 99 2.0
41 101 2.0
41 102 6.0
41 106 15.0
43 5 1.0
43 7 3.0
43 8 57.0
43 9 2.0
43 11 1.0
43 14 284.0
43 15 2.0
43 16 1.0
43 18 80.0
43 23 1.0
43 24 97.0
43 26 20.0
43 31 3.0
43 32 10.0
43 34 13.0
43 36 2.0
43 37 5.0
43 40 34.0
43 41 6.0
43 44 1.0
43 46 6.0
43 49 1.0
43 57 10.0
43 61 6.0
43 65 182.0
43 67 151.0
43 70 8.0
43 71 62.0
43 72 1.0
43 73 162.0
43 74 13.0
43 75 1.0
43 76 11.0
43 80 6.0
43 86 38.0
43 87 23.0
43 89 14.0
43 90 9.0
43 93 2.0
43 95 4.0
43 96 6.0
43 97 22.0
43 98 3.0
43 99 7.0
43 101 5.0
43 106 5.0
43 107 1.0
44 8 27.0
44 14 39.0
44 15 29.0
44 16 4.0
44 18 6.0
44 19 5.0
44 24 6.0
44 25 1.0
44 26 5.0
44 33 6.0
44 34 13.0
44 36 1.0
44 37 3.0
44 38 2.0
44 39 1.0
44 40 2.0
44 41 2.0
44 43 1.0
44 49 1.0
44 55 1.0
44 57 89.0
44 61 6.0
44 65 5.0
44 67 15.0
44 70 2.0
44 71 3.0
44 72 1.0
44 73 8.0
44 75 3.0
44 76 17.0
44 79 7.0
44 80 18.0
44 81 5.0
44 87 1.0
44 89 1.0
44 93 1.0
44 97 1.0
44 101 4.0
44 106 13.0
45 5 2.0
45 7 2.0
45 8 2.0
45 14 10.0
45 15 29.0
45 24 1.0
45 33 5.0
45 34 1.0
45 41 1.0
45 49 4.0
45 57 18.0
45 61 6.0
45 67 1.0
45 72 2.0
45 73 1.0
45 75 2.0
45 76 33.0
45 80 1.0
45 89 4.0
45 93 1.0
45 106 7.0
46 8 14.0
46 14 29.0
46 16 5.0
46 18 6.0
46 24 13.0
46 28 1.0
46 32 19.0
46 37 2.0
46 40 14.0
46 43 6.0
46 57 3.0
46 65 5.0
46 67 17.0
46 70 1.0
46 71 10.0
46 73 15.0
46 74 1.0
46 76 6.0
46 86 2.0
46 90 2.0
46 95 2.0
46 96 1.0
46 97 2.0
46 99 3.0
47 2 2.0
47 5 1.0
47 8 11.0
47 9 3.0
47 10 27.0
47 12 6.0
47 18 1.0
47 20 1.0
47 36 3.0
47 49 4.0
47 60 2.0
47 67 1.0
47 70 3.0
47 72 6.0
47 77 13.0
47 87 1.0
47 92 1.0
47 93 2.0
47 102 2.0
48 5 1.0
48 8 9.0
48 14 2.0
48 18 1.0
48 57 1.0
48 67 6.0
48 70 6.0
48 76 2.0
48 89 1.0
48 93 1.0
49 5 4.0
49 8 20.0
49 9 18.0
49 11 2.0
49 14 17.0
49 15 75.0
49 18 4.0
49 19 1.0
49 20 8.0
49 21 1.0
49 24 1.0
49 26 1.0
49 33 1.0
49 36 16.0
49 41 4.0
49 43 1.0
49 44 1.0
49 45 4.0
49 47 4.0
49 57 1.0
49 59 63.0
49 61 20.0
49 62 1.0
49 65 6.0
49 67 8.0
49 69 21.0
49 70 34.0
49 71 2.0
49 72 255.0
49 73 2.0
49 76 4.0
49 77 1.0
49 87 2.0
49 89 5.0
49 93 3.0
49 100 2.0
49 102 3.0
50 2 1.0
50 4 3.0
50 9 7.0
50 68 1.0
50 72 3.0
50 91 1.0
50 100 1.0
52 56 4.0
52 72 2.0
53 8 1.0
53 15 1.0
53 35 2.0
53 97 1.0
54 4 1.0
54 8 2.0
54 15 1.0
54 106 1.0
55 14 7.0
55 15 4.0
55 18 1.0
55 26 1.0
55 36 1.0
55 38 1.0
55 40 1.0
55 44 1.0
55 57 1.0
55 65 3.0
55 70 1.0
55 75 1.0
55 81 9.0
55 101 2.0
55 106 1.0
56 2 3.0
56 9 10.0
56 52 4.0
56 58 2.0
56 65 1.0
56 67 2.0
56 91 3.0
57 5 1.0
57 7 3.0
57 8 75.0
57 9 6.0
57 10 7.0
57 14 182.0
57 15 133.0
57 16 3.0
57 18 12.0
57 19 33.0
57 23 2.0
57 24 11.0
57 25 1.0
57 26 26.0
57 33 76.0
57 34 27.0
57 36 8.0
57 37 6.0
57 38 8.0
57 40 8.0
57 41 8.0
57 43 10.0
57 44 89.0
57 45 18.0
57 46 3.0
57 48 1.0
57 49 1.0
57 55 1.0
57 61 85.0
57 65 22.0
57 67 65.0
57 70 17.0
57 71 22.0
57 73 33.0
57 74 1.0
57 75 7.0
57 76 91.0
57 77 1.0
57 79 10.0
57 80 80.0
57 81 9.0
57 86 1.0
57 87 16.0
57 89 14.0
57 90 1.0
57 93 8.0
57 95 2.0
57 96 3.0
57 97 3.0
57 98 1.0
57 99 3.0
57 101 9.0
57 106 38.0
58 2 3.0
58 5 2.0
58 8 4.0
58 9 3.0
58 56 2.0
58 61 1.0
58 70 1.0
58 72 2.0
58 91 2.0
58 105 2.0
59 49 63.0
59 69 1.0
59 72 7.0
60 5 5.0
60 7 2.0
60 8 3.0
60 14 1.0
60 27 1.0
60 39 1.0
60 41 1.0
60 47 2.0
60 61 1.0
60 65 1.0
60 70 32.0
60 87 1.0
60 89 1.0
60 93 2.0
60 102 1.0
61 2 1.0
61 3 1.0
61 5 6.0
61 7 6.0
61 8 122.0
61 10 1.0
61 11 2.0
61 14 177.0
61 15 89.0
61 16 1.0
61 18 15.0
61 19 20.0
61 24 6.0
61 26 14.0
61 31 1.0
61 33 39.0
61 34 5.0
61 36 13.0
61 37 9.0
61 39 1.0
61 40 5.0
61 41 10.0
61 43 6.0
61 44 6.0
61 45 6.0
61 49 20.0
61 57 85.0
61 58 1.0
61 60 1.0
61 65 17.0
61 67 57.0
61 70 82.0
61 71 15.0
61 72 17.0
61 73 25.0
61 74 3.0
61 76 82.0
61 79 13.0
61 80 24.0
61 81 3.0
61 87 8.0
61 89 54.0
61 90 5.0
61 93 10.0
61 95 5.0
61 98 1.0
61 99 4.0
61 101 96.0
61 106 51.0
62 14 3.0
62 16 1.0
62 49 1.0
62 65 1.0
62 72 10.0
63 14 2.0
63 26 2.0
64 9 3.0
64 14 1.0
64 19 1.0
64 24 1.0
64 67 1.0
64 89 1.0
65 3 1.0
65 5 11.0
65 7 2.0
65 8 262.0
65 9 4.0
65 14 614.0
65 15 31.0
65 16 7.0
65 18 272.0
65 19 4.0
65 20 1.0
65 24 277.0
65 25 1.0
65 26 20.0
65 28 1.0
65 31 3.0
65 32 19.0
65 33 1.0
65 34 30.0
65 35 1.0
65 36 5.0
65 37 8.0
65 40 57.0
65 41 24.0
65 43 182.0
65 44 5.0
65 46 5.0
65 49 6.0
65 55 3.0
65 56 1.0
65 57 22.0
65 60 1.0
65 61 17.0
65 62 1.0
65 67 323.0
65 70 12.0
65 71 109.0
65 72 3.0
65 73 255.0
65 74 13.0
65 75 1.0
65 76 9.0
65 80 6.0
65 81 3.0
65 86 21.0
65 87 71.0
65 89 55.0
65 90 4.0
65 93 7.0
65 94 2.0
65 95 8.0
65 96 19.0
65 97 17.0
65 98 5.0
65 99 17.0
65 101 4.0
65 103 1.0
65 106 6.0
65 107 1.0
67 3 1.0
67 4 2.0
67 5 22.0
67 7 8.0
67 8 474.0
67 9 12.0
67 11 4.0
67 14 1097.0
67 15 52.0
67 16 69.0
67 18 183.0
67 19 13.0
67 22 1.0
67 23 4.0
67 24 316.0
67 26 30.0
67 28 4.0
67 29 2.0
67 31 18.0
67 32 28.0
67 33 4.0
67 34 24.0
67 36 11.0
67 37 9.0
67 38 2.0
67 40 60.0
67 41 18.0
67 43 151.0
67 44 15.0
67 45 1.0
67 46 17.0
67 47 1.0
67 48 6.0
67 49 8.0
67 56 2.0
67 57 65.0
67 61 57.0
67 64 1.0
67 65 323.0
67 70 25.0
67 71 209.0
67 72 8.0
67 73 185.0
67 74 15.0
67 75 5.0
67 76 34.0
67 79 1.0
67 80 38.0
67 81 14.0
67 82 3.0
67 86 26.0
67 87 47.0
67 89 76.0
67 90 15.0
67 93 8.0
67 94 7.0
67 95 32.0
67 96 21.0
67 97 16.0
67 98 10.0
67 99 69.0
67 101 7.0
67 103 2.0
67 106 18.0
67 107 2.0
68 50 1.0
69 8 1.0
69 15 7.0
69 26 4.0
69 49 21.0
69 59 1.0
69 70 4.0
69 72 14.0
69 76 2.0
70 0 1.0
70 3 4.0
70 5 53.0
70 7 49.0
70 8 219.0
70 9 19.0
70 10 1.0
70 11 15.0
70 14 93.0
70 15 46.0
70 16 4.0
70 18 14.0
70 19 11.0
70 21 3.0
70 24 6.0
70 26 9.0
70 27 1.0
70 33 9.0
70 34 4.0
70 36 76.0
70 37 1.0
70 38 1.0
70 39 5.0
70 40 6.0
70 41 58.0
70 43 8.0
70 44 2.0
70 46 1.0
70 47 3.0
70 48 6.0
70 49 34.0
70 55 1.0
70 57 17.0
70 58 1.0
70 60 32.0
70 61 82.0
70 65 12.0
70 67 25.0
70 69 4.0
70 71 13.0
70 72 114.0
70 73 15.0
70 75 9.0
70 76 17.0
70 77 1.0
70 79 1.0
70 80 13.0
70 81 6.0
70 86 1.0
70 87 42.0
70 89 57.0
70 93 106.0
70 95 2.0
70 98 2.0
70 99 12.0
70 101 1.0
70 102 19.0
70 106 24.0
71 3 2.0
71 5 3.0
71 7 4.0
71 8 131.0
71 9 2.0
71 11 3.0
71 14 292.0
71 15 9.0
71 16 12.0
71 18 90.0
71 19 3.0
71 23 5.0
71 24 87.0
71 26 19.0
71 28 1.0
71 31 3.0
71 32 4.0
71 33 6.0
71 34 90.0
71 36 5.0
71 37 11.0
71 38 13.0
71 40 70.0
71 41 10.0
71 43 62.0
71 44 3.0
71 46 10.0
71 49 2.0
71 57 22.0
71 61 15.0
71 65 109.0
71 67 209.0
71 70 13.0
71 73 153.0
71 74 27.0
71 75 1.0
71 76 14.0
71 79 1.0
71 80 7.0
71 81 9.0
71 86 14.0
71 87 35.0
71 89 50.0
71 90 8.0
71 93 7.0
71 94 1.0
71 95 10.0
71 96 5.0
71 97 30.0
71 98 1.0
71 99 11.0
71 101 3.0
71 106 5.0
72 3 2.0
72 5 1.0
72 8 22.0
72 9 23.0
72 14 14.0
72 15 18.0
72 16 1.0
72 18 8.0
72 20 1.0
72 24 1.0
72 26 2.0
72 30 2.0
72 32 2.0
72 36 3.0
72 43 1.0
72 44 1.0
72 45 2.0
72 47 6.0
72 49 255.0
72 50 3.0
72 52 2.0
72 58 2.0
72 59 7.0
72 61 17.0
72 62 10.0
72 65 3.0
72 67 8.0
72 69 14.0
72 70 114.0
72 73 2.0
72 75 2.0
72 76 2.0
72 87 4.0
72 89 13.0
72 100 1.0
72 102 1.0
72 106 4.0
73 5 2.0
73 7 1.0
73 8 158.0
73 9 5.0
73 14 389.0
73 15 63.0
73 16 14.0
73 18 187.0
73 19 13.0
73 21 1.0
73 23 5.0
73 24 86.0
73 25 1.0
73 26 26.0
73 28 2.0
73 29 2.0
73 31 4.0
73 32 17.0
73 33 12.0
73 34 25.0
73 35 1.0
73 36 5.0
73 37 30.0
73 38 4.0
73 40 97.0
73 41 12.0
73 43 162.0
73 44 8.0
73 45 1.0
73 46 15.0
73 49 2.0
73 57 33.0
73 61 25.0
73 65 255.0
73 67 185.0
73 70 15.0
73 71 153.0
73 72 2.0
73 74 58.0
73 75 9.0
73 76 26.0
73 77 2.0
73 79 1.0
73 80 10.0
73 81 10.0
73 86 53.0
73 87 54.0
73 89 18.0
73 90 15.0
73 93 3.0
73 95 12.0
73 96 8.0
73 97 25.0
73 98 1.0
73 99 7.0
73 101 6.0
73 102 1.0
73 104 1.0
73 106 3.0
74 8 14.0
74 9 1.0
74 14 28.0
74 15 2.0
74 18 10.0
74 24 3.0
74 26 3.0
74 31 1.0
74 33 2.0
74 34 8.0
74 37 1.0
74 40 8.0
74 41 1.0
74 43 13.0
74 46 1.0
74 57 1.0
74 61 3.0
74 65 13.0
74 67 15.0
74 71 27.0
74 73 58.0
74 79 1.0
74 86 2.0
74 87 6.0
74 89 2.0
74 90 1.0
74 96 3.0
74 97 4.0
75 5 1.0
75 8 28.0
75 14 14.0
75 15 10.0
75 18 5.0
75 19 1.0
75 23 2.0
75 24 1.0
75 26 38.0
75 33 13.0
75 38 2.0
75 39 2.0
75 43 1.0
75 44 3.0
75 45 2.0
75 55 1.0
75 57 7.0
75 65 1.0
75 67 5.0
75 70 9.0
75 71 1.0
75 72 2.0
75 73 9.0
75 76 12.0
75 80 6.0
75 81 6.0
75 87 1.0
75 101 5.0
75 106 2.0
76 3 2.0
76 5 42.0
76 7 17.0
76 8 49.0
76 14 71.0
76 15 708.0
76 16 2.0
76 18 14.0
76 19 13.0
76 21 2.0
76 24 5.0
76 26 19.0
76 33 37.0
76 34 8.0
76 35 3.0
76 36 79.0
76 37 16.0
76 38 5.0
76 40 4.0
76 41 7.0
76 43 11.0
76 44 17.0
76 45 33.0
76 46 6.0
76 48 2.0
76 49 4.0
76 57 91.0
76 61 82.0
76 65 9.0
76 67 34.0
76 69 2.0
76 70 17.0
76 71 14.0
76 72 2.0
76 73 26.0
76 75 12.0
76 79 6.0
76 80 29.0
76 81 3.0
76 87 8.0
76 89 26.0
76 93 14.0
76 96 1.0
76 98 1.0
76 99 6.0
76 101 9.0
76 106 80.0
77 8 9.0
77 9 13.0
77 10 8.0
77 12 1.0
77 14 1.0
77 21 2.0
77 26 1.0
77 36 2.0
77 47 13.0
77 49 1.0
77 57 1.0
77 70 1.0
77 73 2.0
77 80 1.0
77 89 1.0
77 92 1.0
77 93 2.0
78 10 1.0
78 102 1.0
79 8 4.0
79 14 1.0
79 15 2.0
79 19 13.0
79 21 1.0
79 33 5.0
79 34 2.0
79 37 3.0
79 38 2.0
79 44 7.0
79 57 10.0
79 61 13.0
79 67 1.0
79 70 1.0
79 71 1.0
79 73 1.0
79 74 1.0
79 76 6.0
79 93 1.0
79 101 1.0
80 3 1.0
80 5 4.0
80 8 41.0
80 9 2.0
80 11 1.0
80 14 60.0
80 15 14.0
80 16 5.0
80 18 5.0
80 19 7.0
80 24 5.0
80 26 5.0
80 31 1.0
80 33 6.0
80 34 4.0
80 36 5.0
80 37 1.0
80 38 2.0
80 39 2.0
80 40 2.0
80 41 2.0
80 43 6.0
80 44 18.0
80 45 1.0
80 57 80.0
80 61 24.0
80 65 6.0
80 67 38.0
80 70 13.0
80 71 7.0
80 73 10.0
80 75 6.0
80 76 29.0
80 77 1.0
80 81 4.0
80 86 1.0
80 87 4.0
80 89 5.0
80 95 1.0
80 96 1.0
80 97 1.0
80 99 2.0
80 104 1.0
80 106 14.0
81 5 2.0
81 8 16.0
81 11 1.0
81 14 22.0
81 15 2.0
81 18 7.0
81 19 5.0
81 26 8.0
81 33 20.0
81 36 3.0
81 38 15.0
81 40 1.0
81 41 1.0
81 44 5.0
81 55 9.0
81 57 9.0
81 61 3.0
81 65 3.0
81 67 14.0
81 70 6.0
81 71 9.0
81 73 10.0
81 75 6.0
81 76 3.0
81 80 4.0
81 83 1.0
81 93 6.0
81 95 1.0
81 97 1.0
81 101 1.0
82 67 3.0
83 81 1.0
84 0 1.0
84 89 4.0
85 89 1.0
86 5 1.0
86 8 20.0
86 11 1.0
86 14 67.0
86 15 2.0
86 18 2.0
86 19 1.0
86 24 15.0
86 26 1.0
86 28 2.0
86 31 5.0
86 37 13.0
86 40 4.0
86 41 1.0
86 43 38.0
86 46 2.0
86 57 1.0
86 65 21.0
86 67 26.0
86 70 1.0
86 71 14.0
86 73 53.0
86 74 2.0
86 80 1.0
86 87 7.0
86 89 3.0
86 90 3.0
86 96 6.0
86 97 8.0
87 0 1.0
87 3 2.0
87 5 5.0
87 7 116.0
87 8 60.0
87 9 2.0
87 14 178.0
87 15 10.0
87 16 4.0
87 18 58.0
87 19 3.0
87 24 19.0
87 26 7.0
87 29 12.0
87 31 2.0
87 32 2.0
87 33 2.0
87 34 5.0
87 36 10.0
87 37 2.0
87 40 12.0
87 41 99.0
87 43 23.0
87 44 1.0
87 47 1.0
87 49 2.0
87 57 16.0
87 60 1.0
87 61 8.0
87 65 71.0
87 67 47.0
87 70 42.0
87 71 35.0
87 72 4.0
87 73 54.0
87 74 6.0
87 75 1.0
87 76 8.0
87 80 4.0
87 86 7.0
87 89 152.0
87 90 2.0
87 92 1.0
87 93 27.0
87 96 2.0
87 97 9.0
87 99 2.0
87 101 1.0
87 102 8.0
87 106 4.0
89 0 6.0
89 3 52.0
89 4 1.0
89 5 7.0
89 7 23.0
89 8 71.0
89 10 2.0
89 14 108.0
89 15 45.0
89 16 1.0
89 18 24.0
89 22 1.0
89 23 2.0
89 24 30.0
89 25 1.0
89 26 3.0
89 29 16.0
89 32 4.0
89 33 2.0
89 34 4.0
89 35 1.0
89 36 1.0
89 37 1.0
89 38 1.0
89 40 4.0
89 41 45.0
89 43 14.0
89 44 1.0
89 45 4.0
89 48 1.0
89 49 5.0
89 57 14.0
89 60 1.0
89 61 54.0
89 64 1.0
89 65 55.0
89 67 76.0
89 70 57.0
89 71 50.0
89 72 13.0
89 73 18.0
89 74 2.0
89 76 26.0
89 77 1.0
89 80 5.0
89 84 4.0
89 85 1.0
89 86 3.0
89 87 152.0
89 93 17.0
89 95 4.0
89 96 1.0
89 97 7.0
89 99 6.0
89 102 1.0
89 106 17.0
89 107 1.0
90 8 5.0
90 14 14.0
90 16 1.0
90 18 4.0
90 24 7.0
90 28 2.0
90 31 1.0
90 32 2.0
90 37 5.0
90 40 5.0
90 41 1.0
90 43 9.0
90 46 2.0
90 57 1.0
90 61 5.0
90 65 4.0
90 67 15.0
90 71 8.0
90 73 15.0
90 74 1.0
90 86 3.0
90 87 2.0
91 2 7.0
91 9 2.0
91 50 1.0
91 56 3.0
91 58 2.0
92 10 1.0
92 47 1.0
92 77 1.0
92 87 1.0
93 3 4.0
93 5 5.0
93 7 326.0
93 8 22.0
93 9 1.0
93 10 1.0
93 12 1.0
93 14 17.0
93 15 20.0
93 18 6.0
93 24 8.0
93 26 2.0
93 27 1.0
93 33 6.0
93 34 1.0
93 36 2.0
93 37 1.0
93 38 2.0
93 40 3.0
93 41 40.0
93 43 2.0
93 44 1.0
93 45 1.0
93 47 2.0
93 48 1.0
93 49 3.0
93 57 8.0
93 60 2.0
93 61 10.0
93 65 7.0
93 67 8.0
93 70 106.0
93 71 7.0
93 73 3.0
93 76 14.0
93 77 2.0
93 79 1.0
93 81 6.0
93 87 27.0
93 89 17.0
93 98 2.0
93 99 1.0
93 101 1.0
93 102 2.0
93 106 5.0
94 14 4.0
94 18 1.0
94 24 1.0
94 26 1.0
94 32 1.0
94 65 2.0
94 67 7.0
94 71 1.0
94 95 5.0
94 99 4.0
95 8 39.0
95 14 46.0
95 16 1.0
95 18 4.0
95 24 7.0
95 32 2.0
95 34 3.0
95 36 1.0
95 37 3.0
95 40 2.0
95 41 2.0
95 43 4.0
95 46 2.0
95 57 2.0
95 61 5.0
95 65 8.0
95 67 32.0
95 70 2.0
95 71 10.0
95 73 12.0
95 80 1.0
95 81 1.0
95 89 4.0
95 94 5.0
95 96 1.0
95 99 11.0
95 106 5.0
96 8 3.0
96 14 43.0
96 15 1.0
96 16 1.0
96 18 5.0
96 24 5.0
96 26 6.0
96 34 3.0
96 37 1.0
96 40 5.0
96 41 2.0
96 43 6.0
96 46 1.0
96 57 3.0
96 65 19.0
96 67 21.0
96 71 5.0
96 73 8.0
96 74 3.0
96 76 1.0
96 80 1.0
96 86 6.0
96 87 2.0
96 89 1.0
96 95 1.0
96 97 3.0
96 99 1.0
97 7 1.0
97 8 5.0
97 9 2.0
97 14 48.0
97 18 8.0
97 24 9.0
97 31 2.0
97 32 2.0
97 34 1.0
97 37 3.0
97 40 8.0
97 41 1.0
97 43 22.0
97 44 1.0
97 46 2.0
97 53 1.0
97 57 3.0
97 65 17.0
97 67 16.0
97 71 30.0
97 73 25.0
97 74 4.0
97 80 1.0
97 81 1.0
97 86 8.0
97 87 9.0
97 89 7.0
97 96 3.0
97 98 1.0
98 8 15.0
98 13 1.0
98 14 14.0
98 18 1.0
98 24 4.0
98 26 5.0
98 31 1.0
98 40 2.0
98 43 3.0
98 57 1.0
98 61 1.0
98 65 5.0
98 67 10.0
98 70 2.0
98 71 1.0
98 73 1.0
98 76 1.0
98 93 2.0
98 97 1.0
98 99 1.0
99 5 1.0
99 8 99.0
99 11 1.0
99 14 86.0
99 15 3.0
99 18 17.0
99 24 9.0
99 26 3.0
99 28 1.0
99 32 4.0
99 34 2.0
99 36 4.0
99 37 2.0
99 38 1.0
99 40 4.0
99 41 2.0
99 43 7.0
99 46 3.0
99 57 3.0
99 61 4.0
99 65 17.0
99 67 69.0
99 70 12.0
99 71 11.0
99 73 7.0
99 76 6.0
99 80 2.0
99 87 2.0
99 89 6.0
99 93 1.0
99 94 4.0
99 95 11.0
99 96 1.0
99 98 1.0
100 9 33.0
100 49 2.0
100 50 1.0
100 72 1.0
101 8 10.0
101 14 36.0
101 15 8.0
101 18 3.0
101 19 6.0
101 24 1.0
101 26 5.0
101 32 1.0
101 33 11.0
101 34 1.0
101 37 4.0
101 38 1.0
101 41 2.0
101 43 5.0
101 44 4.0
101 55 2.0
101 57 9.0
101 61 96.0
101 65 4.0
101 67 7.0
101 70 1.0
101 71 3.0
101 73 6.0
101 75 5.0
101 76 9.0
101 79 1.0
101 81 1.0
101 87 1.0
101 93 1.0
101 106 3.0
102 7 4.0
102 14 2.0
102 41 6.0
102 47 2.0
102 49 3.0
102 60 1.0
102 70 19.0
102 72 1.0
102 73 1.0
102 78 1.0
102 87 8.0
102 89 1.0
102 93 2.0
102 106 1.0
103 8 14.0
103 14 7.0
103 65 1.0
103 67 2.0
104 14 4.0
104 18 1.0
104 21 3.0
104 33 1.0
104 73 1.0
104 80 1.0
105 2 1.0
105 58 2.0
106 7 8.0
106 8 52.0
106 13 4.0
106 14 49.0
106 15 177.0
106 16 1.0
106 18 7.0
106 19 2.0
106 23 5.0
106 24 2.0
106 26 5.0
106 32 2.0
106 33 11.0
106 34 2.0
106 36 6.0
106 40 2.0
106 41 15.0
106 43 5.0
106 44 13.0
106 45 7.0
106 54 1.0
106 55 1.0
106 57 38.0
106 61 51.0
106 65 6.0
106 67 18.0
106 70 24.0
106 71 5.0
106 72 4.0
106 73 3.0
106 75 2.0
106 76 80.0
106 80 14.0
106 87 4.0
106 89 17.0
106 93 5.0
106 95 5.0
106 101 3.0
106 102 1.0
107 14 2.0
107 43 1.0
107 65 1.0
107 67 2.0
107 89 1.0
