0 4 1.0
0 7 1.0
0 14 1.0
0 15 3.0
0 70 1.0
0 84 1.0
0 87 1.0
0 89 3.0
2 9 2.0
2 47 1.0
2 50 1.0
2 56 3.0
2 58 3.0
2 91 2.0
2 105 1.0
3 8 5.0
3 9 1.0
3 14 3.0
3 18 2.0
3 61 1.0
3 65 1.0
3 67 1.0
3 70 2.0
3 71 1.0
3 72 1.0
3 76 1.0
3 80 1.0
3 87 2.0
3 89 32.0
4 0 1.0
4 14 1.0
4 18 1.0
4 50 1.0
4 54 1.0
4 67 2.0
4 89 1.0
5 7 1.0
5 8 47.0
5 9 1.0
5 11 52.0
5 14 20.0
5 15 5.0
5 18 4.0
5 19 2.0
5 24 3.0
5 26 7.0
5 29 1.0
5 33 4.0
5 34 1.0
5 36 38.0
5 41 5.0
5 47 1.0
5 48 1.0
5 49 3.0
5 58 1.0
5 60 5.0
5 61 3.0
5 65 8.0
5 67 9.0
5 70 36.0
5 71 2.0
5 72 1.0
5 75 1.0
5 76 2.0
5 80 2.0
5 81 1.0
5 87 3.0
5 89 5.0
5 93 2.0
5 99 1.0
7 0 1.0
7 5 1.0
7 8 7.0
7 9 1.0
7 10 1.0
7 15 2.0
7 24 1.0
7 26 1.0
7 27 3.0
7 31 1.0
7 33 1.0
7 36 5.0
7 41 13.0
7 45 2.0
7 57 2.0
7 60 1.0
7 61 2.0
7 65 2.0
7 67 4.0
7 70 22.0
7 71 1.0
7 76 5.0
7 87 53.0
7 89 10.0
7 93 31.0
7 97 1.0
7 102 4.0
7 106 2.0
8 3 5.0
8 5 47.0
8 7 7.0
8 9 15.0
8 10 1.0
8 11 13.0
8 14 400.0
8 15 55.0
8 16 5.0
8 18 59.0
8 19 11.0
8 21 3.0
8 23 6.0
8 24 45.0
8 25 1.0
8 26 53.0
8 32 10.0
8 33 11.0
8 34 29.0
8 35 2.0
8 36 35.0
8 37 18.0
8 38 8.0
8 39 9.0
8 40 21.0
8 41 25.0
8 43 24.0
8 44 9.0
8 45 2.0
8 46 6.0
8 47 4.0
8 48 7.0
8 49 7.0
8 53 1.0
8 54 1.0
8 57 34.0
8 58 1.0
8 60 3.0
8 61 68.0
8 65 126.0
8 67 222.0
8 69 1.0
8 70 117.0
8 71 66.0
8 72 12.0
8 73 80.0
8 74 5.0
8 75 7.0
8 76 23.0
8 77 4.0
8 79 3.0
8 80 25.0
8 81 7.0
8 86 7.0
8 87 27.0
8 89 36.0
8 93 13.0
8 95 16.0
8 96 1.0
8 97 2.0
8 98 4.0
8 99 33.0
8 101 5.0
8 103 7.0
8 106 28.0
9 2 2.0
9 3 1.0
9 5 1.0
9 7 1.0
9 8 15.0
9 10 1.0
9 14 22.0
9 15 3.0
9 24 1.0
9 32 1.0
9 36 1.0
9 43 1.0
9 47 2.0
9 49 7.0
9 50 4.0
9 56 9.0
9 58 3.0
9 65 2.0
9 67 6.0
9 70 10.0
9 71 1.0
9 72 14.0
9 73 4.0
9 77 2.0
9 80 1.0
9 87 1.0
9 91 2.0
9 97 2.0
9 100 19.0
10 7 1.0
10 8 1.0
10 9 1.0
10 12 2.0
10 47 14.0
10 57 1.0
10 61 1.0
10 70 1.0
10 77 5.0
10 78 1.0
10 89 1.0
10 92 1.0
10 93 1.0
11 5 52.0
11 8 13.0
11 14 3.0
11 19 1.0
11 36 10.0
11 37 1.0
11 41 3.0
11 43 1.0
11 49 1.0
11 61 1.0
11 67 1.0
11 70 10.0
11 71 2.0
11 81 1.0
12 10 2.0
12 47 4.0
12 93 1.0
13 98 1.0
13 106 1.0
14 0 1.0
14 3 3.0
14 4 1.0
14 5 20.0
14 8 400.0
14 9 22.0
14 11 3.0
14 15 51.0
14 16 10.0
14 18 188.0
14 19 17.0
14 21 1.0
14 23 12.0
14 24 152.0
14 25 1.0
14 26 111.0
14 29 1.0
14 31 4.0
14 32 10.0
14 33 14.0
14 34 48.0
14 35 3.0
14 36 20.0
14 37 14.0
14 38 10.0
14 39 1.0
14 40 49.0
14 41 25.0
14 43 138.0
14 44 19.0
14 45 4.0
14 46 8.0
14 48 1.0
14 49 4.0
14 55 1.0
14 57 71.0
14 60 1.0
14 61 78.0
14 62 2.0
14 63 2.0
14 64 1.0
14 65 300.0
14 67 529.0
14 70 31.0
14 71 125.0
14 72 3.0
14 73 184.0
14 74 18.0
14 75 6.0
14 76 26.0
14 77 1.0
14 80 23.0
14 81 19.0
14 86 14.0
14 87 37.0
14 89 39.0
14 90 6.0
14 93 6.0
14 94 1.0
14 95 23.0
14 96 14.0
14 97 20.0
14 98 5.0
14 99 50.0
14 101 10.0
14 102 1.0
14 103 3.0
14 104 1.0
14 106 28.0
14 107 1.0
15 0 3.0
15 5 5.0
15 7 2.0
15 8 55.0
15 9 3.0
15 14 51.0
15 16 1.0
15 18 6.0
15 19 16.0
15 20 1.0
15 21 1.0
15 24 8.0
15 25 1.0
15 26 8.0
15 32 1.0
15 33 25.0
15 34 2.0
15 35 1.0
15 36 5.0
15 37 2.0
15 38 2.0
15 40 2.0
15 41 16.0
15 43 2.0
15 44 12.0
15 45 17.0
15 49 17.0
15 53 1.0
15 54 1.0
15 57 48.0
15 61 23.0
15 65 13.0
15 67 22.0
15 69 1.0
15 70 15.0
15 71 4.0
15 72 4.0
15 73 9.0
15 74 1.0
15 75 5.0
15 76 288.0
15 80 8.0
15 81 2.0
15 87 6.0
15 89 16.0
15 93 6.0
15 99 2.0
15 101 7.0
15 106 63.0
16 8 5.0
16 14 10.0
16 15 1.0
16 18 4.0
16 24 5.0
16 34 1.0
16 35 1.0
16 40 3.0
16 41 1.0
16 46 1.0
16 57 3.0
16 65 5.0
16 67 6.0
16 70 1.0
16 71 3.0
16 73 10.0
16 80 2.0
16 87 4.0
16 95 1.0
16 106 1.0
18 3 2.0
18 4 1.0
18 5 4.0
18 8 59.0
18 14 188.0
18 15 6.0
18 16 4.0
18 19 1.0
18 23 2.0
18 24 21.0
18 26 4.0
18 31 1.0
18 32 1.0
18 33 1.0
18 34 9.0
18 36 4.0
18 37 6.0
18 40 40.0
18 41 3.0
18 43 33.0
18 44 2.0
18 46 2.0
18 47 1.0
18 48 1.0
18 49 2.0
18 55 1.0
18 57 4.0
18 61 6.0
18 65 118.0
18 67 48.0
18 70 8.0
18 71 50.0
18 72 2.0
18 73 105.0
18 74 10.0
18 75 2.0
18 76 6.0
18 80 3.0
18 81 5.0
18 87 10.0
18 89 12.0
18 90 1.0
18 93 2.0
18 94 1.0
18 95 1.0
18 96 1.0
18 97 3.0
18 98 1.0
18 99 7.0
18 101 1.0
18 104 1.0
18 106 4.0
19 5 2.0
19 8 11.0
19 11 1.0
19 14 17.0
19 15 16.0
19 18 1.0
19 22 1.0
19 24 1.0
19 33 29.0
19 36 1.0
19 41 1.0
19 44 3.0
19 49 1.0
19 57 23.0
19 61 10.0
19 65 1.0
19 67 9.0
19 70 4.0
19 71 2.0
19 73 6.0
19 75 1.0
19 76 6.0
19 79 9.0
19 80 5.0
19 81 5.0
19 87 2.0
19 101 5.0
19 106 2.0
20 15 1.0
20 47 1.0
20 49 6.0
20 65 1.0
20 72 1.0
21 8 3.0
21 14 1.0
21 15 1.0
21 24 1.0
21 33 2.0
21 36 1.0
21 49 1.0
21 70 2.0
21 73 1.0
21 76 1.0
21 104 2.0
22 19 1.0
22 89 1.0
23 8 6.0
23 14 12.0
23 18 2.0
23 26 23.0
23 34 1.0
23 38 1.0
23 40 1.0
23 43 1.0
23 57 1.0
23 67 3.0
23 71 3.0
23 73 2.0
23 75 2.0
23 89 1.0
23 106 1.0
24 5 3.0
24 7 1.0
24 8 45.0
24 9 1.0
24 14 152.0
24 15 8.0
24 16 5.0
24 18 21.0
24 19 1.0
24 21 1.0
24 26 3.0
24 31 1.0
24 32 3.0
24 33 2.0
24 34 6.0
24 35 1.0
24 37 4.0
24 38 1.0
24 40 20.0
24 41 4.0
24 43 53.0
24 44 3.0
24 45 1.0
24 46 1.0
24 49 1.0
24 57 6.0
24 61 2.0
24 64 1.0
24 65 161.0
24 67 131.0
24 70 3.0
24 71 28.0
24 72 1.0
24 73 24.0
24 74 1.0
24 75 1.0
24 76 1.0
24 80 3.0
24 86 4.0
24 87 5.0
24 89 10.0
24 90 1.0
24 95 2.0
24 96 3.0
24 97 6.0
24 98 4.0
24 99 4.0
24 101 1.0
24 106 1.0
25 8 1.0
25 14 1.0
25 15 1.0
25 65 1.0
25 73 1.0
25 89 1.0
26 5 7.0
26 7 1.0
26 8 53.0
26 14 111.0
26 15 8.0
26 18 4.0
26 23 23.0
26 24 3.0
26 31 1.0
26 34 5.0
26 35 1.0
26 36 1.0
26 37 1.0
26 38 3.0
26 40 5.0
26 41 3.0
26 43 6.0
26 44 3.0
26 49 1.0
26 55 1.0
26 57 17.0
26 61 9.0
26 63 1.0
26 65 13.0
26 67 16.0
26 69 1.0
26 70 7.0
26 71 10.0
26 72 2.0
26 73 11.0
26 74 2.0
26 75 14.0
26 76 7.0
26 77 1.0
26 80 4.0
26 81 5.0
26 86 1.0
26 87 4.0
26 89 3.0
26 93 1.0
26 94 1.0
26 96 2.0
26 98 4.0
26 99 3.0
26 101 2.0
26 106 3.0
27 7 3.0
27 60 1.0
27 70 1.0
27 93 1.0
28 46 1.0
28 67 2.0
28 71 1.0
28 73 1.0
28 86 1.0
28 90 1.0
29 5 1.0
29 14 1.0
29 73 1.0
29 87 6.0
29 89 7.0
30 72 2.0
31 7 1.0
31 14 4.0
31 18 1.0
31 24 1.0
31 26 1.0
31 37 1.0
31 40 1.0
31 43 3.0
31 65 1.0
31 67 9.0
31 71 1.0
31 74 1.0
31 86 2.0
31 90 1.0
32 8 10.0
32 9 1.0
32 14 10.0
32 15 1.0
32 18 1.0
32 24 3.0
32 34 1.0
32 37 1.0
32 40 2.0
32 43 6.0
32 46 8.0
32 65 12.0
32 67 10.0
32 71 2.0
32 73 2.0
32 87 1.0
32 89 1.0
32 94 1.0
32 97 1.0
32 99 4.0
32 101 1.0
33 5 4.0
33 7 1.0
33 8 11.0
33 14 14.0
33 15 25.0
33 18 1.0
33 19 29.0
33 21 2.0
33 24 2.0
33 34 2.0
33 36 2.0
33 37 1.0
33 38 2.0
33 40 1.0
33 41 1.0
33 44 3.0
33 45 2.0
33 57 31.0
33 61 13.0
33 65 1.0
33 67 2.0
33 70 4.0
33 71 5.0
33 73 4.0
33 74 1.0
33 75 7.0
33 76 16.0
33 79 4.0
33 80 3.0
33 81 10.0
33 87 2.0
33 89 2.0
33 93 3.0
33 101 3.0
33 106 5.0
34 5 1.0
34 8 29.0
34 14 48.0
34 15 2.0
34 16 1.0
34 18 9.0
34 23 1.0
34 24 6.0
34 26 5.0
34 32 1.0
34 33 2.0
34 36 2.0
34 37 2.0
34 39 1.0
34 40 16.0
34 41 2.0
34 43 7.0
34 44 1.0
34 57 5.0
34 61 3.0
34 65 15.0
34 67 10.0
34 70 4.0
34 71 59.0
34 73 9.0
34 74 5.0
34 76 3.0
34 79 1.0
34 87 2.0
34 89 2.0
34 95 2.0
34 96 1.0
34 97 1.0
34 99 1.0
34 106 1.0
35 8 2.0
35 14 3.0
35 15 1.0
35 16 1.0
35 24 1.0
35 26 1.0
35 36 1.0
35 41 1.0
35 65 1.0
35 73 1.0
35 76 2.0
35 89 1.0
36 5 38.0
36 7 5.0
36 8 35.0
36 9 1.0
36 11 10.0
36 14 20.0
36 15 5.0
36 18 4.0
36 19 1.0
36 21 1.0
36 26 1.0
36 33 2.0
36 34 2.0
36 35 1.0
36 37 1.0
36 38 2.0
36 39 1.0
36 41 4.0
36 43 1.0
36 44 1.0
36 47 2.0
36 49 14.0
36 55 1.0
36 57 3.0
36 61 7.0
36 65 3.0
36 67 10.0
36 70 48.0
36 71 1.0
36 72 2.0
36 73 4.0
36 76 5.0
36 77 1.0
36 80 4.0
36 81 3.0
36 87 7.0
36 89 1.0
36 93 2.0
36 95 1.0
36 99 4.0
36 106 4.0
37 8 18.0
37 11 1.0
37 14 14.0
37 15 2.0
37 18 6.0
37 24 4.0
37 26 1.0
37 31 1.0
37 32 1.0
37 33 1.0
37 34 2.0
37 36 1.0
37 40 2.0
37 41 1.0
37 43 1.0
37 44 2.0
37 46 1.0
37 57 4.0
37 61 4.0
37 65 4.0
37 67 5.0
37 70 1.0
37 71 5.0
37 73 6.0
37 74 1.0
37 76 4.0
37 80 1.0
37 86 9.0
37 87 2.0
37 89 1.0
37 90 3.0
37 95 1.0
37 97 3.0
37 99 1.0
37 101 1.0
38 8 8.0
38 14 10.0
38 15 2.0
38 23 1.0
38 24 1.0
38 26 3.0
38 33 2.0
38 36 2.0
38 40 1.0
38 44 2.0
38 55 1.0
38 57 3.0
38 67 2.0
38 70 1.0
38 71 6.0
38 73 2.0
38 75 2.0
38 76 2.0
38 79 2.0
38 80 2.0
38 81 8.0
38 89 1.0
38 99 1.0
38 101 1.0
39 8 9.0
39 14 1.0
39 34 1.0
39 36 1.0
39 60 1.0
39 61 1.0
39 70 2.0
39 75 1.0
39 80 1.0
40 8 21.0
40 14 49.0
40 15 2.0
40 16 3.0
40 18 40.0
40 23 1.0
40 24 20.0
40 26 5.0
40 31 1.0
40 32 2.0
40 33 1.0
40 34 16.0
40 37 2.0
40 38 1.0
40 41 1.0
40 43 8.0
40 46 1.0
40 55 1.0
40 57 5.0
40 61 2.0
40 65 20.0
40 67 18.0
40 70 3.0
40 71 26.0
40 73 44.0
40 74 4.0
40 76 3.0
40 80 1.0
40 86 1.0
40 87 4.0
40 89 3.0
40 90 1.0
40 93 1.0
40 95 1.0
40 97 2.0
40 99 3.0
40 106 1.0
41 5 5.0
41 7 13.0
41 8 25.0
41 11 3.0
41 14 25.0
41 15 16.0
41 16 1.0
41 18 3.0
41 19 1.0
41 24 4.0
41 26 3.0
41 33 1.0
41 34 2.0
41 35 1.0
41 36 4.0
41 37 1.0
41 40 1.0
41 43 1.0
41 44 1.0
41 45 1.0
41 49 1.0
41 57 2.0
41 60 1.0
41 61 6.0
41 65 10.0
41 67 8.0
41 70 37.0
41 71 1.0
41 73 6.0
41 76 6.0
41 80 1.0
41 81 1.0
41 87 51.0
41 89 16.0
41 90 1.0
41 93 20.0
41 97 1.0
41 99 1.0
41 101 2.0
41 102 1.0
41 106 7.0
43 8 24.0
43 9 1.0
43 11 1.0
43 14 138.0
43 15 2.0
43 18 33.0
43 23 1.0
43 24 53.0
43 26 6.0
43 31 3.0
43 32 6.0
43 34 7.0
43 36 1.0
43 37 1.0
43 40 8.0
43 41 1.0
43 44 1.0
43 46 1.0
43 49 1.0
43 57 5.0
43 61 2.0
43 65 135.0
43 67 61.0
43 70 3.0
43 71 27.0
43 73 75.0
43 74 1.0
43 75 1.0
43 76 3.0
43 80 4.0
43 86 23.0
43 87 9.0
43 89 3.0
43 90 6.0
43 95 3.0
43 96 5.0
43 97 15.0
43 98 2.0
43 99 3.0
43 101 1.0
43 106 3.0
44 8 9.0
44 14 19.0
44 15 12.0
44 18 2.0
44 19 3.0
44 24 3.0
44 26 3.0
44 33 3.0
44 34 1.0
44 36 1.0
44 37 2.0
44 38 2.0
44 41 1.0
44 43 1.0
44 57 62.0
44 61 4.0
44 65 2.0
44 67 10.0
44 70 1.0
44 71 2.0
44 72 1.0
44 73 8.0
44 75 2.0
44 76 9.0
44 79 3.0
44 80 14.0
44 81 4.0
44 87 1.0
44 89 1.0
44 101 4.0
44 106 4.0
45 7 2.0
45 8 2.0
45 14 4.0
45 15 17.0
45 24 1.0
45 33 2.0
45 41 1.0
45 57 9.0
45 61 4.0
45 67 1.0
45 73 1.0
45 75 2.0
45 76 21.0
45 80 1.0
45 89 3.0
45 106 3.0
46 8 6.0
46 14 8.0
46 16 1.0
46 18 2.0
46 24 1.0
46 28 1.0
46 32 8.0
46 37 1.0
46 40 1.0
46 43 1.0
46 57 2.0
46 65 1.0
46 67 5.0
46 71 1.0
46 73 4.0
46 76 1.0
46 90 1.0
46 95 1.0
46 96 1.0
46 97 1.0
46 99 2.0
47 2 1.0
47 5 1.0
47 8 4.0
47 9 2.0
47 10 14.0
47 12 4.0
47 18 1.0
47 20 1.0
47 36 2.0
47 49 2.0
47 60 2.0
47 70 2.0
47 72 4.0
47 77 9.0
47 87 1.0
47 93 1.0
47 102 1.0
48 5 1.0
48 8 7.0
48 14 1.0
48 18 1.0
48 67 3.0
48 70 3.0
48 76 1.0
48 89 1.0
49 5 3.0
49 8 7.0
49 9 7.0
49 11 1.0
49 14 4.0
49 15 17.0
49 18 2.0
49 19 1.0
49 20 6.0
49 21 1.0
49 24 1.0
49 26 1.0
49 36 14.0
49 41 1.0
49 43 1.0
49 47 2.0
49 57 1.0
49 59 10.0
49 61 2.0
49 62 1.0
49 65 3.0
49 67 4.0
49 69 8.0
49 70 24.0
49 72 136.0
49 76 2.0
49 77 1.0
49 87 2.0
49 89 4.0
49 93 3.0
49 100 1.0
49 102 1.0
50 2 1.0
50 4 1.0
50 9 4.0
50 68 1.0
50 72 3.0
50 91 1.0
50 100 1.0
52 56 1.0
52 72 1.0
53 8 1.0
53 15 1.0
53 97 1.0
54 4 1.0
54 8 1.0
54 15 1.0
54 106 1.0
55 14 1.0
55 18 1.0
55 26 1.0
55 36 1.0
55 38 1.0
55 40 1.0
55 57 1.0
55 65 1.0
55 70 1.0
55 75 1.0
55 81 8.0
55 101 1.0
55 106 1.0
56 2 3.0
56 9 9.0
56 52 1.0
56 58 2.0
56 65 1.0
56 67 1.0
56 91 2.0
57 7 2.0
57 8 34.0
57 10 1.0
57 14 71.0
57 15 48.0
57 16 3.0
57 18 4.0
57 19 23.0
57 23 1.0
57 24 6.0
57 26 17.0
57 33 31.0
57 34 5.0
57 36 3.0
57 37 4.0
57 38 3.0
57 40 5.0
57 41 2.0
57 43 5.0
57 44 62.0
57 45 9.0
57 46 2.0
57 49 1.0
57 55 1.0
57 61 42.0
57 65 11.0
57 67 20.0
57 70 13.0
57 71 12.0
57 73 18.0
57 74 1.0
57 75 6.0
57 76 57.0
57 79 5.0
57 80 49.0
57 81 4.0
57 87 3.0
57 89 3.0
57 93 5.0
57 97 1.0
57 99 2.0
57 101 8.0
57 106 24.0
58 2 3.0
58 5 1.0
58 8 1.0
58 9 3.0
58 56 2.0
58 61 1.0
58 70 1.0
58 72 2.0
58 91 2.0
58 105 1.0
59 49 10.0
59 72 3.0
60 5 5.0
60 7 1.0
60 8 3.0
60 14 1.0
60 27 1.0
60 39 1.0
60 41 1.0
60 47 2.0
60 61 1.0
60 70 20.0
60 87 1.0
60 89 1.0
60 93 2.0
60 102 1.0
61 3 1.0
61 5 3.0
61 7 2.0
61 8 68.0
61 10 1.0
61 11 1.0
61 14 78.0
61 15 23.0
61 18 6.0
61 19 10.0
61 24 2.0
61 26 9.0
61 33 13.0
61 34 3.0
61 36 7.0
61 37 4.0
61 39 1.0
61 40 2.0
61 41 6.0
61 43 2.0
61 44 4.0
61 45 4.0
61 49 2.0
61 57 42.0
61 58 1.0
61 60 1.0
61 65 11.0
61 67 18.0
61 70 31.0
61 71 5.0
61 72 2.0
61 73 11.0
61 74 1.0
61 76 33.0
61 79 1.0
61 80 11.0
61 81 2.0
61 87 3.0
61 89 10.0
61 90 2.0
61 93 5.0
61 95 2.0
61 99 3.0
61 101 12.0
61 106 23.0
62 14 2.0
62 49 1.0
62 72 8.0
63 14 2.0
63 26 1.0
64 14 1.0
64 24 1.0
64 89 1.0
65 3 1.0
65 5 8.0
65 7 2.0
65 8 126.0
65 9 2.0
65 14 300.0
65 15 13.0
65 16 5.0
65 18 118.0
65 19 1.0
65 20 1.0
65 24 161.0
65 25 1.0
65 26 13.0
65 31 1.0
65 32 12.0
65 33 1.0
65 34 15.0
65 35 1.0
65 36 3.0
65 37 4.0
65 40 20.0
65 41 10.0
65 43 135.0
65 44 2.0
65 46 1.0
65 49 3.0
65 55 1.0
65 56 1.0
65 57 11.0
65 61 11.0
65 67 142.0
65 70 5.0
65 71 51.0
65 72 1.0
65 73 135.0
65 74 5.0
65 75 1.0
65 76 2.0
65 80 4.0
65 81 3.0
65 86 11.0
65 87 30.0
65 89 18.0
65 90 1.0
65 93 5.0
65 94 1.0
65 95 5.0
65 96 10.0
65 97 8.0
65 98 3.0
65 99 6.0
65 101 2.0
65 107 1.0
67 3 1.0
67 4 2.0
67 5 9.0
67 7 4.0
67 8 222.0
67 9 6.0
67 11 1.0
67 14 529.0
67 15 22.0
67 16 6.0
67 18 48.0
67 19 9.0
67 23 3.0
67 24 131.0
67 26 16.0
67 28 2.0
67 31 9.0
67 32 10.0
67 33 2.0
67 34 10.0
67 36 10.0
67 37 5.0
67 38 2.0
67 40 18.0
67 41 8.0
67 43 61.0
67 44 10.0
67 45 1.0
67 46 5.0
67 48 3.0
67 49 4.0
67 56 1.0
67 57 20.0
67 61 18.0
67 65 142.0
67 70 11.0
67 71 69.0
67 72 2.0
67 73 63.0
67 74 4.0
67 75 3.0
67 76 16.0
67 80 13.0
67 81 4.0
67 82 2.0
67 86 2.0
67 87 18.0
67 89 21.0
67 90 3.0
67 93 2.0
67 94 4.0
67 95 17.0
67 96 5.0
67 97 6.0
67 98 3.0
67 99 40.0
67 106 5.0
67 107 1.0
68 50 1.0
69 8 1.0
69 15 1.0
69 26 1.0
69 49 8.0
69 70 3.0
69 72 5.0
69 76 1.0
70 0 1.0
70 3 2.0
70 5 36.0
70 7 22.0
70 8 117.0
70 9 10.0
70 10 1.0
70 11 10.0
70 14 31.0
70 15 15.0
70 16 1.0
70 18 8.0
70 19 4.0
70 21 2.0
70 24 3.0
70 26 7.0
70 27 1.0
70 33 4.0
70 34 4.0
70 36 48.0
70 37 1.0
70 38 1.0
70 39 2.0
70 40 3.0
70 41 37.0
70 43 3.0
70 44 1.0
70 47 2.0
70 48 3.0
70 49 24.0
70 55 1.0
70 57 13.0
70 58 1.0
70 60 20.0
70 61 31.0
70 65 5.0
70 67 11.0
70 69 3.0
70 71 6.0
70 72 17.0
70 73 10.0
70 75 6.0
70 76 11.0
70 77 1.0
70 80 8.0
70 81 5.0
70 86 1.0
70 87 23.0
70 89 36.0
70 93 36.0
70 95 1.0
70 98 1.0
70 99 9.0
70 101 1.0
70 102 12.0
70 106 12.0
71 3 1.0
71 5 2.0
71 7 1.0
71 8 66.0
71 9 1.0
71 11 2.0
71 14 125.0
71 15 4.0
71 16 3.0
71 18 50.0
71 19 2.0
71 23 3.0
71 24 28.0
71 26 10.0
71 28 1.0
71 31 1.0
71 32 2.0
71 33 5.0
71 34 59.0
71 36 1.0
71 37 5.0
71 38 6.0
71 40 26.0
71 41 1.0
71 43 27.0
71 44 2.0
71 46 1.0
71 57 12.0
71 61 5.0
71 65 51.0
71 67 69.0
71 70 6.0
71 73 72.0
71 74 8.0
71 75 1.0
71 76 4.0
71 79 1.0
71 80 5.0
71 81 7.0
71 86 7.0
71 87 12.0
71 89 16.0
71 90 5.0
71 93 1.0
71 95 4.0
71 96 2.0
71 97 6.0
71 99 5.0
71 101 1.0
71 106 4.0
72 3 1.0
72 5 1.0
72 8 12.0
72 9 14.0
72 14 3.0
72 15 4.0
72 18 2.0
72 20 1.0
72 24 1.0
72 26 2.0
72 30 2.0
72 36 2.0
72 44 1.0
72 47 4.0
72 49 136.0
72 50 3.0
72 52 1.0
72 58 2.0
72 59 3.0
72 61 2.0
72 62 8.0
72 65 1.0
72 67 2.0
72 69 5.0
72 70 17.0
72 73 1.0
72 75 1.0
72 76 1.0
72 87 1.0
72 89 6.0
72 100 1.0
72 106 1.0
73 8 80.0
73 9 4.0
73 14 184.0
73 15 9.0
73 16 10.0
73 18 105.0
73 19 6.0
73 21 1.0
73 23 2.0
73 24 24.0
73 25 1.0
73 26 11.0
73 28 1.0
73 29 1.0
73 32 2.0
73 33 4.0
73 34 9.0
73 35 1.0
73 36 4.0
73 37 6.0
73 38 2.0
73 40 44.0
73 41 6.0
73 43 75.0
73 44 8.0
73 45 1.0
73 46 4.0
73 57 18.0
73 61 11.0
73 65 135.0
73 67 63.0
73 70 10.0
73 71 72.0
73 72 1.0
73 74 23.0
73 75 5.0
73 76 7.0
73 77 1.0
73 79 1.0
73 80 5.0
73 81 7.0
73 86 41.0
73 87 22.0
73 89 5.0
73 90 5.0
73 95 4.0
73 96 7.0
73 97 17.0
73 98 1.0
73 99 5.0
73 101 1.0
73 104 1.0
73 106 1.0
74 8 5.0
74 14 18.0
74 15 1.0
74 18 10.0
74 24 1.0
74 26 2.0
74 31 1.0
74 33 1.0
74 34 5.0
74 37 1.0
74 40 4.0
74 43 1.0
74 57 1.0
74 61 1.0
74 65 5.0
74 67 4.0
74 71 8.0
74 73 23.0
74 79 1.0
74 86 1.0
74 87 3.0
74 96 2.0
74 97 2.0
75 5 1.0
75 8 7.0
75 14 6.0
75 15 5.0
75 18 2.0
75 19 1.0
75 23 2.0
75 24 1.0
75 26 14.0
75 33 7.0
75 38 2.0
75 39 1.0
75 43 1.0
75 44 2.0
75 45 2.0
75 55 1.0
75 57 6.0
75 65 1.0
75 67 3.0
75 70 6.0
75 71 1.0
75 72 1.0
75 73 5.0
75 76 8.0
75 81 2.0
75 87 1.0
75 101 5.0
75 106 1.0
76 3 1.0
76 5 2.0
76 7 5.0
76 8 23.0
76 14 26.0
76 15 288.0
76 18 6.0
76 19 6.0
76 21 1.0
76 24 1.0
76 26 7.0
76 33 16.0
76 34 3.0
76 35 2.0
76 36 5.0
76 37 4.0
76 38 2.0
76 40 3.0
76 41 6.0
76 43 3.0
76 44 9.0
76 45 21.0
76 46 1.0
76 48 1.0
76 49 2.0
76 57 57.0
76 61 33.0
76 65 2.0
76 67 16.0
76 69 1.0
76 70 11.0
76 71 4.0
76 72 1.0
76 73 7.0
76 75 8.0
76 79 2.0
76 80 9.0
76 81 2.0
76 87 2.0
76 89 11.0
76 93 4.0
76 98 1.0
76 99 3.0
76 101 8.0
76 106 36.0
77 8 4.0
77 9 2.0
77 10 5.0
77 14 1.0
77 26 1.0
77 36 1.0
77 47 9.0
77 49 1.0
77 70 1.0
77 73 1.0
77 89 1.0
77 92 1.0
78 10 1.0
78 102 1.0
79 8 3.0
79 19 9.0
79 33 4.0
79 34 1.0
79 38 2.0
79 44 3.0
79 57 5.0
79 61 1.0
79 71 1.0
79 73 1.0
79 74 1.0
79 76 2.0
79 93 1.0
79 101 1.0
80 3 1.0
80 5 2.0
80 8 25.0
80 9 1.0
80 14 23.0
80 15 8.0
80 16 2.0
80 18 3.0
80 19 5.0
80 24 3.0
80 26 4.0
80 33 3.0
80 36 4.0
80 37 1.0
80 38 2.0
80 39 1.0
80 40 1.0
80 41 1.0
80 43 4.0
80 44 14.0
80 45 1.0
80 57 49.0
80 61 11.0
80 65 4.0
80 67 13.0
80 70 8.0
80 71 5.0
80 73 5.0
80 76 9.0
80 81 4.0
80 86 1.0
80 87 1.0
80 89 2.0
80 95 1.0
80 96 1.0
80 99 2.0
80 104 1.0
80 106 4.0
81 5 1.0
81 8 7.0
81 11 1.0
81 14 19.0
81 15 2.0
81 18 5.0
81 19 5.0
81 26 5.0
81 33 10.0
81 36 3.0
81 38 8.0
81 41 1.0
81 44 4.0
81 55 8.0
81 57 4.0
81 61 2.0
81 65 3.0
81 67 4.0
81 70 5.0
81 71 7.0
81 73 7.0
81 75 2.0
81 76 2.0
81 80 4.0
81 83 1.0
81 93 2.0
81 95 1.0
81 97 1.0
82 67 2.0
83 81 1.0
84 0 1.0
84 89 1.0
85 89 1.0
86 8 7.0
86 14 14.0
86 24 4.0
86 26 1.0
86 28 1.0
86 31 2.0
86 37 9.0
86 40 1.0
86 43 23.0
86 65 11.0
86 67 2.0
86 70 1.0
86 71 7.0
86 73 41.0
86 74 1.0
86 80 1.0
86 87 1.0
86 90 3.0
86 96 5.0
86 97 2.0
87 0 1.0
87 3 2.0
87 5 3.0
87 7 53.0
87 8 27.0
87 9 1.0
87 14 37.0
87 15 6.0
87 16 4.0
87 18 10.0
87 19 2.0
87 24 5.0
87 26 4.0
87 29 6.0
87 32 1.0
87 33 2.0
87 34 2.0
87 36 7.0
87 37 2.0
87 40 4.0
87 41 51.0
87 43 9.0
87 44 1.0
87 47 1.0
87 49 2.0
87 57 3.0
87 60 1.0
87 61 3.0
87 65 30.0
87 67 18.0
87 70 23.0
87 71 12.0
87 72 1.0
87 73 22.0
87 74 3.0
87 75 1.0
87 76 2.0
87 80 1.0
87 86 1.0
87 89 68.0
87 92 1.0
87 93 10.0
87 96 1.0
87 97 3.0
87 99 1.0
87 101 1.0
87 102 5.0
87 106 2.0
89 0 3.0
89 3 32.0
89 4 1.0
89 5 5.0
89 7 10.0
89 8 36.0
89 10 1.0
89 14 39.0
89 15 16.0
89 18 12.0
89 22 1.0
89 23 1.0
89 24 10.0
89 25 1.0
89 26 3.0
89 29 7.0
89 32 1.0
89 33 2.0
89 34 2.0
89 35 1.0
89 36 1.0
89 37 1.0
89 38 1.0
89 40 3.0
89 41 16.0
89 43 3.0
89 44 1.0
89 45 3.0
89 48 1.0
89 49 4.0
89 57 3.0
89 60 1.0
89 61 10.0
89 64 1.0
89 65 18.0
89 67 21.0
89 70 36.0
89 71 16.0
89 72 6.0
89 73 5.0
89 76 11.0
89 77 1.0
89 80 2.0
89 84 1.0
89 85 1.0
89 87 68.0
89 93 6.0
89 95 3.0
89 96 1.0
89 97 2.0
89 99 2.0
89 102 1.0
89 106 7.0
90 14 6.0
90 18 1.0
90 24 1.0
90 28 1.0
90 31 1.0
90 37 3.0
90 40 1.0
90 41 1.0
90 43 6.0
90 46 1.0
90 61 2.0
90 65 1.0
90 67 3.0
90 71 5.0
90 73 5.0
90 86 3.0
91 2 2.0
91 9 2.0
91 50 1.0
91 56 2.0
91 58 2.0
92 10 1.0
92 77 1.0
92 87 1.0
93 5 2.0
93 7 31.0
93 8 13.0
93 10 1.0
93 12 1.0
93 14 6.0
93 15 6.0
93 18 2.0
93 26 1.0
93 27 1.0
93 33 3.0
93 36 2.0
93 40 1.0
93 41 20.0
93 47 1.0
93 49 3.0
93 57 5.0
93 60 2.0
93 61 5.0
93 65 5.0
93 67 2.0
93 70 36.0
93 71 1.0
93 76 4.0
93 79 1.0
93 81 2.0
93 87 10.0
93 89 6.0
93 98 1.0
93 99 1.0
93 101 1.0
93 102 1.0
93 106 4.0
94 14 1.0
94 18 1.0
94 26 1.0
94 32 1.0
94 65 1.0
94 67 4.0
94 95 3.0
94 99 2.0
95 8 16.0
95 14 23.0
95 16 1.0
95 18 1.0
95 24 2.0
95 34 2.0
95 36 1.0
95 37 1.0
95 40 1.0
95 43 3.0
95 46 1.0
95 61 2.0
95 65 5.0
95 67 17.0
95 70 1.0
95 71 4.0
95 73 4.0
95 80 1.0
95 81 1.0
95 89 3.0
95 94 3.0
95 96 1.0
95 99 8.0
95 106 3.0
96 8 1.0
96 14 14.0
96 18 1.0
96 24 3.0
96 26 2.0
96 34 1.0
96 43 5.0
96 46 1.0
96 65 10.0
96 67 5.0
96 71 2.0
96 73 7.0
96 74 2.0
96 80 1.0
96 86 5.0
96 87 1.0
96 89 1.0
96 95 1.0
96 97 2.0
97 7 1.0
97 8 2.0
97 9 2.0
97 14 20.0
97 18 3.0
97 24 6.0
97 32 1.0
97 34 1.0
97 37 3.0
97 40 2.0
97 41 1.0
97 43 15.0
97 46 1.0
97 53 1.0
97 57 1.0
97 65 8.0
97 67 6.0
97 71 6.0
97 73 17.0
97 74 2.0
97 81 1.0
97 86 2.0
97 87 3.0
97 89 2.0
97 96 2.0
97 98 1.0
98 8 4.0
98 13 1.0
98 14 5.0
98 18 1.0
98 24 4.0
98 26 4.0
98 43 2.0
98 65 3.0
98 67 3.0
98 70 1.0
98 73 1.0
98 76 1.0
98 93 1.0
98 97 1.0
98 99 1.0
99 5 1.0
99 8 33.0
99 14 50.0
99 15 2.0
99 18 7.0
99 24 4.0
99 26 3.0
99 32 4.0
99 34 1.0
99 36 4.0
99 37 1.0
99 38 1.0
99 40 3.0
99 41 1.0
99 43 3.0
99 46 2.0
99 57 2.0
99 61 3.0
99 65 6.0
99 67 40.0
99 70 9.0
99 71 5.0
99 73 5.0
99 76 3.0
99 80 2.0
99 87 1.0
99 89 2.0
99 93 1.0
99 94 2.0
99 95 8.0
99 98 1.0
100 9 19.0
100 49 1.0
100 50 1.0
100 72 1.0
101 8 5.0
101 14 10.0
101 15 7.0
101 18 1.0
101 19 5.0
101 24 1.0
101 26 2.0
101 32 1.0
101 33 3.0
101 37 1.0
101 38 1.0
101 41 2.0
101 43 1.0
101 44 4.0
101 55 1.0
101 57 8.0
101 61 12.0
101 65 2.0
101 70 1.0
101 71 1.0
101 73 1.0
101 75 5.0
101 76 8.0
101 79 1.0
101 87 1.0
101 93 1.0
101 106 2.0
102 7 4.0
102 14 1.0
102 41 1.0
102 47 1.0
102 49 1.0
102 60 1.0
102 70 12.0
102 78 1.0
102 87 5.0
102 89 1.0
102 93 1.0
102 106 1.0
103 8 7.0
103 14 3.0
104 14 1.0
104 18 1.0
104 21 2.0
104 73 1.0
104 80 1.0
105 2 1.0
105 58 1.0
106 7 2.0
106 8 28.0
106 13 1.0
106 14 28.0
106 15 63.0
106 16 1.0
106 18 4.0
106 19 2.0
106 23 1.0
106 24 1.0
106 26 3.0
106 33 5.0
106 34 1.0
106 36 4.0
106 40 1.0
106 41 7.0
106 43 3.0
106 44 4.0
106 45 3.0
106 54 1.0
106 55 1.0
106 57 24.0
106 61 23.0
106 67 5.0
106 70 12.0
106 71 4.0
106 72 1.0
106 73 1.0
106 75 1.0
106 76 36.0
106 80 4.0
106 87 2.0
106 89 7.0
106 93 4.0
106 95 3.0
106 101 2.0
106 102 1.0
107 14 1.0
107 65 1.0
107 67 1.0
