0 4 1.0
0 7 1.0
0 15 1.0
0 70 2.0
0 87 1.0
0 89 5.0
1 8 1.0
2 5 1.0
2 9 2.0
2 47 1.0
2 50 1.0
2 52 1.0
2 56 2.0
2 58 5.0
2 66 1.0
2 74 1.0
2 78 1.0
2 91 3.0
2 105 1.0
3 8 6.0
3 9 1.0
3 14 3.0
3 15 1.0
3 18 2.0
3 19 1.0
3 61 1.0
3 65 1.0
3 67 2.0
3 70 6.0
3 71 1.0
3 72 1.0
3 76 2.0
3 80 1.0
3 87 3.0
3 89 48.0
4 0 1.0
4 14 1.0
4 18 1.0
4 54 1.0
4 57 1.0
4 89 1.0
4 106 1.0
5 2 1.0
5 7 8.0
5 8 269.0
5 9 1.0
5 14 74.0
5 15 17.0
5 18 8.0
5 19 2.0
5 24 3.0
5 26 10.0
5 29 1.0
5 33 7.0
5 34 7.0
5 36 116.0
5 37 2.0
5 40 1.0
5 41 12.0
5 43 2.0
5 44 2.0
5 47 1.0
5 48 1.0
5 49 7.0
5 57 10.0
5 58 1.0
5 60 4.0
5 61 10.0
5 65 9.0
5 67 24.0
5 70 181.0
5 71 6.0
5 72 3.0
5 73 8.0
5 75 1.0
5 76 2.0
5 80 5.0
5 81 10.0
5 86 1.0
5 87 8.0
5 89 12.0
5 90 3.0
5 93 5.0
5 95 8.0
5 99 7.0
5 102 1.0
5 106 3.0
6 43 1.0
6 95 1.0
7 0 1.0
7 5 8.0
7 8 25.0
7 9 1.0
7 14 4.0
7 15 3.0
7 24 1.0
7 27 5.0
7 31 1.0
7 33 1.0
7 35 1.0
7 36 6.0
7 41 19.0
7 45 2.0
7 57 2.0
7 60 2.0
7 61 3.0
7 65 1.0
7 67 3.0
7 70 40.0
7 71 2.0
7 72 1.0
7 76 9.0
7 87 108.0
7 89 10.0
7 90 1.0
7 93 46.0
7 97 1.0
7 102 4.0
7 106 3.0
8 1 1.0
8 3 6.0
8 5 269.0
8 7 25.0
8 9 16.0
8 14 2249.0
8 15 185.0
8 16 17.0
8 18 121.0
8 19 29.0
8 21 2.0
8 23 16.0
8 24 252.0
8 25 1.0
8 26 161.0
8 28 2.0
8 30 1.0
8 31 5.0
8 32 10.0
8 33 36.0
8 34 236.0
8 35 5.0
8 36 138.0
8 37 29.0
8 38 15.0
8 39 22.0
8 40 47.0
8 41 70.0
8 43 139.0
8 44 26.0
8 45 2.0
8 46 5.0
8 47 5.0
8 48 17.0
8 49 19.0
8 51 1.0
8 53 1.0
8 54 1.0
8 55 4.0
8 56 2.0
8 57 149.0
8 58 6.0
8 60 5.0
8 61 151.0
8 63 1.0
8 65 382.0
8 67 982.0
8 69 3.0
8 70 412.0
8 71 281.0
8 72 32.0
8 73 178.0
8 74 11.0
8 75 22.0
8 76 143.0
8 77 5.0
8 79 4.0
8 80 45.0
8 81 30.0
8 86 8.0
8 87 78.0
8 89 100.0
8 90 147.0
8 93 26.0
8 94 1.0
8 95 216.0
8 96 4.0
8 97 8.0
8 98 13.0
8 99 167.0
8 101 11.0
8 103 10.0
8 106 111.0
9 2 2.0
9 3 1.0
9 5 1.0
9 7 1.0
9 8 16.0
9 10 1.0
9 14 40.0
9 15 2.0
9 18 1.0
9 24 2.0
9 26 1.0
9 32 1.0
9 34 1.0
9 36 1.0
9 41 1.0
9 47 3.0
9 49 5.0
9 50 4.0
9 56 13.0
9 57 3.0
9 58 3.0
9 65 1.0
9 67 5.0
9 70 15.0
9 72 20.0
9 73 4.0
9 77 2.0
9 80 1.0
9 87 3.0
9 91 3.0
9 97 1.0
9 99 3.0
9 100 22.0
10 9 1.0
10 12 3.0
10 47 21.0
10 57 1.0
10 61 1.0
10 70 1.0
10 77 7.0
10 78 2.0
10 93 1.0
10 99 1.0
12 10 3.0
12 47 5.0
13 98 1.0
13 106 1.0
14 3 3.0
14 4 1.0
14 5 74.0
14 7 4.0
14 8 2249.0
14 9 40.0
14 15 147.0
14 16 37.0
14 18 340.0
14 19 36.0
14 21 2.0
14 23 35.0
14 24 488.0
14 25 4.0
14 26 231.0
14 27 1.0
14 28 1.0
14 29 1.0
14 31 13.0
14 32 14.0
14 33 31.0
14 34 400.0
14 35 8.0
14 36 62.0
14 37 31.0
14 38 10.0
14 39 2.0
14 40 118.0
14 41 39.0
14 43 358.0
14 44 29.0
14 45 3.0
14 46 15.0
14 48 5.0
14 49 14.0
14 55 4.0
14 57 246.0
14 58 1.0
14 60 3.0
14 61 141.0
14 62 1.0
14 63 3.0
14 64 1.0
14 65 600.0
14 67 1960.0
14 69 5.0
14 70 115.0
14 71 449.0
14 72 9.0
14 73 386.0
14 74 38.0
14 75 16.0
14 76 118.0
14 79 1.0
14 80 49.0
14 81 54.0
14 86 24.0
14 87 112.0
14 89 89.0
14 90 193.0
14 93 12.0
14 94 7.0
14 95 240.0
14 96 27.0
14 97 41.0
14 98 15.0
14 99 254.0
14 100 2.0
14 101 16.0
14 103 4.0
14 104 1.0
14 106 83.0
15 0 1.0
15 3 1.0
15 5 17.0
15 7 3.0
15 8 185.0
15 9 2.0
15 14 147.0
15 16 1.0
15 18 7.0
15 19 34.0
15 20 1.0
15 21 1.0
15 23 1.0
15 24 9.0
15 25 1.0
15 26 13.0
15 33 32.0
15 34 10.0
15 35 1.0
15 36 15.0
15 37 3.0
15 38 4.0
15 40 4.0
15 41 20.0
15 43 2.0
15 44 13.0
15 45 23.0
15 49 18.0
15 54 1.0
15 55 1.0
15 57 121.0
15 61 41.0
15 65 12.0
15 67 35.0
15 69 1.0
15 70 27.0
15 71 10.0
15 72 8.0
15 73 13.0
15 74 1.0
15 75 6.0
15 76 825.0
15 80 8.0
15 81 7.0
15 87 13.0
15 89 26.0
15 90 21.0
15 93 5.0
15 95 10.0
15 99 11.0
15 101 17.0
15 106 263.0
16 8 17.0
16 14 37.0
16 15 1.0
16 18 7.0
16 24 4.0
16 32 1.0
16 34 5.0
16 35 1.0
16 37 1.0
16 40 11.0
16 41 1.0
16 44 2.0
16 46 1.0
16 48 2.0
16 49 1.0
16 57 2.0
16 61 1.0
16 65 3.0
16 67 11.0
16 70 4.0
16 71 5.0
16 73 12.0
16 87 4.0
16 90 2.0
16 95 1.0
16 99 3.0
16 106 1.0
17 72 1.0
18 3 2.0
18 4 1.0
18 5 8.0
18 8 121.0
18 9 1.0
18 14 340.0
18 15 7.0
18 16 7.0
18 23 1.0
18 24 41.0
18 26 8.0
18 31 1.0
18 32 1.0
18 33 1.0
18 34 31.0
18 36 4.0
18 37 7.0
18 40 51.0
18 41 2.0
18 43 34.0
18 44 2.0
18 46 2.0
18 48 1.0
18 49 2.0
18 55 1.0
18 57 17.0
18 61 10.0
18 65 104.0
18 67 68.0
18 70 9.0
18 71 95.0
18 72 2.0
18 73 120.0
18 74 18.0
18 75 2.0
18 76 16.0
18 80 3.0
18 81 7.0
18 86 1.0
18 87 10.0
18 89 15.0
18 90 11.0
18 93 2.0
18 94 1.0
18 95 12.0
18 96 1.0
18 97 3.0
18 99 10.0
18 101 1.0
18 106 8.0
19 3 1.0
19 5 2.0
19 8 29.0
19 14 36.0
19 15 34.0
19 22 1.0
19 24 1.0
19 26 1.0
19 33 55.0
19 36 2.0
19 41 2.0
19 43 1.0
19 44 6.0
19 49 1.0
19 57 56.0
19 61 15.0
19 65 2.0
19 67 10.0
19 70 8.0
19 71 7.0
19 72 1.0
19 73 6.0
19 75 2.0
19 76 25.0
19 79 12.0
19 80 11.0
19 81 8.0
19 87 3.0
19 90 1.0
19 95 1.0
19 101 7.0
19 106 10.0
20 15 1.0
20 47 1.0
20 49 7.0
20 72 1.0
21 8 2.0
21 14 2.0
21 15 1.0
21 33 2.0
21 70 1.0
21 76 1.0
21 104 2.0
22 19 1.0
22 89 2.0
23 8 16.0
23 14 35.0
23 15 1.0
23 18 1.0
23 24 1.0
23 26 33.0
23 34 2.0
23 38 1.0
23 40 1.0
23 57 4.0
23 67 4.0
23 71 2.0
23 73 2.0
23 75 2.0
23 90 1.0
23 93 1.0
23 95 1.0
23 106 1.0
24 5 3.0
24 7 1.0
24 8 252.0
24 9 2.0
24 14 488.0
24 15 9.0
24 16 4.0
24 18 41.0
24 19 1.0
24 23 1.0
24 26 8.0
24 31 4.0
24 32 5.0
24 33 2.0
24 34 31.0
24 35 1.0
24 36 1.0
24 37 5.0
24 38 2.0
24 40 28.0
24 41 4.0
24 43 121.0
24 45 1.0
24 46 4.0
24 48 1.0
24 49 1.0
24 57 10.0
24 61 11.0
24 64 2.0
24 65 296.0
24 67 283.0
24 70 8.0
24 71 76.0
24 72 1.0
24 73 43.0
24 74 1.0
24 75 2.0
24 76 5.0
24 80 6.0
24 81 3.0
24 86 2.0
24 87 14.0
24 89 12.0
24 90 16.0
24 95 28.0
24 96 5.0
24 97 9.0
24 98 7.0
24 99 17.0
24 101 1.0
24 104 1.0
24 106 2.0
25 8 1.0
25 14 4.0
25 15 1.0
25 65 1.0
25 73 2.0
25 76 1.0
25 89 1.0
25 99 1.0
26 5 10.0
26 8 161.0
26 9 1.0
26 14 231.0
26 15 13.0
26 18 8.0
26 19 1.0
26 23 33.0
26 24 8.0
26 33 1.0
26 34 32.0
26 35 1.0
26 36 2.0
26 37 2.0
26 38 6.0
26 40 6.0
26 41 5.0
26 43 5.0
26 44 3.0
26 46 1.0
26 49 1.0
26 55 1.0
26 57 43.0
26 61 11.0
26 63 1.0
26 65 11.0
26 67 20.0
26 69 2.0
26 70 15.0
26 71 22.0
26 72 4.0
26 73 13.0
26 74 4.0
26 75 13.0
26 76 16.0
26 80 4.0
26 81 11.0
26 87 8.0
26 89 3.0
26 90 16.0
26 93 1.0
26 94 2.0
26 95 11.0
26 96 2.0
26 98 3.0
26 99 9.0
26 101 4.0
26 106 8.0
27 7 5.0
27 14 1.0
27 60 1.0
27 70 2.0
27 93 1.0
28 8 2.0
28 14 1.0
28 34 1.0
28 46 1.0
28 67 2.0
28 70 1.0
28 71 1.0
28 73 1.0
28 90 6.0
28 106 1.0
29 5 1.0
29 14 1.0
29 49 1.0
29 73 1.0
29 87 8.0
29 89 14.0
30 8 1.0
30 72 4.0
31 7 1.0
31 8 5.0
31 14 13.0
31 18 1.0
31 24 4.0
31 37 1.0
31 40 1.0
31 43 3.0
31 57 1.0
31 65 2.0
31 67 17.0
31 71 4.0
31 74 1.0
31 86 2.0
31 90 1.0
31 97 1.0
32 8 10.0
32 9 1.0
32 14 14.0
32 16 1.0
32 18 1.0
32 24 5.0
32 34 2.0
32 37 1.0
32 40 2.0
32 43 5.0
32 46 7.0
32 65 8.0
32 67 12.0
32 71 2.0
32 73 2.0
32 87 1.0
32 89 1.0
32 90 1.0
32 94 1.0
32 95 12.0
32 97 1.0
32 99 7.0
32 101 1.0
33 5 7.0
33 7 1.0
33 8 36.0
33 14 31.0
33 15 32.0
33 18 1.0
33 19 55.0
33 21 2.0
33 24 2.0
33 26 1.0
33 34 3.0
33 36 3.0
33 37 1.0
33 38 1.0
33 40 2.0
33 43 1.0
33 44 3.0
33 57 51.0
33 61 16.0
33 65 1.0
33 67 5.0
33 70 9.0
33 71 5.0
33 73 7.0
33 74 1.0
33 75 7.0
33 76 65.0
33 79 5.0
33 80 3.0
33 81 11.0
33 87 2.0
33 89 4.0
33 90 1.0
33 93 3.0
33 95 1.0
33 101 7.0
33 106 8.0
34 5 7.0
34 8 236.0
34 9 1.0
34 14 400.0
34 15 10.0
34 16 5.0
34 18 31.0
34 23 2.0
34 24 31.0
34 26 32.0
34 28 1.0
34 32 2.0
34 33 3.0
34 35 2.0
34 36 11.0
34 37 6.0
34 40 42.0
34 41 2.0
34 43 27.0
34 44 2.0
34 46 3.0
34 53 2.0
34 57 25.0
34 61 10.0
34 62 1.0
34 65 42.0
34 67 92.0
34 70 12.0
34 71 308.0
34 72 2.0
34 73 56.0
34 74 7.0
34 75 1.0
34 76 7.0
34 79 1.0
34 80 3.0
34 81 8.0
34 86 2.0
34 87 10.0
34 89 11.0
34 90 26.0
34 95 25.0
34 96 3.0
34 97 2.0
34 98 3.0
34 99 14.0
34 101 1.0
34 106 7.0
34 107 1.0
35 7 1.0
35 8 5.0
35 14 8.0
35 15 1.0
35 16 1.0
35 24 1.0
35 26 1.0
35 34 2.0
35 36 1.0
35 41 1.0
35 61 1.0
35 65 2.0
35 67 1.0
35 73 1.0
35 76 2.0
35 89 1.0
35 106 1.0
36 5 116.0
36 7 6.0
36 8 138.0
36 9 1.0
36 14 62.0
36 15 15.0
36 18 4.0
36 19 2.0
36 24 1.0
36 26 2.0
36 33 3.0
36 34 11.0
36 35 1.0
36 37 1.0
36 38 2.0
36 39 1.0
36 41 8.0
36 43 2.0
36 44 1.0
36 47 3.0
36 48 1.0
36 49 23.0
36 57 7.0
36 61 11.0
36 65 5.0
36 67 19.0
36 70 141.0
36 71 6.0
36 72 6.0
36 73 7.0
36 76 10.0
36 80 4.0
36 81 7.0
36 87 15.0
36 89 9.0
36 90 5.0
36 93 7.0
36 95 3.0
36 98 1.0
36 99 2.0
36 100 1.0
36 106 8.0
37 5 2.0
37 8 29.0
37 14 31.0
37 15 3.0
37 16 1.0
37 18 7.0
37 24 5.0
37 26 2.0
37 31 1.0
37 32 1.0
37 33 1.0
37 34 6.0
37 36 1.0
37 40 2.0
37 41 1.0
37 43 2.0
37 44 2.0
37 46 1.0
37 57 5.0
37 61 3.0
37 65 4.0
37 67 5.0
37 70 1.0
37 71 8.0
37 73 9.0
37 74 2.0
37 76 2.0
37 80 1.0
37 86 8.0
37 87 2.0
37 89 1.0
37 90 49.0
37 95 2.0
37 97 1.0
37 99 6.0
37 101 1.0
38 8 15.0
38 14 10.0
38 15 4.0
38 23 1.0
38 24 2.0
38 26 6.0
38 33 1.0
38 36 2.0
38 40 1.0
38 44 1.0
38 55 2.0
38 57 9.0
38 61 2.0
38 67 2.0
38 70 2.0
38 71 16.0
38 73 1.0
38 75 3.0
38 76 5.0
38 79 3.0
38 80 2.0
38 81 12.0
38 89 1.0
38 90 1.0
38 99 1.0
38 101 1.0
39 8 22.0
39 14 2.0
39 36 1.0
39 60 1.0
39 61 1.0
39 67 1.0
39 70 2.0
39 80 1.0
39 90 1.0
40 5 1.0
40 8 47.0
40 14 118.0
40 15 4.0
40 16 11.0
40 18 51.0
40 23 1.0
40 24 28.0
40 26 6.0
40 31 1.0
40 32 2.0
40 33 2.0
40 34 42.0
40 37 2.0
40 38 1.0
40 41 1.0
40 43 11.0
40 46 3.0
40 55 1.0
40 57 5.0
40 61 2.0
40 65 18.0
40 67 28.0
40 70 5.0
40 71 55.0
40 73 61.0
40 74 7.0
40 76 3.0
40 80 1.0
40 81 1.0
40 86 1.0
40 87 7.0
40 89 3.0
40 90 9.0
40 93 1.0
40 95 9.0
40 97 2.0
40 99 3.0
41 5 12.0
41 7 19.0
41 8 70.0
41 9 1.0
41 14 39.0
41 15 20.0
41 16 1.0
41 18 2.0
41 19 2.0
41 24 4.0
41 26 5.0
41 34 2.0
41 35 1.0
41 36 8.0
41 37 1.0
41 40 1.0
41 43 2.0
41 44 1.0
41 45 1.0
41 49 2.0
41 57 7.0
41 60 1.0
41 61 7.0
41 65 12.0
41 67 9.0
41 70 59.0
41 71 7.0
41 72 1.0
41 73 4.0
41 75 1.0
41 76 15.0
41 80 2.0
41 81 3.0
41 87 95.0
41 89 30.0
41 90 4.0
41 93 27.0
41 95 2.0
41 97 2.0
41 99 3.0
41 101 1.0
41 102 1.0
41 106 11.0
43 5 2.0
43 6 1.0
43 8 139.0
43 14 358.0
43 15 2.0
43 18 34.0
43 19 1.0
43 24 121.0
43 26 5.0
43 31 3.0
43 32 5.0
43 33 1.0
43 34 27.0
43 36 2.0
43 37 2.0
43 40 11.0
43 41 2.0
43 44 2.0
43 46 2.0
43 48 1.0
43 49 1.0
43 57 7.0
43 60 1.0
43 61 3.0
43 65 198.0
43 67 154.0
43 70 5.0
43 71 56.0
43 72 3.0
43 73 88.0
43 74 2.0
43 75 1.0
43 76 3.0
43 80 2.0
43 86 26.0
43 87 12.0
43 89 4.0
43 90 17.0
43 95 14.0
43 96 5.0
43 97 18.0
43 98 3.0
43 99 10.0
43 101 2.0
43 106 4.0
44 5 2.0
44 8 26.0
44 14 29.0
44 15 13.0
44 16 2.0
44 18 2.0
44 19 6.0
44 26 3.0
44 33 3.0
44 34 2.0
44 36 1.0
44 37 2.0
44 38 1.0
44 41 1.0
44 43 2.0
44 55 1.0
44 57 80.0
44 61 8.0
44 67 2.0
44 70 1.0
44 71 1.0
44 72 1.0
44 73 9.0
44 75 2.0
44 76 12.0
44 79 1.0
44 80 18.0
44 81 4.0
44 86 1.0
44 89 1.0
44 93 1.0
44 95 5.0
44 101 1.0
44 106 5.0
45 7 2.0
45 8 2.0
45 14 3.0
45 15 23.0
45 24 1.0
45 41 1.0
45 57 10.0
45 58 1.0
45 61 5.0
45 70 1.0
45 75 2.0
45 76 55.0
45 80 1.0
45 89 3.0
45 106 6.0
46 8 5.0
46 14 15.0
46 16 1.0
46 18 2.0
46 24 4.0
46 26 1.0
46 28 1.0
46 32 7.0
46 34 3.0
46 37 1.0
46 40 3.0
46 43 2.0
46 57 3.0
46 65 1.0
46 67 8.0
46 70 1.0
46 71 2.0
46 73 5.0
46 76 1.0
46 90 2.0
46 95 12.0
46 96 1.0
46 97 2.0
46 99 4.0
47 2 1.0
47 5 1.0
47 8 5.0
47 9 3.0
47 10 21.0
47 12 5.0
47 20 1.0
47 36 3.0
47 49 2.0
47 60 1.0
47 70 4.0
47 72 10.0
47 77 14.0
47 87 1.0
47 93 1.0
48 5 1.0
48 8 17.0
48 14 5.0
48 16 2.0
48 18 1.0
48 24 1.0
48 36 1.0
48 43 1.0
48 67 2.0
48 70 3.0
48 76 1.0
48 89 1.0
49 5 7.0
49 8 19.0
49 9 5.0
49 14 14.0
49 15 18.0
49 16 1.0
49 18 2.0
49 19 1.0
49 20 7.0
49 24 1.0
49 26 1.0
49 29 1.0
49 36 23.0
49 41 2.0
49 43 1.0
49 47 2.0
49 57 2.0
49 59 13.0
49 61 3.0
49 62 2.0
49 65 4.0
49 67 3.0
49 69 19.0
49 70 43.0
49 71 1.0
49 72 258.0
49 73 1.0
49 74 1.0
49 75 1.0
49 76 3.0
49 77 1.0
49 87 4.0
49 89 5.0
49 90 1.0
49 93 4.0
49 100 1.0
49 102 1.0
49 106 3.0
50 2 1.0
50 9 4.0
50 58 1.0
50 68 1.0
50 72 3.0
50 91 1.0
50 100 1.0
51 8 1.0
51 89 1.0
52 2 1.0
52 56 1.0
52 58 1.0
52 89 1.0
52 100 1.0
53 8 1.0
53 34 2.0
53 71 1.0
53 90 1.0
53 97 1.0
54 4 1.0
54 8 1.0
54 15 1.0
54 87 1.0
54 106 2.0
55 8 4.0
55 14 4.0
55 15 1.0
55 18 1.0
55 26 1.0
55 38 2.0
55 40 1.0
55 44 1.0
55 57 1.0
55 67 2.0
55 70 2.0
55 75 4.0
55 76 1.0
55 81 14.0
55 99 1.0
55 101 1.0
55 106 1.0
56 2 2.0
56 8 2.0
56 9 13.0
56 52 1.0
56 58 6.0
56 67 1.0
56 72 1.0
56 91 3.0
56 95 1.0
56 99 1.0
57 4 1.0
57 5 10.0
57 7 2.0
57 8 149.0
57 9 3.0
57 10 1.0
57 14 246.0
57 15 121.0
57 16 2.0
57 18 17.0
57 19 56.0
57 23 4.0
57 24 10.0
57 26 43.0
57 31 1.0
57 33 51.0
57 34 25.0
57 36 7.0
57 37 5.0
57 38 9.0
57 40 5.0
57 41 7.0
57 43 7.0
57 44 80.0
57 45 10.0
57 46 3.0
57 49 2.0
57 55 1.0
57 61 74.0
57 65 16.0
57 67 48.0
57 69 1.0
57 70 21.0
57 71 30.0
57 72 2.0
57 73 29.0
57 74 1.0
57 75 9.0
57 76 164.0
57 79 6.0
57 80 85.0
57 81 13.0
57 87 6.0
57 89 7.0
57 90 11.0
57 93 8.0
57 95 8.0
57 97 1.0
57 99 9.0
57 101 22.0
57 106 55.0
58 2 5.0
58 5 1.0
58 8 6.0
58 9 3.0
58 14 1.0
58 45 1.0
58 50 1.0
58 52 1.0
58 56 6.0
58 61 1.0
58 66 1.0
58 70 2.0
58 72 4.0
58 91 1.0
58 105 1.0
58 106 1.0
59 49 13.0
59 69 4.0
59 72 11.0
59 87 1.0
59 89 1.0
59 106 1.0
60 5 4.0
60 7 2.0
60 8 5.0
60 14 3.0
60 27 1.0
60 39 1.0
60 41 1.0
60 43 1.0
60 47 1.0
60 70 38.0
60 87 2.0
60 93 2.0
60 102 1.0
61 3 1.0
61 5 10.0
61 7 3.0
61 8 151.0
61 10 1.0
61 14 141.0
61 15 41.0
61 16 1.0
61 18 10.0
61 19 15.0
61 24 11.0
61 26 11.0
61 33 16.0
61 34 10.0
61 35 1.0
61 36 11.0
61 37 3.0
61 38 2.0
61 39 1.0
61 40 2.0
61 41 7.0
61 43 3.0
61 44 8.0
61 45 5.0
61 49 3.0
61 57 74.0
61 58 1.0
61 65 15.0
61 67 27.0
61 70 48.0
61 71 9.0
61 72 2.0
61 73 10.0
61 74 1.0
61 76 49.0
61 79 1.0
61 80 8.0
61 81 4.0
61 87 4.0
61 89 18.0
61 90 9.0
61 93 8.0
61 95 9.0
61 99 7.0
61 101 15.0
61 106 51.0
62 14 1.0
62 34 1.0
62 49 2.0
62 72 14.0
63 8 1.0
63 14 3.0
63 26 1.0
63 73 1.0
64 14 1.0
64 24 2.0
64 65 1.0
64 71 1.0
65 3 1.0
65 5 9.0
65 7 1.0
65 8 382.0
65 9 1.0
65 14 600.0
65 15 12.0
65 16 3.0
65 18 104.0
65 19 2.0
65 24 296.0
65 25 1.0
65 26 11.0
65 31 2.0
65 32 8.0
65 33 1.0
65 34 42.0
65 35 2.0
65 36 5.0
65 37 4.0
65 40 18.0
65 41 12.0
65 43 198.0
65 46 1.0
65 49 4.0
65 57 16.0
65 61 15.0
65 64 1.0
65 67 276.0
65 70 15.0
65 71 79.0
65 72 3.0
65 73 140.0
65 74 5.0
65 75 1.0
65 76 3.0
65 80 5.0
65 81 5.0
65 86 10.0
65 87 35.0
65 89 25.0
65 90 22.0
65 93 5.0
65 94 1.0
65 95 23.0
65 96 9.0
65 97 7.0
65 98 3.0
65 99 20.0
65 101 2.0
65 106 5.0
65 107 1.0
66 2 1.0
66 58 1.0
66 69 1.0
67 3 2.0
67 5 24.0
67 7 3.0
67 8 982.0
67 9 5.0
67 14 1960.0
67 15 35.0
67 16 11.0
67 18 68.0
67 19 10.0
67 23 4.0
67 24 283.0
67 26 20.0
67 28 2.0
67 31 17.0
67 32 12.0
67 33 5.0
67 34 92.0
67 35 1.0
67 36 19.0
67 37 5.0
67 38 2.0
67 39 1.0
67 40 28.0
67 41 9.0
67 43 154.0
67 44 2.0
67 46 8.0
67 48 2.0
67 49 3.0
67 55 2.0
67 56 1.0
67 57 48.0
67 61 27.0
67 65 276.0
67 70 25.0
67 71 192.0
67 72 8.0
67 73 93.0
67 74 6.0
67 75 4.0
67 76 39.0
67 80 13.0
67 81 7.0
67 82 2.0
67 86 8.0
67 87 35.0
67 89 39.0
67 90 47.0
67 93 3.0
67 94 5.0
67 95 117.0
67 96 5.0
67 97 11.0
67 98 10.0
67 99 125.0
67 101 2.0
67 106 17.0
67 107 2.0
68 50 1.0
69 8 3.0
69 14 5.0
69 15 1.0
69 26 2.0
69 49 19.0
69 57 1.0
69 59 4.0
69 66 1.0
69 70 2.0
69 72 45.0
69 76 1.0
69 95 1.0
70 0 2.0
70 3 6.0
70 5 181.0
70 7 40.0
70 8 412.0
70 9 15.0
70 10 1.0
70 14 115.0
70 15 27.0
70 16 4.0
70 18 9.0
70 19 8.0
70 21 1.0
70 24 8.0
70 26 15.0
70 27 2.0
70 28 1.0
70 33 9.0
70 34 12.0
70 36 141.0
70 37 1.0
70 38 2.0
70 39 2.0
70 40 5.0
70 41 59.0
70 43 5.0
70 44 1.0
70 45 1.0
70 46 1.0
70 47 4.0
70 48 3.0
70 49 43.0
70 55 2.0
70 57 21.0
70 58 2.0
70 60 38.0
70 61 48.0
70 65 15.0
70 67 25.0
70 69 2.0
70 71 23.0
70 72 43.0
70 73 13.0
70 74 2.0
70 75 9.0
70 76 27.0
70 77 2.0
70 80 15.0
70 81 7.0
70 87 66.0
70 89 62.0
70 90 18.0
70 92 1.0
70 93 70.0
70 95 14.0
70 99 11.0
70 101 1.0
70 102 18.0
70 106 23.0
71 3 1.0
71 5 6.0
71 7 2.0
71 8 281.0
71 14 449.0
71 15 10.0
71 16 5.0
71 18 95.0
71 19 7.0
71 23 2.0
71 24 76.0
71 26 22.0
71 28 1.0
71 31 4.0
71 32 2.0
71 33 5.0
71 34 308.0
71 36 6.0
71 37 8.0
71 38 16.0
71 40 55.0
71 41 7.0
71 43 56.0
71 44 1.0
71 46 2.0
71 49 1.0
71 53 1.0
71 57 30.0
71 61 9.0
71 64 1.0
71 65 79.0
71 67 192.0
71 70 23.0
71 72 1.0
71 73 111.0
71 74 15.0
71 75 2.0
71 76 9.0
71 79 1.0
71 80 14.0
71 81 13.0
71 86 12.0
71 87 23.0
71 89 25.0
71 90 36.0
71 93 1.0
71 95 26.0
71 96 1.0
71 97 5.0
71 99 19.0
71 101 5.0
71 106 5.0
72 3 1.0
72 5 3.0
72 7 1.0
72 8 32.0
72 9 20.0
72 14 9.0
72 15 8.0
72 17 1.0
72 18 2.0
72 19 1.0
72 20 1.0
72 24 1.0
72 26 4.0
72 30 4.0
72 34 2.0
72 36 6.0
72 41 1.0
72 43 3.0
72 44 1.0
72 47 10.0
72 49 258.0
72 50 3.0
72 56 1.0
72 57 2.0
72 58 4.0
72 59 11.0
72 61 2.0
72 62 14.0
72 65 3.0
72 67 8.0
72 69 45.0
72 70 43.0
72 71 1.0
72 73 2.0
72 75 1.0
72 76 2.0
72 77 1.0
72 78 1.0
72 87 4.0
72 89 6.0
72 95 1.0
72 100 1.0
72 101 1.0
72 106 2.0
73 5 8.0
73 8 178.0
73 9 4.0
73 14 386.0
73 15 13.0
73 16 12.0
73 18 120.0
73 19 6.0
73 23 2.0
73 24 43.0
73 25 2.0
73 26 13.0
73 28 1.0
73 29 1.0
73 32 2.0
73 33 7.0
73 34 56.0
73 35 1.0
73 36 7.0
73 37 9.0
73 38 1.0
73 40 61.0
73 41 4.0
73 43 88.0
73 44 9.0
73 46 5.0
73 49 1.0
73 57 29.0
73 61 10.0
73 63 1.0
73 65 140.0
73 67 93.0
73 70 13.0
73 71 111.0
73 72 2.0
73 74 35.0
73 75 4.0
73 76 14.0
73 79 2.0
73 80 5.0
73 81 5.0
73 86 45.0
73 87 31.0
73 89 13.0
73 90 18.0
73 95 17.0
73 96 7.0
73 97 22.0
73 99 20.0
73 104 1.0
73 106 5.0
74 2 1.0
74 8 11.0
74 14 38.0
74 15 1.0
74 18 18.0
74 24 1.0
74 26 4.0
74 31 1.0
74 33 1.0
74 34 7.0
74 37 2.0
74 40 7.0
74 43 2.0
74 49 1.0
74 57 1.0
74 61 1.0
74 65 5.0
74 67 6.0
74 70 2.0
74 71 15.0
74 73 35.0
74 79 1.0
74 86 1.0
74 87 3.0
74 89 1.0
74 95 1.0
74 96 2.0
74 97 4.0
74 101 1.0
75 5 1.0
75 8 22.0
75 14 16.0
75 15 6.0
75 18 2.0
75 19 2.0
75 23 2.0
75 24 2.0
75 26 13.0
75 33 7.0
75 34 1.0
75 38 3.0
75 41 1.0
75 43 1.0
75 44 2.0
75 45 2.0
75 49 1.0
75 55 4.0
75 57 9.0
75 65 1.0
75 67 4.0
75 70 9.0
75 71 2.0
75 72 1.0
75 73 4.0
75 76 11.0
75 81 3.0
75 87 2.0
75 90 2.0
75 93 1.0
75 95 1.0
75 101 11.0
75 106 5.0
76 3 2.0
76 5 2.0
76 7 9.0
76 8 143.0
76 14 118.0
76 15 825.0
76 18 16.0
76 19 25.0
76 21 1.0
76 24 5.0
76 25 1.0
76 26 16.0
76 33 65.0
76 34 7.0
76 35 2.0
76 36 10.0
76 37 2.0
76 38 5.0
76 40 3.0
76 41 15.0
76 43 3.0
76 44 12.0
76 45 55.0
76 46 1.0
76 48 1.0
76 49 3.0
76 55 1.0
76 57 164.0
76 61 49.0
76 65 3.0
76 67 39.0
76 69 1.0
76 70 27.0
76 71 9.0
76 72 2.0
76 73 14.0
76 75 11.0
76 79 2.0
76 80 11.0
76 81 5.0
76 87 11.0
76 89 19.0
76 90 5.0
76 93 7.0
76 95 3.0
76 98 1.0
76 99 6.0
76 101 19.0
76 106 100.0
77 8 5.0
77 9 2.0
77 10 7.0
77 47 14.0
77 49 1.0
77 70 2.0
77 72 1.0
77 89 1.0
77 92 4.0
77 106 2.0
78 2 1.0
78 10 2.0
78 72 1.0
78 92 2.0
78 102 1.0
79 8 4.0
79 14 1.0
79 19 12.0
79 33 5.0
79 34 1.0
79 38 3.0
79 44 1.0
79 57 6.0
79 61 1.0
79 71 1.0
79 73 2.0
79 74 1.0
79 76 2.0
79 93 1.0
79 95 1.0
79 101 1.0
79 106 1.0
80 3 1.0
80 5 5.0
80 8 45.0
80 9 1.0
80 14 49.0
80 15 8.0
80 18 3.0
80 19 11.0
80 24 6.0
80 26 4.0
80 33 3.0
80 34 3.0
80 36 4.0
80 37 1.0
80 38 2.0
80 39 1.0
80 40 1.0
80 41 2.0
80 43 2.0
80 44 18.0
80 45 1.0
80 57 85.0
80 61 8.0
80 65 5.0
80 67 13.0
80 70 15.0
80 71 14.0
80 73 5.0
80 76 11.0
80 81 5.0
80 87 1.0
80 89 2.0
80 90 3.0
80 95 7.0
80 96 1.0
80 97 1.0
80 99 2.0
80 104 1.0
80 106 6.0
81 5 10.0
81 8 30.0
81 14 54.0
81 15 7.0
81 18 7.0
81 19 8.0
81 24 3.0
81 26 11.0
81 33 11.0
81 34 8.0
81 36 7.0
81 38 12.0
81 40 1.0
81 41 3.0
81 44 4.0
81 55 14.0
81 57 13.0
81 61 4.0
81 65 5.0
81 67 7.0
81 70 7.0
81 71 13.0
81 73 5.0
81 75 3.0
81 76 5.0
81 80 5.0
81 83 1.0
81 89 1.0
81 90 3.0
81 93 1.0
81 95 4.0
81 97 1.0
81 99 5.0
81 101 2.0
81 106 3.0
82 67 2.0
83 81 1.0
84 89 1.0
85 89 1.0
86 5 1.0
86 8 8.0
86 14 24.0
86 18 1.0
86 24 2.0
86 31 2.0
86 34 2.0
86 37 8.0
86 40 1.0
86 43 26.0
86 44 1.0
86 65 10.0
86 67 8.0
86 71 12.0
86 73 45.0
86 74 1.0
86 87 1.0
86 90 6.0
86 96 4.0
86 97 2.0
87 0 1.0
87 3 3.0
87 5 8.0
87 7 108.0
87 8 78.0
87 9 3.0
87 14 112.0
87 15 13.0
87 16 4.0
87 18 10.0
87 19 3.0
87 24 14.0
87 26 8.0
87 29 8.0
87 32 1.0
87 33 2.0
87 34 10.0
87 36 15.0
87 37 2.0
87 40 7.0
87 41 95.0
87 43 12.0
87 47 1.0
87 49 4.0
87 54 1.0
87 57 6.0
87 59 1.0
87 60 2.0
87 61 4.0
87 65 35.0
87 67 35.0
87 70 66.0
87 71 23.0
87 72 4.0
87 73 31.0
87 74 3.0
87 75 2.0
87 76 11.0
87 80 1.0
87 86 1.0
87 89 113.0
87 90 3.0
87 92 1.0
87 93 22.0
87 95 1.0
87 96 1.0
87 97 3.0
87 98 1.0
87 99 4.0
87 101 1.0
87 102 5.0
87 106 6.0
89 0 5.0
89 3 48.0
89 4 1.0
89 5 12.0
89 7 10.0
89 8 100.0
89 14 89.0
89 15 26.0
89 18 15.0
89 22 2.0
89 24 12.0
89 25 1.0
89 26 3.0
89 29 14.0
89 32 1.0
89 33 4.0
89 34 11.0
89 35 1.0
89 36 9.0
89 37 1.0
89 38 1.0
89 40 3.0
89 41 30.0
89 43 4.0
89 44 1.0
89 45 3.0
89 48 1.0
89 49 5.0
89 51 1.0
89 52 1.0
89 57 7.0
89 59 1.0
89 61 18.0
89 65 25.0
89 67 39.0
89 70 62.0
89 71 25.0
89 72 6.0
89 73 13.0
89 74 1.0
89 76 19.0
89 77 1.0
89 80 2.0
89 81 1.0
89 84 1.0
89 85 1.0
89 87 113.0
89 90 5.0
89 93 10.0
89 95 5.0
89 96 1.0
89 97 1.0
89 99 9.0
89 101 1.0
89 102 1.0
89 106 12.0
90 5 3.0
90 7 1.0
90 8 147.0
90 14 193.0
90 15 21.0
90 16 2.0
90 18 11.0
90 19 1.0
90 23 1.0
90 24 16.0
90 26 16.0
90 28 6.0
90 31 1.0
90 32 1.0
90 33 1.0
90 34 26.0
90 36 5.0
90 37 49.0
90 38 1.0
90 39 1.0
90 40 9.0
90 41 4.0
90 43 17.0
90 46 2.0
90 49 1.0
90 53 1.0
90 57 11.0
90 61 9.0
90 65 22.0
90 67 47.0
90 70 18.0
90 71 36.0
90 73 18.0
90 75 2.0
90 76 5.0
90 80 3.0
90 81 3.0
90 86 6.0
90 87 3.0
90 89 5.0
90 93 2.0
90 95 15.0
90 96 3.0
90 97 3.0
90 98 2.0
90 99 20.0
90 101 2.0
90 106 9.0
91 2 3.0
91 9 3.0
91 50 1.0
91 56 3.0
91 58 1.0
92 70 1.0
92 77 4.0
92 78 2.0
92 87 1.0
93 5 5.0
93 7 46.0
93 8 26.0
93 10 1.0
93 14 12.0
93 15 5.0
93 18 2.0
93 23 1.0
93 26 1.0
93 27 1.0
93 33 3.0
93 36 7.0
93 40 1.0
93 41 27.0
93 44 1.0
93 47 1.0
93 49 4.0
93 57 8.0
93 60 2.0
93 61 8.0
93 65 5.0
93 67 3.0
93 70 70.0
93 71 1.0
93 75 1.0
93 76 7.0
93 79 1.0
93 81 1.0
93 87 22.0
93 89 10.0
93 90 2.0
93 97 1.0
93 99 1.0
93 101 2.0
93 102 1.0
93 106 7.0
94 8 1.0
94 14 7.0
94 18 1.0
94 26 2.0
94 32 1.0
94 65 1.0
94 67 5.0
94 95 6.0
94 99 3.0
95 5 8.0
95 6 1.0
95 8 216.0
95 14 240.0
95 15 10.0
95 16 1.0
95 18 12.0
95 19 1.0
95 23 1.0
95 24 28.0
95 26 11.0
95 32 12.0
95 33 1.0
95 34 25.0
95 36 3.0
95 37 2.0
95 40 9.0
95 41 2.0
95 43 14.0
95 44 5.0
95 46 12.0
95 56 1.0
95 57 8.0
95 61 9.0
95 65 23.0
95 67 117.0
95 69 1.0
95 70 14.0
95 71 26.0
95 72 1.0
95 73 17.0
95 74 1.0
95 75 1.0
95 76 3.0
95 79 1.0
95 80 7.0
95 81 4.0
95 87 1.0
95 89 5.0
95 90 15.0
95 94 6.0
95 96 1.0
95 97 3.0
95 98 1.0
95 99 133.0
95 101 3.0
95 106 12.0
96 8 4.0
96 14 27.0
96 18 1.0
96 24 5.0
96 26 2.0
96 34 3.0
96 43 5.0
96 46 1.0
96 65 9.0
96 67 5.0
96 71 1.0
96 73 7.0
96 74 2.0
96 80 1.0
96 86 4.0
96 87 1.0
96 89 1.0
96 90 3.0
96 95 1.0
96 97 5.0
96 99 1.0
97 7 1.0
97 8 8.0
97 9 1.0
97 14 41.0
97 18 3.0
97 24 9.0
97 31 1.0
97 32 1.0
97 34 2.0
97 37 1.0
97 40 2.0
97 41 2.0
97 43 18.0
97 46 2.0
97 53 1.0
97 57 1.0
97 65 7.0
97 67 11.0
97 71 5.0
97 73 22.0
97 74 4.0
97 80 1.0
97 81 1.0
97 86 2.0
97 87 3.0
97 89 1.0
97 90 3.0
97 93 1.0
97 95 3.0
97 96 5.0
97 99 1.0
98 8 13.0
98 13 1.0
98 14 15.0
98 24 7.0
98 26 3.0
98 34 3.0
98 36 1.0
98 43 3.0
98 65 3.0
98 67 10.0
98 76 1.0
98 87 1.0
98 90 2.0
98 95 1.0
98 99 2.0
99 5 7.0
99 8 167.0
99 9 3.0
99 10 1.0
99 14 254.0
99 15 11.0
99 16 3.0
99 18 10.0
99 24 17.0
99 25 1.0
99 26 9.0
99 32 7.0
99 34 14.0
99 36 2.0
99 37 6.0
99 38 1.0
99 40 3.0
99 41 3.0
99 43 10.0
99 46 4.0
99 55 1.0
99 56 1.0
99 57 9.0
99 61 7.0
99 65 20.0
99 67 125.0
99 70 11.0
99 71 19.0
99 73 20.0
99 76 6.0
99 80 2.0
99 81 5.0
99 87 4.0
99 89 9.0
99 90 20.0
99 93 1.0
99 94 3.0
99 95 133.0
99 96 1.0
99 97 1.0
99 98 2.0
99 101 1.0
100 9 22.0
100 14 2.0
100 36 1.0
100 49 1.0
100 50 1.0
100 52 1.0
100 72 1.0
101 8 11.0
101 14 16.0
101 15 17.0
101 18 1.0
101 19 7.0
101 24 1.0
101 26 4.0
101 32 1.0
101 33 7.0
101 34 1.0
101 37 1.0
101 38 1.0
101 41 1.0
101 43 2.0
101 44 1.0
101 55 1.0
101 57 22.0
101 61 15.0
101 65 2.0
101 67 2.0
101 70 1.0
101 71 5.0
101 72 1.0
101 74 1.0
101 75 11.0
101 76 19.0
101 79 1.0
101 81 2.0
101 87 1.0
101 89 1.0
101 90 2.0
101 93 2.0
101 95 3.0
101 99 1.0
101 106 3.0
102 5 1.0
102 7 4.0
102 41 1.0
102 49 1.0
102 60 1.0
102 70 18.0
102 78 1.0
102 87 5.0
102 89 1.0
102 93 1.0
102 106 1.0
103 8 10.0
103 14 4.0
104 14 1.0
104 21 2.0
104 24 1.0
104 73 1.0
104 80 1.0
105 2 1.0
105 58 1.0
106 4 1.0
106 5 3.0
106 7 3.0
106 8 111.0
106 13 1.0
106 14 83.0
106 15 263.0
106 16 1.0
106 18 8.0
106 19 10.0
106 23 1.0
106 24 2.0
106 26 8.0
106 28 1.0
106 33 8.0
106 34 7.0
106 35 1.0
106 36 8.0
106 41 11.0
106 43 4.0
106 44 5.0
106 45 6.0
106 49 3.0
106 54 2.0
106 55 1.0
106 57 55.0
106 58 1.0
106 59 1.0
106 61 51.0
106 65 5.0
106 67 17.0
106 70 23.0
106 71 5.0
106 72 2.0
106 73 5.0
106 75 5.0
106 76 100.0
106 77 2.0
106 79 1.0
106 80 6.0
106 81 3.0
106 87 6.0
106 89 12.0
106 90 9.0
106 93 7.0
106 95 12.0
106 101 3.0
106 102 1.0
107 34 1.0
107 65 1.0
107 67 2.0
