0 4 1.0
0 7 2.0
0 8 2.0
0 15 2.0
0 36 1.0
0 49 2.0
0 70 2.0
0 87 1.0
0 89 10.0
1 8 1.0
2 5 1.0
2 9 3.0
2 47 2.0
2 50 2.0
2 52 1.0
2 56 2.0
2 58 6.0
2 61 1.0
2 66 1.0
2 74 1.0
2 78 1.0
2 91 6.0
2 92 1.0
2 105 1.0
3 5 2.0
3 7 1.0
3 8 27.0
3 9 9.0
3 14 7.0
3 15 1.0
3 18 5.0
3 19 3.0
3 41 3.0
3 57 2.0
3 61 1.0
3 65 1.0
3 67 3.0
3 70 8.0
3 71 2.0
3 72 4.0
3 76 3.0
3 80 1.0
3 87 7.0
3 89 85.0
3 93 5.0
4 0 1.0
4 14 3.0
4 18 2.0
4 54 1.0
4 57 1.0
4 67 2.0
4 89 1.0
4 106 1.0
5 2 1.0
5 3 2.0
5 7 11.0
5 8 738.0
5 9 1.0
5 14 295.0
5 15 56.0
5 18 18.0
5 19 4.0
5 23 8.0
5 24 14.0
5 26 23.0
5 28 1.0
5 29 1.0
5 33 16.0
5 34 20.0
5 36 243.0
5 37 2.0
5 40 12.0
5 41 28.0
5 43 17.0
5 44 6.0
5 45 5.0
5 47 2.0
5 48 1.0
5 49 12.0
5 55 1.0
5 57 33.0
5 58 3.0
5 60 5.0
5 61 27.0
5 65 21.0
5 67 81.0
5 70 398.0
5 71 19.0
5 72 6.0
5 73 15.0
5 74 1.0
5 75 1.0
5 76 194.0
5 80 8.0
5 81 12.0
5 86 5.0
5 87 19.0
5 89 23.0
5 90 6.0
5 93 10.0
5 95 18.0
5 99 15.0
5 102 1.0
5 106 23.0
6 43 1.0
6 95 1.0
7 0 2.0
7 3 1.0
7 5 11.0
7 8 66.0
7 9 1.0
7 14 18.0
7 15 32.0
7 18 7.0
7 24 6.0
7 26 1.0
7 27 21.0
7 31 1.0
7 33 1.0
7 34 3.0
7 35 1.0
7 36 9.0
7 37 1.0
7 41 353.0
7 43 3.0
7 45 2.0
7 49 1.0
7 57 6.0
7 60 4.0
7 61 9.0
7 65 2.0
7 67 9.0
7 70 101.0
7 71 8.0
7 72 4.0
7 73 3.0
7 76 25.0
7 87 265.0
7 89 25.0
7 90 1.0
7 93 391.0
7 95 3.0
7 97 1.0
7 99 5.0
7 102 4.0
7 106 9.0
8 0 2.0
8 1 1.0
8 3 27.0
8 5 738.0
8 7 66.0
8 9 82.0
8 14 8269.0
8 15 733.0
8 16 61.0
8 18 670.0
8 19 90.0
8 21 2.0
8 23 45.0
8 24 959.0
8 25 2.0
8 26 389.0
8 27 3.0
8 28 3.0
8 30 1.0
8 31 12.0
8 32 32.0
8 33 93.0
8 34 840.0
8 35 10.0
8 36 400.0
8 37 64.0
8 38 46.0
8 39 41.0
8 40 272.0
8 41 220.0
8 43 347.0
8 44 171.0
8 45 10.0
8 46 22.0
8 47 21.0
8 48 35.0
8 49 62.0
8 51 1.0
8 53 4.0
8 54 5.0
8 55 9.0
8 56 4.0
8 57 642.0
8 58 15.0
8 59 7.0
8 60 14.0
8 61 501.0
8 63 2.0
8 65 1122.0
8 67 3861.0
8 69 3.0
8 70 1254.0
8 71 1224.0
8 72 132.0
8 73 642.0
8 74 42.0
8 75 83.0
8 76 605.0
8 77 10.0
8 79 6.0
8 80 127.0
8 81 97.0
8 86 37.0
8 87 269.0
8 89 275.0
8 90 415.0
8 93 120.0
8 94 2.0
8 95 656.0
8 96 16.0
8 97 32.0
8 98 43.0
8 99 513.0
8 100 1.0
8 101 28.0
8 102 1.0
8 103 20.0
8 104 2.0
8 106 374.0
8 107 1.0
9 2 3.0
9 3 9.0
9 5 1.0
9 7 1.0
9 8 82.0
9 10 1.0
9 14 95.0
9 15 3.0
9 18 2.0
9 24 3.0
9 26 1.0
9 32 1.0
9 34 33.0
9 36 6.0
9 41 1.0
9 43 1.0
9 47 6.0
9 49 13.0
9 50 7.0
9 56 20.0
9 57 10.0
9 58 3.0
9 64 3.0
9 65 4.0
9 67 19.0
9 70 29.0
9 71 3.0
9 72 35.0
9 73 9.0
9 74 1.0
9 77 13.0
9 80 2.0
9 87 4.0
9 91 3.0
9 93 2.0
9 97 1.0
9 99 4.0
9 100 39.0
10 9 1.0
10 12 3.0
10 47 36.0
10 57 7.0
10 61 2.0
10 70 4.0
10 72 1.0
10 77 10.0
10 78 2.0
10 89 2.0
10 92 1.0
10 93 1.0
10 99 2.0
12 10 3.0
12 47 8.0
12 77 1.0
13 98 1.0
13 106 4.0
14 3 7.0
14 4 3.0
14 5 295.0
14 7 18.0
14 8 8269.0
14 9 95.0
14 15 578.0
14 16 136.0
14 18 1196.0
14 19 90.0
14 21 3.0
14 22 4.0
14 23 61.0
14 24 1913.0
14 25 4.0
14 26 496.0
14 27 2.0
14 28 3.0
14 29 6.0
14 31 39.0
14 32 32.0
14 33 81.0
14 34 1404.0
14 35 11.0
14 36 150.0
14 37 76.0
14 38 21.0
14 39 3.0
14 40 416.0
14 41 142.0
14 43 1043.0
14 44 59.0
14 45 21.0
14 46 70.0
14 48 9.0
14 49 48.0
14 55 18.0
14 57 910.0
14 58 2.0
14 60 3.0
14 61 431.0
14 62 3.0
14 63 3.0
14 64 2.0
14 65 1705.0
14 67 6369.0
14 69 6.0
14 70 422.0
14 71 1835.0
14 72 69.0
14 73 1207.0
14 74 100.0
14 75 38.0
14 76 381.0
14 79 4.0
14 80 134.0
14 81 105.0
14 82 1.0
14 86 119.0
14 87 509.0
14 89 337.0
14 90 472.0
14 93 81.0
14 94 13.0
14 95 694.0
14 96 82.0
14 97 163.0
14 98 44.0
14 99 689.0
14 100 2.0
14 101 53.0
14 102 2.0
14 103 8.0
14 104 7.0
14 106 401.0
14 107 3.0
15 0 2.0
15 3 1.0
15 5 56.0
15 7 32.0
15 8 733.0
15 9 3.0
15 14 578.0
15 16 6.0
15 18 33.0
15 19 91.0
15 20 2.0
15 21 2.0
15 23 2.0
15 24 35.0
15 25 1.0
15 26 38.0
15 33 72.0
15 34 40.0
15 35 2.0
15 36 62.0
15 37 13.0
15 38 16.0
15 40 12.0
15 41 88.0
15 43 4.0
15 44 54.0
15 45 59.0
15 49 96.0
15 53 1.0
15 54 2.0
15 55 6.0
15 57 513.0
15 61 171.0
15 65 50.0
15 67 354.0
15 69 9.0
15 70 90.0
15 71 36.0
15 72 57.0
15 73 77.0
15 74 4.0
15 75 15.0
15 76 2631.0
15 79 2.0
15 80 28.0
15 81 16.0
15 86 4.0
15 87 22.0
15 89 107.0
15 90 91.0
15 93 50.0
15 95 31.0
15 96 1.0
15 99 21.0
15 101 27.0
15 106 938.0
16 8 61.0
16 14 136.0
16 15 6.0
16 18 11.0
16 24 18.0
16 26 1.0
16 31 7.0
16 32 3.0
16 34 18.0
16 35 2.0
16 37 2.0
16 40 25.0
16 41 4.0
16 43 2.0
16 44 2.0
16 46 5.0
16 48 7.0
16 49 1.0
16 57 4.0
16 61 2.0
16 62 1.0
16 65 10.0
16 67 99.0
16 70 14.0
16 71 26.0
16 72 16.0
16 73 27.0
16 74 1.0
16 80 1.0
16 87 6.0
16 89 1.0
16 90 4.0
16 95 15.0
16 96 1.0
16 97 1.0
16 99 10.0
16 106 1.0
17 72 1.0
18 3 5.0
18 4 2.0
18 5 18.0
18 7 7.0
18 8 670.0
18 9 2.0
18 14 1196.0
18 15 33.0
18 16 11.0
18 19 2.0
18 21 1.0
18 23 3.0
18 24 375.0
18 26 15.0
18 31 2.0
18 32 2.0
18 33 5.0
18 34 76.0
18 36 8.0
18 37 9.0
18 38 1.0
18 40 276.0
18 41 23.0
18 43 127.0
18 44 4.0
18 45 1.0
18 46 6.0
18 48 1.0
18 49 4.0
18 55 2.0
18 57 106.0
18 61 24.0
18 65 313.0
18 67 407.0
18 70 19.0
18 71 219.0
18 72 6.0
18 73 326.0
18 74 20.0
18 75 5.0
18 76 34.0
18 80 3.0
18 81 13.0
18 86 3.0
18 87 110.0
18 89 33.0
18 90 30.0
18 93 10.0
18 94 1.0
18 95 52.0
18 96 7.0
18 97 15.0
18 98 1.0
18 99 27.0
18 101 3.0
18 104 1.0
18 106 58.0
19 3 3.0
19 5 4.0
19 8 90.0
19 14 90.0
19 15 91.0
19 18 2.0
19 22 4.0
19 24 8.0
19 26 5.0
19 31 1.0
19 33 89.0
19 34 1.0
19 36 5.0
19 41 3.0
19 43 2.0
19 44 12.0
19 49 1.0
19 57 91.0
19 61 36.0
19 64 1.0
19 65 7.0
19 67 40.0
19 70 17.0
19 71 14.0
19 72 1.0
19 73 20.0
19 75 2.0
19 76 54.0
19 79 16.0
19 80 13.0
19 81 9.0
19 86 1.0
19 87 4.0
19 89 2.0
19 90 3.0
19 95 6.0
19 101 7.0
19 106 26.0
20 15 2.0
20 47 1.0
20 49 8.0
20 72 2.0
21 8 2.0
21 14 3.0
21 15 2.0
21 18 1.0
21 33 3.0
21 70 2.0
21 76 2.0
21 79 1.0
21 104 3.0
22 14 4.0
22 19 4.0
22 33 2.0
22 67 4.0
22 89 2.0
23 5 8.0
23 8 45.0
23 14 61.0
23 15 2.0
23 18 3.0
23 24 5.0
23 26 46.0
23 34 4.0
23 38 1.0
23 40 2.0
23 43 3.0
23 57 7.0
23 67 7.0
23 70 1.0
23 71 6.0
23 73 14.0
23 75 2.0
23 89 3.0
23 90 1.0
23 93 1.0
23 95 1.0
23 99 2.0
23 106 7.0
24 5 14.0
24 7 6.0
24 8 959.0
24 9 3.0
24 14 1913.0
24 15 35.0
24 16 18.0
24 18 375.0
24 19 8.0
24 23 5.0
24 26 29.0
24 28 1.0
24 31 12.0
24 32 12.0
24 33 3.0
24 34 156.0
24 35 1.0
24 36 5.0
24 37 6.0
24 38 2.0
24 40 227.0
24 41 26.0
24 43 293.0
24 44 4.0
24 45 1.0
24 46 27.0
24 48 1.0
24 49 4.0
24 57 42.0
24 61 28.0
24 64 2.0
24 65 613.0
24 67 1053.0
24 70 31.0
24 71 325.0
24 72 3.0
24 73 289.0
24 74 6.0
24 75 3.0
24 76 30.0
24 80 19.0
24 81 6.0
24 86 23.0
24 87 40.0
24 89 70.0
24 90 38.0
24 93 7.0
24 94 1.0
24 95 112.0
24 96 24.0
24 97 32.0
24 98 9.0
24 99 47.0
24 101 4.0
24 104 1.0
24 106 13.0
24 107 1.0
25 8 2.0
25 14 4.0
25 15 1.0
25 26 3.0
25 44 1.0
25 57 2.0
25 65 1.0
25 73 3.0
25 76 1.0
25 89 1.0
25 99 1.0
26 5 23.0
26 7 1.0
26 8 389.0
26 9 1.0
26 14 496.0
26 15 38.0
26 16 1.0
26 18 15.0
26 19 5.0
26 23 46.0
26 24 29.0
26 25 3.0
26 31 6.0
26 33 1.0
26 34 58.0
26 35 1.0
26 36 11.0
26 37 5.0
26 38 7.0
26 40 11.0
26 41 8.0
26 43 21.0
26 44 8.0
26 46 1.0
26 49 1.0
26 55 2.0
26 57 81.0
26 61 21.0
26 63 2.0
26 65 30.0
26 67 74.0
26 69 6.0
26 70 38.0
26 71 60.0
26 72 7.0
26 73 36.0
26 74 5.0
26 75 38.0
26 76 47.0
26 80 5.0
26 81 17.0
26 87 39.0
26 89 5.0
26 90 29.0
26 93 2.0
26 94 5.0
26 95 26.0
26 96 6.0
26 97 1.0
26 98 5.0
26 99 13.0
26 101 9.0
26 106 18.0
27 7 21.0
27 8 3.0
27 14 2.0
27 60 1.0
27 70 2.0
27 93 1.0
28 5 1.0
28 8 3.0
28 14 3.0
28 24 1.0
28 34 1.0
28 46 1.0
28 65 1.0
28 67 5.0
28 70 1.0
28 71 3.0
28 73 2.0
28 86 2.0
28 90 9.0
28 95 1.0
28 99 1.0
28 106 1.0
29 5 1.0
29 14 6.0
29 49 1.0
29 67 1.0
29 73 2.0
29 87 25.0
29 89 30.0
30 8 1.0
30 72 5.0
31 7 1.0
31 8 12.0
31 14 39.0
31 16 7.0
31 18 2.0
31 19 1.0
31 24 12.0
31 26 6.0
31 34 2.0
31 36 2.0
31 37 1.0
31 40 2.0
31 43 4.0
31 46 1.0
31 57 5.0
31 61 1.0
31 65 10.0
31 67 51.0
31 71 8.0
31 73 5.0
31 74 1.0
31 80 1.0
31 86 6.0
31 87 2.0
31 90 1.0
31 97 3.0
31 98 2.0
31 99 1.0
32 8 32.0
32 9 1.0
32 14 32.0
32 16 3.0
32 18 2.0
32 24 12.0
32 34 16.0
32 37 2.0
32 40 50.0
32 43 10.0
32 46 19.0
32 57 1.0
32 65 19.0
32 67 41.0
32 71 6.0
32 72 2.0
32 73 17.0
32 87 2.0
32 89 4.0
32 90 3.0
32 94 1.0
32 95 31.0
32 97 2.0
32 99 8.0
32 101 1.0
32 106 2.0
33 5 16.0
33 7 1.0
33 8 93.0
33 14 81.0
33 15 72.0
33 18 5.0
33 19 89.0
33 21 3.0
33 22 2.0
33 24 3.0
33 26 1.0
33 34 9.0
33 36 3.0
33 37 3.0
33 38 4.0
33 40 2.0
33 41 4.0
33 43 3.0
33 44 5.0
33 45 5.0
33 49 1.0
33 57 141.0
33 61 45.0
33 65 4.0
33 67 26.0
33 70 23.0
33 71 12.0
33 73 16.0
33 74 2.0
33 75 14.0
33 76 183.0
33 79 6.0
33 80 10.0
33 81 29.0
33 87 2.0
33 89 5.0
33 90 3.0
33 93 8.0
33 95 1.0
33 101 17.0
33 104 1.0
33 106 18.0
34 5 20.0
34 7 3.0
34 8 840.0
34 9 33.0
34 14 1404.0
34 15 40.0
34 16 18.0
34 18 76.0
34 19 1.0
34 23 4.0
34 24 156.0
34 26 58.0
34 28 1.0
34 31 2.0
34 32 16.0
34 33 9.0
34 35 3.0
34 36 38.0
34 37 12.0
34 40 111.0
34 41 10.0
34 43 80.0
34 44 14.0
34 45 2.0
34 46 16.0
34 49 1.0
34 53 6.0
34 57 118.0
34 61 33.0
34 62 2.0
34 65 127.0
34 67 373.0
34 70 23.0
34 71 775.0
34 72 3.0
34 73 157.0
34 74 16.0
34 75 1.0
34 76 29.0
34 79 4.0
34 80 10.0
34 81 19.0
34 86 3.0
34 87 35.0
34 89 25.0
34 90 56.0
34 93 2.0
34 95 74.0
34 96 7.0
34 97 27.0
34 98 7.0
34 99 31.0
34 101 2.0
34 106 24.0
34 107 1.0
35 7 1.0
35 8 10.0
35 14 11.0
35 15 2.0
35 16 2.0
35 24 1.0
35 26 1.0
35 34 3.0
35 36 1.0
35 41 1.0
35 53 2.0
35 61 1.0
35 65 2.0
35 67 1.0
35 73 1.0
35 76 3.0
35 89 1.0
35 106 1.0
36 0 1.0
36 5 243.0
36 7 9.0
36 8 400.0
36 9 6.0
36 14 150.0
36 15 62.0
36 18 8.0
36 19 5.0
36 24 5.0
36 26 11.0
36 31 2.0
36 33 3.0
36 34 38.0
36 35 1.0
36 37 1.0
36 38 3.0
36 39 3.0
36 40 2.0
36 41 13.0
36 43 5.0
36 44 4.0
36 46 2.0
36 47 4.0
36 48 7.0
36 49 46.0
36 55 1.0
36 57 13.0
36 61 30.0
36 65 9.0
36 67 47.0
36 70 214.0
36 71 24.0
36 72 8.0
36 73 12.0
36 76 336.0
36 80 8.0
36 81 7.0
36 86 1.0
36 87 32.0
36 89 22.0
36 90 11.0
36 93 8.0
36 95 10.0
36 98 1.0
36 99 10.0
36 100 1.0
36 106 40.0
37 5 2.0
37 7 1.0
37 8 64.0
37 14 76.0
37 15 13.0
37 16 2.0
37 18 9.0
37 24 6.0
37 26 5.0
37 31 1.0
37 32 2.0
37 33 3.0
37 34 12.0
37 36 1.0
37 40 9.0
37 41 3.0
37 43 8.0
37 44 3.0
37 46 2.0
37 57 9.0
37 61 8.0
37 65 8.0
37 67 15.0
37 70 1.0
37 71 23.0
37 73 33.0
37 74 2.0
37 76 15.0
37 79 3.0
37 80 1.0
37 81 1.0
37 86 13.0
37 87 4.0
37 89 1.0
37 90 110.0
37 93 2.0
37 95 7.0
37 97 1.0
37 99 8.0
37 101 5.0
37 103 1.0
37 106 1.0
38 8 46.0
38 14 21.0
38 15 16.0
38 18 1.0
38 23 1.0
38 24 2.0
38 26 7.0
38 33 4.0
38 36 3.0
38 40 1.0
38 44 1.0
38 55 4.0
38 57 14.0
38 61 2.0
38 67 10.0
38 70 5.0
38 71 28.0
38 73 3.0
38 75 5.0
38 76 9.0
38 79 3.0
38 80 2.0
38 81 23.0
38 89 2.0
38 90 1.0
38 93 2.0
38 99 1.0
38 101 1.0
38 106 2.0
39 8 41.0
39 14 3.0
39 36 3.0
39 44 1.0
39 60 1.0
39 61 1.0
39 67 2.0
39 70 5.0
39 71 2.0
39 75 2.0
39 80 2.0
39 90 1.0
40 5 12.0
40 8 272.0
40 14 416.0
40 15 12.0
40 16 25.0
40 18 276.0
40 23 2.0
40 24 227.0
40 26 11.0
40 31 2.0
40 32 50.0
40 33 2.0
40 34 111.0
40 36 2.0
40 37 9.0
40 38 1.0
40 41 2.0
40 43 69.0
40 45 1.0
40 46 30.0
40 55 1.0
40 57 30.0
40 61 6.0
40 65 99.0
40 67 151.0
40 70 19.0
40 71 153.0
40 72 14.0
40 73 257.0
40 74 13.0
40 76 4.0
40 80 2.0
40 81 4.0
40 86 5.0
40 87 30.0
40 89 5.0
40 90 18.0
40 93 1.0
40 95 22.0
40 96 15.0
40 97 9.0
40 98 2.0
40 99 10.0
40 106 4.0
41 3 3.0
41 5 28.0
41 7 353.0
41 8 220.0
41 9 1.0
41 14 142.0
41 15 88.0
41 16 4.0
41 18 23.0
41 19 3.0
41 24 26.0
41 26 8.0
41 33 4.0
41 34 10.0
41 35 1.0
41 36 13.0
41 37 3.0
41 40 2.0
41 43 11.0
41 44 4.0
41 45 1.0
41 48 1.0
41 49 6.0
41 57 21.0
41 60 1.0
41 61 15.0
41 64 1.0
41 65 35.0
41 67 57.0
41 70 114.0
41 71 74.0
41 72 1.0
41 73 16.0
41 74 1.0
41 75 1.0
41 76 77.0
41 80 2.0
41 81 4.0
41 86 2.0
41 87 203.0
41 89 81.0
41 90 6.0
41 93 104.0
41 95 5.0
41 96 5.0
41 97 12.0
41 99 5.0
41 101 1.0
41 102 6.0
41 106 38.0
43 5 17.0
43 6 1.0
43 7 3.0
43 8 347.0
43 9 1.0
43 14 1043.0
43 15 4.0
43 16 2.0
43 18 127.0
43 19 2.0
43 23 3.0
43 24 293.0
43 26 21.0
43 31 4.0
43 32 10.0
43 33 3.0
43 34 80.0
43 36 5.0
43 37 8.0
43 40 69.0
43 41 11.0
43 44 2.0
43 46 17.0
43 48 1.0
43 49 3.0
43 57 20.0
43 60 1.0
43 61 14.0
43 65 341.0
43 67 459.0
43 70 38.0
43 71 188.0
43 72 6.0
43 73 242.0
43 74 19.0
43 75 1.0
43 76 12.0
43 80 10.0
43 81 1.0
43 86 55.0
43 87 43.0
43 89 17.0
43 90 30.0
43 93 2.0
43 95 40.0
43 96 13.0
43 97 34.0
43 98 5.0
43 99 27.0
43 101 4.0
43 106 15.0
43 107 1.0
44 5 6.0
44 8 171.0
44 14 59.0
44 15 54.0
44 16 2.0
44 18 4.0
44 19 12.0
44 24 4.0
44 25 1.0
44 26 8.0
44 33 5.0
44 34 14.0
44 36 4.0
44 37 3.0
44 38 1.0
44 39 1.0
44 41 4.0
44 43 2.0
44 45 1.0
44 55 2.0
44 57 141.0
44 61 23.0
44 65 1.0
44 67 19.0
44 70 3.0
44 71 23.0
44 72 1.0
44 73 10.0
44 75 5.0
44 76 33.0
44 79 4.0
44 80 20.0
44 81 4.0
44 86 2.0
44 87 3.0
44 89 2.0
44 93 4.0
44 95 5.0
44 97 1.0
44 99 1.0
44 101 1.0
44 106 16.0
45 5 5.0
45 7 2.0
45 8 10.0
45 14 21.0
45 15 59.0
45 18 1.0
45 24 1.0
45 33 5.0
45 34 2.0
45 40 1.0
45 41 1.0
45 44 1.0
45 49 4.0
45 57 20.0
45 58 1.0
45 61 7.0
45 67 1.0
45 70 2.0
45 71 1.0
45 72 2.0
45 73 1.0
45 75 2.0
45 76 110.0
45 80 1.0
45 86 1.0
45 87 1.0
45 89 9.0
45 93 1.0
45 101 1.0
45 106 15.0
46 8 22.0
46 14 70.0
46 16 5.0
46 18 6.0
46 24 27.0
46 26 1.0
46 28 1.0
46 31 1.0
46 32 19.0
46 34 16.0
46 36 2.0
46 37 2.0
46 40 30.0
46 43 17.0
46 57 12.0
46 65 10.0
46 67 30.0
46 69 2.0
46 70 2.0
46 71 16.0
46 73 25.0
46 74 1.0
46 76 4.0
46 86 2.0
46 90 3.0
46 95 19.0
46 96 4.0
46 97 4.0
46 99 5.0
47 2 2.0
47 5 2.0
47 8 21.0
47 9 6.0
47 10 36.0
47 12 8.0
47 20 1.0
47 36 4.0
47 49 4.0
47 60 1.0
47 69 1.0
47 70 4.0
47 72 21.0
47 77 22.0
47 87 1.0
47 92 1.0
47 93 2.0
48 5 1.0
48 8 35.0
48 14 9.0
48 16 7.0
48 18 1.0
48 24 1.0
48 36 7.0
48 41 1.0
48 43 1.0
48 57 1.0
48 67 5.0
48 70 7.0
48 76 4.0
48 89 1.0
48 93 1.0
48 95 1.0
49 0 2.0
49 5 12.0
49 7 1.0
49 8 62.0
49 9 13.0
49 14 48.0
49 15 96.0
49 16 1.0
49 18 4.0
49 19 1.0
49 20 8.0
49 24 4.0
49 26 1.0
49 29 1.0
49 33 1.0
49 34 1.0
49 36 46.0
49 41 6.0
49 43 3.0
49 45 4.0
49 47 4.0
49 57 7.0
49 59 82.0
49 61 24.0
49 62 2.0
49 65 9.0
49 67 26.0
49 69 42.0
49 70 58.0
49 71 8.0
49 72 649.0
49 73 2.0
49 74 1.0
49 75 3.0
49 76 10.0
49 77 1.0
49 87 6.0
49 89 10.0
49 90 2.0
49 93 4.0
49 100 1.0
49 102 2.0
49 106 5.0
50 2 2.0
50 9 7.0
50 58 1.0
50 68 1.0
50 72 17.0
50 91 1.0
50 100 1.0
51 8 1.0
51 89 1.0
52 2 1.0
52 56 4.0
52 58 1.0
52 78 1.0
52 89 4.0
52 92 1.0
52 100 1.0
53 8 4.0
53 15 1.0
53 34 6.0
53 35 2.0
53 71 2.0
53 90 1.0
53 97 1.0
54 4 1.0
54 8 5.0
54 15 2.0
54 87 1.0
54 106 5.0
55 5 1.0
55 8 9.0
55 14 18.0
55 15 6.0
55 18 2.0
55 26 2.0
55 36 1.0
55 38 4.0
55 40 1.0
55 44 2.0
55 57 2.0
55 65 2.0
55 67 6.0
55 70 2.0
55 75 6.0
55 76 1.0
55 81 17.0
55 99 1.0
55 101 2.0
55 106 2.0
56 2 2.0
56 8 4.0
56 9 20.0
56 52 4.0
56 58 9.0
56 67 2.0
56 72 6.0
56 90 1.0
56 91 4.0
56 95 2.0
56 99 1.0
56 100 4.0
57 3 2.0
57 4 1.0
57 5 33.0
57 7 6.0
57 8 642.0
57 9 10.0
57 10 7.0
57 14 910.0
57 15 513.0
57 16 4.0
57 18 106.0
57 19 91.0
57 23 7.0
57 24 42.0
57 25 2.0
57 26 81.0
57 31 5.0
57 32 1.0
57 33 141.0
57 34 118.0
57 36 13.0
57 37 9.0
57 38 14.0
57 40 30.0
57 41 21.0
57 43 20.0
57 44 141.0
57 45 20.0
57 46 12.0
57 48 1.0
57 49 7.0
57 55 2.0
57 61 217.0
57 65 48.0
57 67 240.0
57 69 3.0
57 70 70.0
57 71 141.0
57 72 4.0
57 73 65.0
57 74 1.0
57 75 13.0
57 76 349.0
57 79 22.0
57 80 182.0
57 81 25.0
57 86 2.0
57 87 32.0
57 89 32.0
57 90 22.0
57 93 16.0
57 95 17.0
57 96 4.0
57 97 6.0
57 98 1.0
57 99 15.0
57 101 32.0
57 106 654.0
58 2 6.0
58 5 3.0
58 8 15.0
58 9 3.0
58 14 2.0
58 45 1.0
58 50 1.0
58 52 1.0
58 56 9.0
58 61 1.0
58 66 1.0
58 70 17.0
58 72 4.0
58 76 1.0
58 78 1.0
58 91 1.0
58 92 1.0
58 105 2.0
58 106 4.0
59 8 7.0
59 49 82.0
59 69 5.0
59 70 1.0
59 72 22.0
59 87 12.0
59 89 1.0
59 106 1.0
60 5 5.0
60 7 4.0
60 8 14.0
60 14 3.0
60 27 1.0
60 39 1.0
60 41 1.0
60 43 1.0
60 47 1.0
60 65 1.0
60 70 77.0
60 87 2.0
60 89 1.0
60 93 2.0
60 102 1.0
61 2 1.0
61 3 1.0
61 5 27.0
61 7 9.0
61 8 501.0
61 10 2.0
61 14 431.0
61 15 171.0
61 16 2.0
61 18 24.0
61 19 36.0
61 24 28.0
61 26 21.0
61 31 1.0
61 33 45.0
61 34 33.0
61 35 1.0
61 36 30.0
61 37 8.0
61 38 2.0
61 39 1.0
61 40 6.0
61 41 15.0
61 43 14.0
61 44 23.0
61 45 7.0
61 49 24.0
61 57 217.0
61 58 1.0
61 65 27.0
61 67 88.0
61 70 126.0
61 71 182.0
61 72 26.0
61 73 30.0
61 74 3.0
61 76 143.0
61 79 15.0
61 80 32.0
61 81 8.0
61 87 12.0
61 89 71.0
61 90 20.0
61 93 31.0
61 95 16.0
61 98 1.0
61 99 16.0
61 101 111.0
61 106 115.0
62 14 3.0
62 16 1.0
62 34 2.0
62 49 2.0
62 65 1.0
62 72 26.0
63 8 2.0
63 14 3.0
63 26 2.0
63 65 1.0
63 67 2.0
63 73 1.0
64 9 3.0
64 14 2.0
64 19 1.0
64 24 2.0
64 41 1.0
64 65 1.0
64 67 1.0
64 71 1.0
64 89 1.0
64 99 1.0
65 3 1.0
65 5 21.0
65 7 2.0
65 8 1122.0
65 9 4.0
65 14 1705.0
65 15 50.0
65 16 10.0
65 18 313.0
65 19 7.0
65 24 613.0
65 25 1.0
65 26 30.0
65 28 1.0
65 31 10.0
65 32 19.0
65 33 4.0
65 34 127.0
65 35 2.0
65 36 9.0
65 37 8.0
65 40 99.0
65 41 35.0
65 43 341.0
65 44 1.0
65 46 10.0
65 49 9.0
65 55 2.0
65 57 48.0
65 60 1.0
65 61 27.0
65 62 1.0
65 63 1.0
65 64 1.0
65 67 880.0
65 70 58.0
65 71 279.0
65 72 25.0
65 73 351.0
65 74 19.0
65 75 1.0
65 76 32.0
65 80 8.0
65 81 11.0
65 86 21.0
65 87 138.0
65 89 75.0
65 90 55.0
65 93 15.0
65 94 2.0
65 95 62.0
65 96 28.0
65 97 25.0
65 98 8.0
65 99 52.0
65 101 4.0
65 106 26.0
65 107 1.0
66 2 1.0
66 58 1.0
66 69 1.0
67 3 3.0
67 4 2.0
67 5 81.0
67 7 9.0
67 8 3861.0
67 9 19.0
67 14 6369.0
67 15 354.0
67 16 99.0
67 18 407.0
67 19 40.0
67 22 4.0
67 23 7.0
67 24 1053.0
67 26 74.0
67 28 5.0
67 29 1.0
67 31 51.0
67 32 41.0
67 33 26.0
67 34 373.0
67 35 1.0
67 36 47.0
67 37 15.0
67 38 10.0
67 39 2.0
67 40 151.0
67 41 57.0
67 43 459.0
67 44 19.0
67 45 1.0
67 46 30.0
67 48 5.0
67 49 26.0
67 55 6.0
67 56 2.0
67 57 240.0
67 61 88.0
67 63 2.0
67 64 1.0
67 65 880.0
67 70 119.0
67 71 982.0
67 72 48.0
67 73 395.0
67 74 29.0
67 75 5.0
67 76 208.0
67 79 4.0
67 80 87.0
67 81 36.0
67 82 4.0
67 86 49.0
67 87 146.0
67 89 259.0
67 90 144.0
67 93 30.0
67 94 12.0
67 95 380.0
67 96 25.0
67 97 37.0
67 98 27.0
67 99 429.0
67 101 16.0
67 103 1.0
67 106 90.0
67 107 3.0
68 50 1.0
69 8 3.0
69 14 6.0
69 15 9.0
69 26 6.0
69 46 2.0
69 47 1.0
69 49 42.0
69 57 3.0
69 59 5.0
69 66 1.0
69 70 5.0
69 72 105.0
69 76 5.0
69 95 1.0
69 99 1.0
70 0 2.0
70 3 8.0
70 5 398.0
70 7 101.0
70 8 1254.0
70 9 29.0
70 10 4.0
70 14 422.0
70 15 90.0
70 16 14.0
70 18 19.0
70 19 17.0
70 21 2.0
70 23 1.0
70 24 31.0
70 26 38.0
70 27 2.0
70 28 1.0
70 33 23.0
70 34 23.0
70 36 214.0
70 37 1.0
70 38 5.0
70 39 5.0
70 40 19.0
70 41 114.0
70 43 38.0
70 44 3.0
70 45 2.0
70 46 2.0
70 47 4.0
70 48 7.0
70 49 58.0
70 55 2.0
70 57 70.0
70 58 17.0
70 59 1.0
70 60 77.0
70 61 126.0
70 65 58.0
70 67 119.0
70 69 5.0
70 71 43.0
70 72 391.0
70 73 35.0
70 74 17.0
70 75 12.0
70 76 56.0
70 77 3.0
70 79 1.0
70 80 27.0
70 81 22.0
70 87 141.0
70 89 139.0
70 90 35.0
70 92 1.0
70 93 248.0
70 95 27.0
70 98 3.0
70 99 24.0
70 101 2.0
70 102 29.0
70 106 52.0
71 3 2.0
71 5 19.0
71 7 8.0
71 8 1224.0
71 9 3.0
71 14 1835.0
71 15 36.0
71 16 26.0
71 18 219.0
71 19 14.0
71 23 6.0
71 24 325.0
71 26 60.0
71 28 3.0
71 31 8.0
71 32 6.0
71 33 12.0
71 34 775.0
71 36 24.0
71 37 23.0
71 38 28.0
71 39 2.0
71 40 153.0
71 41 74.0
71 43 188.0
71 44 23.0
71 45 1.0
71 46 16.0
71 49 8.0
71 53 2.0
71 57 141.0
71 61 182.0
71 64 1.0
71 65 279.0
71 67 982.0
71 70 43.0
71 72 7.0
71 73 343.0
71 74 61.0
71 75 2.0
71 76 29.0
71 79 1.0
71 80 45.0
71 81 19.0
71 86 23.0
71 87 72.0
71 89 86.0
71 90 68.0
71 93 46.0
71 94 2.0
71 95 96.0
71 96 34.0
71 97 78.0
71 98 1.0
71 99 54.0
71 101 16.0
71 106 12.0
72 3 4.0
72 5 6.0
72 7 4.0
72 8 132.0
72 9 35.0
72 10 1.0
72 14 69.0
72 15 57.0
72 16 16.0
72 17 1.0
72 18 6.0
72 19 1.0
72 20 2.0
72 24 3.0
72 26 7.0
72 30 5.0
72 32 2.0
72 34 3.0
72 36 8.0
72 40 14.0
72 41 1.0
72 43 6.0
72 44 1.0
72 45 2.0
72 47 21.0
72 49 649.0
72 50 17.0
72 56 6.0
72 57 4.0
72 58 4.0
72 59 22.0
72 61 26.0
72 62 26.0
72 65 25.0
72 67 48.0
72 69 105.0
72 70 391.0
72 71 7.0
72 73 10.0
72 75 3.0
72 76 7.0
72 77 2.0
72 78 1.0
72 81 1.0
72 87 16.0
72 89 29.0
72 95 2.0
72 100 1.0
72 101 1.0
72 106 14.0
73 5 15.0
73 7 3.0
73 8 642.0
73 9 9.0
73 14 1207.0
73 15 77.0
73 16 27.0
73 18 326.0
73 19 20.0
73 23 14.0
73 24 289.0
73 25 3.0
73 26 36.0
73 28 2.0
73 29 2.0
73 31 5.0
73 32 17.0
73 33 16.0
73 34 157.0
73 35 1.0
73 36 12.0
73 37 33.0
73 38 3.0
73 40 257.0
73 41 16.0
73 43 242.0
73 44 10.0
73 45 1.0
73 46 25.0
73 49 2.0
73 57 65.0
73 61 30.0
73 63 1.0
73 65 351.0
73 67 395.0
73 70 35.0
73 71 343.0
73 72 10.0
73 74 81.0
73 75 9.0
73 76 39.0
73 79 3.0
73 80 9.0
73 81 13.0
73 86 60.0
73 87 101.0
73 89 46.0
73 90 53.0
73 93 6.0
73 95 46.0
73 96 25.0
73 97 40.0
73 98 2.0
73 99 40.0
73 101 4.0
73 102 1.0
73 104 1.0
73 106 11.0
74 2 1.0
74 5 1.0
74 8 42.0
74 9 1.0
74 14 100.0
74 15 4.0
74 16 1.0
74 18 20.0
74 24 6.0
74 26 5.0
74 31 1.0
74 33 2.0
74 34 16.0
74 37 2.0
74 40 13.0
74 41 1.0
74 43 19.0
74 46 1.0
74 49 1.0
74 57 1.0
74 61 3.0
74 65 19.0
74 67 29.0
74 70 17.0
74 71 61.0
74 73 81.0
74 76 1.0
74 79 1.0
74 86 1.0
74 87 8.0
74 89 4.0
74 90 5.0
74 95 1.0
74 96 3.0
74 97 6.0
74 99 1.0
74 101 1.0
74 106 1.0
75 5 1.0
75 8 83.0
75 14 38.0
75 15 15.0
75 18 5.0
75 19 2.0
75 23 2.0
75 24 3.0
75 26 38.0
75 33 14.0
75 34 1.0
75 38 5.0
75 39 2.0
75 41 1.0
75 43 1.0
75 44 5.0
75 45 2.0
75 49 3.0
75 55 6.0
75 57 13.0
75 65 1.0
75 67 5.0
75 70 12.0
75 71 2.0
75 72 3.0
75 73 9.0
75 76 22.0
75 80 6.0
75 81 8.0
75 87 2.0
75 90 4.0
75 93 1.0
75 95 1.0
75 99 2.0
75 101 11.0
75 106 7.0
76 3 3.0
76 5 194.0
76 7 25.0
76 8 605.0
76 14 381.0
76 15 2631.0
76 18 34.0
76 19 54.0
76 21 2.0
76 24 30.0
76 25 1.0
76 26 47.0
76 33 183.0
76 34 29.0
76 35 3.0
76 36 336.0
76 37 15.0
76 38 9.0
76 40 4.0
76 41 77.0
76 43 12.0
76 44 33.0
76 45 110.0
76 46 4.0
76 48 4.0
76 49 10.0
76 55 1.0
76 57 349.0
76 58 1.0
76 61 143.0
76 65 32.0
76 67 208.0
76 69 5.0
76 70 56.0
76 71 29.0
76 72 7.0
76 73 39.0
76 74 1.0
76 75 22.0
76 79 10.0
76 80 44.0
76 81 8.0
76 87 34.0
76 89 44.0
76 90 41.0
76 93 22.0
76 95 24.0
76 96 1.0
76 98 1.0
76 99 28.0
76 101 26.0
76 106 308.0
77 8 10.0
77 9 13.0
77 10 10.0
77 12 1.0
77 47 22.0
77 49 1.0
77 70 3.0
77 72 2.0
77 89 3.0
77 92 6.0
77 93 2.0
77 106 3.0
78 2 1.0
78 10 2.0
78 52 1.0
78 58 1.0
78 72 1.0
78 92 3.0
78 102 1.0
79 8 6.0
79 14 4.0
79 15 2.0
79 19 16.0
79 21 1.0
79 33 6.0
79 34 4.0
79 37 3.0
79 38 3.0
79 44 4.0
79 57 22.0
79 61 15.0
79 67 4.0
79 70 1.0
79 71 1.0
79 73 3.0
79 74 1.0
79 76 10.0
79 93 1.0
79 95 1.0
79 101 2.0
79 106 1.0
80 3 1.0
80 5 8.0
80 8 127.0
80 9 2.0
80 14 134.0
80 15 28.0
80 16 1.0
80 18 3.0
80 19 13.0
80 24 19.0
80 26 5.0
80 31 1.0
80 33 10.0
80 34 10.0
80 36 8.0
80 37 1.0
80 38 2.0
80 39 2.0
80 40 2.0
80 41 2.0
80 43 10.0
80 44 20.0
80 45 1.0
80 57 182.0
80 61 32.0
80 65 8.0
80 67 87.0
80 70 27.0
80 71 45.0
80 73 9.0
80 75 6.0
80 76 44.0
80 81 5.0
80 86 1.0
80 87 11.0
80 89 5.0
80 90 3.0
80 93 1.0
80 95 10.0
80 96 1.0
80 97 3.0
80 99 5.0
80 104 1.0
80 106 47.0
81 5 12.0
81 8 97.0
81 14 105.0
81 15 16.0
81 18 13.0
81 19 9.0
81 24 6.0
81 26 17.0
81 33 29.0
81 34 19.0
81 36 7.0
81 37 1.0
81 38 23.0
81 40 4.0
81 41 4.0
81 43 1.0
81 44 4.0
81 55 17.0
81 57 25.0
81 61 8.0
81 65 11.0
81 67 36.0
81 70 22.0
81 71 19.0
81 72 1.0
81 73 13.0
81 75 8.0
81 76 8.0
81 80 5.0
81 83 1.0
81 89 21.0
81 90 7.0
81 93 1.0
81 95 7.0
81 97 1.0
81 99 12.0
81 101 3.0
81 104 1.0
81 106 15.0
82 14 1.0
82 67 4.0
83 81 1.0
84 89 4.0
85 89 1.0
86 5 5.0
86 8 37.0
86 14 119.0
86 15 4.0
86 18 3.0
86 19 1.0
86 24 23.0
86 28 2.0
86 31 6.0
86 34 3.0
86 36 1.0
86 37 13.0
86 40 5.0
86 41 2.0
86 43 55.0
86 44 2.0
86 45 1.0
86 46 2.0
86 57 2.0
86 65 21.0
86 67 49.0
86 71 23.0
86 73 60.0
86 74 1.0
86 80 1.0
86 87 3.0
86 90 11.0
86 95 1.0
86 96 6.0
86 97 8.0
86 99 1.0
87 0 1.0
87 3 7.0
87 5 19.0
87 7 265.0
87 8 269.0
87 9 4.0
87 14 509.0
87 15 22.0
87 16 6.0
87 18 110.0
87 19 4.0
87 24 40.0
87 26 39.0
87 29 25.0
87 31 2.0
87 32 2.0
87 33 2.0
87 34 35.0
87 36 32.0
87 37 4.0
87 40 30.0
87 41 203.0
87 43 43.0
87 44 3.0
87 45 1.0
87 47 1.0
87 49 6.0
87 54 1.0
87 57 32.0
87 59 12.0
87 60 2.0
87 61 12.0
87 65 138.0
87 67 146.0
87 70 141.0
87 71 72.0
87 72 16.0
87 73 101.0
87 74 8.0
87 75 2.0
87 76 34.0
87 80 11.0
87 86 3.0
87 89 307.0
87 90 8.0
87 92 1.0
87 93 76.0
87 95 30.0
87 96 3.0
87 97 6.0
87 98 2.0
87 99 19.0
87 101 2.0
87 102 7.0
87 106 9.0
89 0 10.0
89 3 85.0
89 4 1.0
89 5 23.0
89 7 25.0
89 8 275.0
89 10 2.0
89 14 337.0
89 15 107.0
89 16 1.0
89 18 33.0
89 19 2.0
89 22 2.0
89 23 3.0
89 24 70.0
89 25 1.0
89 26 5.0
89 29 30.0
89 32 4.0
89 33 5.0
89 34 25.0
89 35 1.0
89 36 22.0
89 37 1.0
89 38 2.0
89 40 5.0
89 41 81.0
89 43 17.0
89 44 2.0
89 45 9.0
89 48 1.0
89 49 10.0
89 51 1.0
89 52 4.0
89 57 32.0
89 59 1.0
89 60 1.0
89 61 71.0
89 64 1.0
89 65 75.0
89 67 259.0
89 70 139.0
89 71 86.0
89 72 29.0
89 73 46.0
89 74 4.0
89 76 44.0
89 77 3.0
89 80 5.0
89 81 21.0
89 84 4.0
89 85 1.0
89 87 307.0
89 90 23.0
89 93 36.0
89 95 11.0
89 96 1.0
89 97 4.0
89 99 19.0
89 101 1.0
89 102 4.0
89 106 43.0
89 107 1.0
90 5 6.0
90 7 1.0
90 8 415.0
90 14 472.0
90 15 91.0
90 16 4.0
90 18 30.0
90 19 3.0
90 23 1.0
90 24 38.0
90 26 29.0
90 28 9.0
90 31 1.0
90 32 3.0
90 33 3.0
90 34 56.0
90 36 11.0
90 37 110.0
90 38 1.0
90 39 1.0
90 40 18.0
90 41 6.0
90 43 30.0
90 46 3.0
90 49 2.0
90 53 1.0
90 56 1.0
90 57 22.0
90 61 20.0
90 65 55.0
90 67 144.0
90 70 35.0
90 71 68.0
90 73 53.0
90 74 5.0
90 75 4.0
90 76 41.0
90 80 3.0
90 81 7.0
90 86 11.0
90 87 8.0
90 89 23.0
90 93 2.0
90 95 42.0
90 96 3.0
90 97 6.0
90 98 2.0
90 99 25.0
90 101 6.0
90 106 19.0
91 2 6.0
91 9 3.0
91 50 1.0
91 56 4.0
91 58 1.0
92 2 1.0
92 10 1.0
92 47 1.0
92 52 1.0
92 58 1.0
92 70 1.0
92 77 6.0
92 78 3.0
92 87 1.0
93 3 5.0
93 5 10.0
93 7 391.0
93 8 120.0
93 9 2.0
93 10 1.0
93 14 81.0
93 15 50.0
93 18 10.0
93 23 1.0
93 24 7.0
93 26 2.0
93 27 1.0
93 33 8.0
93 34 2.0
93 36 8.0
93 37 2.0
93 38 2.0
93 40 1.0
93 41 104.0
93 43 2.0
93 44 4.0
93 45 1.0
93 47 2.0
93 48 1.0
93 49 4.0
93 57 16.0
93 60 2.0
93 61 31.0
93 65 15.0
93 67 30.0
93 70 248.0
93 71 46.0
93 73 6.0
93 75 1.0
93 76 22.0
93 77 2.0
93 79 1.0
93 80 1.0
93 81 1.0
93 87 76.0
93 89 36.0
93 90 2.0
93 96 2.0
93 97 5.0
93 98 2.0
93 99 1.0
93 101 2.0
93 102 2.0
93 106 10.0
94 8 2.0
94 14 13.0
94 18 1.0
94 24 1.0
94 26 5.0
94 32 1.0
94 65 2.0
94 67 12.0
94 71 2.0
94 95 8.0
94 99 7.0
95 5 18.0
95 6 1.0
95 7 3.0
95 8 656.0
95 14 694.0
95 15 31.0
95 16 15.0
95 18 52.0
95 19 6.0
95 23 1.0
95 24 112.0
95 26 26.0
95 28 1.0
95 32 31.0
95 33 1.0
95 34 74.0
95 36 10.0
95 37 7.0
95 40 22.0
95 41 5.0
95 43 40.0
95 44 5.0
95 46 19.0
95 48 1.0
95 56 2.0
95 57 17.0
95 61 16.0
95 65 62.0
95 67 380.0
95 69 1.0
95 70 27.0
95 71 96.0
95 72 2.0
95 73 46.0
95 74 1.0
95 75 1.0
95 76 24.0
95 79 1.0
95 80 10.0
95 81 7.0
95 86 1.0
95 87 30.0
95 89 11.0
95 90 42.0
95 94 8.0
95 96 1.0
95 97 6.0
95 98 2.0
95 99 328.0
95 101 7.0
95 106 22.0
96 8 16.0
96 14 82.0
96 15 1.0
96 16 1.0
96 18 7.0
96 24 24.0
96 26 6.0
96 34 7.0
96 40 15.0
96 41 5.0
96 43 13.0
96 46 4.0
96 57 4.0
96 65 28.0
96 67 25.0
96 71 34.0
96 73 25.0
96 74 3.0
96 76 1.0
96 80 1.0
96 86 6.0
96 87 3.0
96 89 1.0
96 90 3.0
96 93 2.0
96 95 1.0
96 97 7.0
96 99 2.0
97 7 1.0
97 8 32.0
97 9 1.0
97 14 163.0
97 16 1.0
97 18 15.0
97 24 32.0
97 26 1.0
97 31 3.0
97 32 2.0
97 34 27.0
97 37 1.0
97 40 9.0
97 41 12.0
97 43 34.0
97 44 1.0
97 46 4.0
97 53 1.0
97 57 6.0
97 65 25.0
97 67 37.0
97 71 78.0
97 73 40.0
97 74 6.0
97 80 3.0
97 81 1.0
97 86 8.0
97 87 6.0
97 89 4.0
97 90 6.0
97 93 5.0
97 95 6.0
97 96 7.0
97 98 1.0
97 99 5.0
98 8 43.0
98 13 1.0
98 14 44.0
98 18 1.0
98 24 9.0
98 26 5.0
98 31 2.0
98 34 7.0
98 36 1.0
98 40 2.0
98 43 5.0
98 57 1.0
98 61 1.0
98 65 8.0
98 67 27.0
98 70 3.0
98 71 1.0
98 73 2.0
98 76 1.0
98 87 2.0
98 90 2.0
98 93 2.0
98 95 2.0
98 97 1.0
98 99 3.0
98 106 3.0
99 5 15.0
99 7 5.0
99 8 513.0
99 9 4.0
99 10 2.0
99 14 689.0
99 15 21.0
99 16 10.0
99 18 27.0
99 23 2.0
99 24 47.0
99 25 1.0
99 26 13.0
99 28 1.0
99 31 1.0
99 32 8.0
99 34 31.0
99 36 10.0
99 37 8.0
99 38 1.0
99 40 10.0
99 41 5.0
99 43 27.0
99 44 1.0
99 46 5.0
99 55 1.0
99 56 1.0
99 57 15.0
99 61 16.0
99 64 1.0
99 65 52.0
99 67 429.0
99 69 1.0
99 70 24.0
99 71 54.0
99 73 40.0
99 74 1.0
99 75 2.0
99 76 28.0
99 80 5.0
99 81 12.0
99 86 1.0
99 87 19.0
99 89 19.0
99 90 25.0
99 93 1.0
99 94 7.0
99 95 328.0
99 96 2.0
99 97 5.0
99 98 3.0
99 101 9.0
99 106 27.0
100 8 1.0
100 9 39.0
100 14 2.0
100 36 1.0
100 49 1.0
100 50 1.0
100 52 1.0
100 56 4.0
100 72 1.0
101 8 28.0
101 14 53.0
101 15 27.0
101 18 3.0
101 19 7.0
101 24 4.0
101 26 9.0
101 32 1.0
101 33 17.0
101 34 2.0
101 37 5.0
101 38 1.0
101 41 1.0
101 43 4.0
101 44 1.0
101 45 1.0
101 55 2.0
101 57 32.0
101 61 111.0
101 65 4.0
101 67 16.0
101 70 2.0
101 71 16.0
101 72 1.0
101 73 4.0
101 74 1.0
101 75 11.0
101 76 26.0
101 79 2.0
101 81 3.0
101 87 2.0
101 89 1.0
101 90 6.0
101 93 2.0
101 95 7.0
101 99 9.0
101 106 5.0
102 5 1.0
102 7 4.0
102 8 1.0
102 14 2.0
102 41 6.0
102 49 2.0
102 60 1.0
102 70 29.0
102 73 1.0
102 78 1.0
102 87 7.0
102 89 4.0
102 93 2.0
102 106 1.0
103 8 20.0
103 14 8.0
103 37 1.0
103 67 1.0
104 8 2.0
104 14 7.0
104 18 1.0
104 21 3.0
104 24 1.0
104 33 1.0
104 73 1.0
104 80 1.0
104 81 1.0
105 2 1.0
105 58 2.0
106 4 1.0
106 5 23.0
106 7 9.0
106 8 374.0
106 13 4.0
106 14 401.0
106 15 938.0
106 16 1.0
106 18 58.0
106 19 26.0
106 23 7.0
106 24 13.0
106 26 18.0
106 28 1.0
106 32 2.0
106 33 18.0
106 34 24.0
106 35 1.0
106 36 40.0
106 37 1.0
106 38 2.0
106 40 4.0
106 41 38.0
106 43 15.0
106 44 16.0
106 45 15.0
106 49 5.0
106 54 5.0
106 55 2.0
106 57 654.0
106 58 4.0
106 59 1.0
106 61 115.0
106 65 26.0
106 67 90.0
106 70 52.0
106 71 12.0
106 72 14.0
106 73 11.0
106 74 1.0
106 75 7.0
106 76 308.0
106 77 3.0
106 79 1.0
106 80 47.0
106 81 15.0
106 87 9.0
106 89 43.0
106 90 19.0
106 93 10.0
106 95 22.0
106 98 3.0
106 99 27.0
106 101 5.0
106 102 1.0
107 8 1.0
107 14 3.0
107 24 1.0
107 34 1.0
107 43 1.0
107 65 1.0
107 67 3.0
107 89 1.0
