0 1 18.0
0 4 1.0
0 5 1.0
0 8 25.0
0 14 16.0
0 15 1.0
0 24 1.0
0 26 4.0
0 31 1.0
0 34 9.0
0 41 3.0
0 44 1.0
0 54 1.0
0 57 2.0
0 61 1.0
0 65 3.0
0 67 2.0
0 71 3.0
0 72 3.0
0 80 2.0
0 87 4.0
0 89 10.0
0 90 2.0
0 95 3.0
0 101 1.0
0 103 1.0
1 0 18.0
1 3 1.0
1 8 1.0
1 84 1.0
2 8 9.0
2 13 1.0
2 14 3.0
2 18 1.0
2 26 2.0
2 49 1.0
2 52 1.0
2 56 11.0
2 58 3.0
2 68 1.0
2 72 2.0
2 91 4.0
2 99 1.0
3 1 1.0
3 4 1.0
3 7 1.0
3 8 11.0
3 14 6.0
3 18 1.0
3 25 1.0
3 26 1.0
3 34 1.0
3 40 1.0
3 57 1.0
3 65 1.0
3 67 2.0
3 70 1.0
3 71 2.0
3 75 1.0
3 76 1.0
3 87 2.0
3 89 26.0
3 106 1.0
4 0 1.0
4 3 1.0
4 8 9.0
4 14 12.0
4 24 1.0
4 34 3.0
4 41 1.0
4 54 2.0
4 57 3.0
4 65 1.0
4 67 2.0
4 81 1.0
4 87 2.0
4 89 2.0
4 90 1.0
4 95 1.0
4 99 2.0
4 103 1.0
5 0 1.0
5 7 4.0
5 8 1183.0
5 9 1.0
5 13 1.0
5 14 407.0
5 15 27.0
5 16 4.0
5 18 3.0
5 19 2.0
5 22 1.0
5 24 16.0
5 25 1.0
5 26 11.0
5 27 1.0
5 28 2.0
5 33 4.0
5 34 75.0
5 35 1.0
5 36 132.0
5 38 2.0
5 39 14.0
5 40 1.0
5 41 12.0
5 43 12.0
5 44 5.0
5 47 3.0
5 48 52.0
5 49 3.0
5 51 1.0
5 53 1.0
5 55 1.0
5 56 1.0
5 57 31.0
5 59 1.0
5 60 1.0
5 61 11.0
5 63 1.0
5 65 12.0
5 67 94.0
5 69 1.0
5 70 94.0
5 71 31.0
5 72 11.0
5 73 13.0
5 75 1.0
5 76 13.0
5 77 1.0
5 79 3.0
5 80 3.0
5 81 4.0
5 86 1.0
5 87 12.0
5 89 9.0
5 90 48.0
5 93 4.0
5 94 1.0
5 95 60.0
5 96 3.0
5 97 2.0
5 98 2.0
5 99 47.0
5 102 1.0
5 103 2.0
5 106 21.0
6 8 5.0
6 14 2.0
6 24 2.0
6 55 2.0
6 57 2.0
6 65 2.0
6 73 1.0
6 75 5.0
6 76 1.0
6 89 1.0
6 95 2.0
6 101 2.0
6 106 2.0
7 3 1.0
7 5 4.0
7 8 40.0
7 14 18.0
7 15 2.0
7 18 2.0
7 24 2.0
7 26 3.0
7 29 2.0
7 34 2.0
7 36 2.0
7 37 1.0
7 41 16.0
7 43 1.0
7 48 3.0
7 57 1.0
7 60 1.0
7 65 2.0
7 67 8.0
7 70 10.0
7 71 7.0
7 72 2.0
7 80 1.0
7 82 1.0
7 83 2.0
7 87 85.0
7 89 1.0
7 90 1.0
7 93 33.0
7 98 1.0
7 99 1.0
7 101 1.0
7 102 1.0
7 106 3.0
8 0 25.0
8 1 1.0
8 2 9.0
8 3 11.0
8 4 9.0
8 5 1183.0
8 6 5.0
8 7 40.0
8 9 13.0
8 10 7.0
8 13 20.0
8 14 16120.0
8 15 522.0
8 16 88.0
8 17 1.0
8 18 179.0
8 19 67.0
8 20 1.0
8 21 9.0
8 22 8.0
8 23 29.0
8 24 528.0
8 25 40.0
8 26 335.0
8 27 1.0
8 28 52.0
8 29 10.0
8 30 7.0
8 31 10.0
8 32 41.0
8 33 100.0
8 34 3845.0
8 35 59.0
8 36 487.0
8 37 51.0
8 38 72.0
8 39 157.0
8 40 130.0
8 41 244.0
8 43 402.0
8 44 81.0
8 45 8.0
8 46 33.0
8 47 26.0
8 48 222.0
8 49 56.0
8 50 6.0
8 51 5.0
8 52 15.0
8 53 83.0
8 54 8.0
8 55 22.0
8 56 49.0
8 57 721.0
8 58 35.0
8 59 54.0
8 60 19.0
8 61 184.0
8 62 8.0
8 63 11.0
8 64 9.0
8 65 524.0
8 66 1.0
8 67 4947.0
8 68 8.0
8 69 50.0
8 70 337.0
8 71 1213.0
8 72 353.0
8 73 263.0
8 74 15.0
8 75 113.0
8 76 625.0
8 77 4.0
8 79 25.0
8 80 122.0
8 81 129.0
8 82 1.0
8 83 16.0
8 84 4.0
8 85 2.0
8 86 26.0
8 87 191.0
8 88 2.0
8 89 396.0
8 90 1736.0
8 91 3.0
8 93 39.0
8 94 79.0
8 95 2704.0
8 96 28.0
8 97 29.0
8 98 123.0
8 99 1780.0
8 100 2.0
8 101 92.0
8 102 7.0
8 103 126.0
8 104 7.0
8 106 463.0
8 107 3.0
9 5 1.0
9 8 13.0
9 14 7.0
9 15 1.0
9 16 1.0
9 24 1.0
9 30 1.0
9 34 2.0
9 36 1.0
9 38 1.0
9 41 1.0
9 49 2.0
9 50 3.0
9 52 1.0
9 56 12.0
9 57 1.0
9 58 4.0
9 62 1.0
9 67 3.0
9 69 1.0
9 70 1.0
9 72 8.0
9 73 1.0
9 74 1.0
9 76 3.0
9 81 1.0
9 99 1.0
9 100 5.0
10 8 7.0
10 12 2.0
10 14 3.0
10 26 1.0
10 34 1.0
10 41 1.0
10 47 17.0
10 67 2.0
10 72 2.0
10 74 1.0
10 77 5.0
10 78 4.0
10 80 2.0
10 87 2.0
10 90 1.0
10 92 1.0
10 95 2.0
12 10 2.0
12 14 2.0
12 47 2.0
12 49 1.0
12 70 1.0
12 72 1.0
12 75 1.0
12 91 1.0
12 92 2.0
12 93 2.0
13 2 1.0
13 5 1.0
13 8 20.0
13 14 30.0
13 15 1.0
13 16 1.0
13 18 1.0
13 24 1.0
13 26 2.0
13 34 11.0
13 36 2.0
13 38 1.0
13 40 2.0
13 43 3.0
13 44 1.0
13 57 1.0
13 67 7.0
13 71 1.0
13 73 3.0
13 76 4.0
13 80 1.0
13 83 1.0
13 90 2.0
13 95 3.0
13 96 1.0
13 99 1.0
13 101 1.0
14 0 16.0
14 2 3.0
14 3 6.0
14 4 12.0
14 5 407.0
14 6 2.0
14 7 18.0
14 8 16120.0
14 9 7.0
14 10 3.0
14 12 2.0
14 13 30.0
14 15 441.0
14 16 96.0
14 18 245.0
14 19 44.0
14 20 5.0
14 21 7.0
14 22 5.0
14 23 25.0
14 24 652.0
14 25 53.0
14 26 408.0
14 27 3.0
14 28 40.0
14 29 5.0
14 30 4.0
14 31 23.0
14 32 38.0
14 33 68.0
14 34 5685.0
14 35 46.0
14 36 331.0
14 37 46.0
14 38 19.0
14 39 44.0
14 40 204.0
14 41 140.0
14 42 1.0
14 43 623.0
14 44 81.0
14 45 10.0
14 46 54.0
14 47 15.0
14 48 48.0
14 49 39.0
14 50 7.0
14 51 4.0
14 52 1.0
14 53 159.0
14 54 8.0
14 55 11.0
14 56 29.0
14 57 984.0
14 58 19.0
14 59 15.0
14 60 10.0
14 61 140.0
14 62 5.0
14 63 27.0
14 64 13.0
14 65 690.0
14 66 1.0
14 67 6896.0
14 68 1.0
14 69 49.0
14 70 135.0
14 71 1739.0
14 72 187.0
14 73 337.0
14 74 12.0
14 75 70.0
14 76 474.0
14 77 3.0
14 79 8.0
14 80 88.0
14 81 108.0
14 83 9.0
14 86 49.0
14 87 194.0
14 88 3.0
14 89 228.0
14 90 1990.0
14 91 3.0
14 93 13.0
14 94 85.0
14 95 2878.0
14 96 75.0
14 97 97.0
14 98 119.0
14 99 2318.0
14 101 88.0
14 102 9.0
14 103 46.0
14 104 7.0
14 106 308.0
14 107 3.0
15 0 1.0
15 5 27.0
15 7 2.0
15 8 522.0
15 9 1.0
15 13 1.0
15 14 441.0
15 16 8.0
15 18 9.0
15 19 7.0
15 24 16.0
15 26 30.0
15 28 1.0
15 29 1.0
15 32 1.0
15 33 31.0
15 34 142.0
15 35 8.0
15 36 15.0
15 37 4.0
15 38 7.0
15 39 3.0
15 40 6.0
15 41 11.0
15 43 9.0
15 44 20.0
15 45 12.0
15 46 3.0
15 48 2.0
15 49 4.0
15 53 2.0
15 54 2.0
15 55 1.0
15 56 2.0
15 57 249.0
15 59 2.0
15 61 20.0
15 62 1.0
15 63 2.0
15 65 7.0
15 67 103.0
15 69 3.0
15 70 6.0
15 71 34.0
15 72 23.0
15 73 10.0
15 74 1.0
15 75 9.0
15 76 829.0
15 79 2.0
15 80 12.0
15 81 7.0
15 83 1.0
15 86 4.0
15 87 11.0
15 89 14.0
15 90 67.0
15 91 1.0
15 93 3.0
15 94 2.0
15 95 50.0
15 96 1.0
15 97 3.0
15 98 1.0
15 99 48.0
15 101 27.0
15 103 4.0
15 106 217.0
15 107 1.0
16 5 4.0
16 8 88.0
16 9 1.0
16 13 1.0
16 14 96.0
16 15 8.0
16 18 4.0
16 23 2.0
16 24 9.0
16 26 1.0
16 27 1.0
16 33 1.0
16 34 49.0
16 35 2.0
16 36 1.0
16 37 1.0
16 40 30.0
16 41 3.0
16 43 1.0
16 46 1.0
16 47 1.0
16 48 1.0
16 53 1.0
16 57 5.0
16 61 1.0
16 65 2.0
16 67 21.0
16 70 1.0
16 71 15.0
16 72 1.0
16 73 12.0
16 74 1.0
16 75 1.0
16 76 4.0
16 80 1.0
16 81 1.0
16 89 2.0
16 90 6.0
16 93 1.0
16 95 12.0
16 96 1.0
16 99 10.0
16 101 1.0
16 106 3.0
17 8 1.0
17 47 1.0
17 49 1.0
17 62 1.0
17 72 17.0
17 99 1.0
18 2 1.0
18 3 1.0
18 5 3.0
18 7 2.0
18 8 179.0
18 13 1.0
18 14 245.0
18 15 9.0
18 16 4.0
18 19 1.0
18 24 27.0
18 26 6.0
18 31 2.0
18 32 4.0
18 33 2.0
18 34 95.0
18 35 1.0
18 36 2.0
18 37 3.0
18 38 1.0
18 39 2.0
18 40 46.0
18 41 3.0
18 43 16.0
18 44 2.0
18 46 5.0
18 49 1.0
18 53 2.0
18 54 1.0
18 55 1.0
18 57 11.0
18 61 1.0
18 63 3.0
18 64 1.0
18 65 65.0
18 67 79.0
18 70 6.0
18 71 108.0
18 72 2.0
18 73 48.0
18 74 15.0
18 75 3.0
18 76 8.0
18 79 1.0
18 80 1.0
18 81 7.0
18 83 1.0
18 86 14.0
18 87 21.0
18 89 14.0
18 90 17.0
18 91 1.0
18 95 25.0
18 96 3.0
18 97 1.0
18 98 1.0
18 99 17.0
18 101 2.0
18 103 1.0
18 104 1.0
18 106 3.0
19 5 2.0
19 8 67.0
19 14 44.0
19 15 7.0
19 18 1.0
19 21 1.0
19 23 1.0
19 26 2.0
19 27 1.0
19 32 1.0
19 33 33.0
19 34 23.0
19 35 1.0
19 36 1.0
19 38 4.0
19 43 1.0
19 44 3.0
19 57 50.0
19 61 4.0
19 65 1.0
19 67 12.0
19 70 3.0
19 71 7.0
19 72 1.0
19 75 6.0
19 76 11.0
19 79 9.0
19 80 4.0
19 81 1.0
19 89 3.0
19 90 3.0
19 95 2.0
19 99 1.0
19 101 5.0
19 103 1.0
19 106 5.0
20 8 1.0
20 14 5.0
20 34 1.0
20 49 1.0
20 50 3.0
20 57 1.0
20 59 1.0
20 67 1.0
20 69 1.0
20 70 1.0
20 72 4.0
20 81 1.0
20 100 1.0
20 106 1.0
21 8 9.0
21 14 7.0
21 19 1.0
21 24 1.0
21 28 1.0
21 33 1.0
21 34 6.0
21 36 1.0
21 37 2.0
21 38 1.0
21 57 1.0
21 67 6.0
21 69 1.0
21 70 2.0
21 71 2.0
21 87 1.0
21 89 1.0
21 90 1.0
21 95 1.0
21 96 1.0
21 98 1.0
21 99 1.0
21 104 8.0
22 5 1.0
22 8 8.0
22 14 5.0
22 34 1.0
22 57 1.0
22 67 1.0
22 70 1.0
22 81 1.0
22 89 2.0
22 95 1.0
22 99 1.0
23 8 29.0
23 14 25.0
23 16 2.0
23 19 1.0
23 24 2.0
23 26 55.0
23 34 11.0
23 36 2.0
23 38 1.0
23 40 1.0
23 57 16.0
23 63 6.0
23 64 1.0
23 65 2.0
23 67 4.0
23 71 2.0
23 73 1.0
23 74 1.0
23 76 3.0
23 90 2.0
23 95 6.0
23 98 1.0
23 99 1.0
23 102 1.0
23 106 2.0
24 0 1.0
24 4 1.0
24 5 16.0
24 6 2.0
24 7 2.0
24 8 528.0
24 9 1.0
24 13 1.0
24 14 652.0
24 15 16.0
24 16 9.0
24 18 27.0
24 21 1.0
24 23 2.0
24 25 1.0
24 26 8.0
24 27 1.0
24 28 1.0
24 29 1.0
24 31 2.0
24 32 6.0
24 33 1.0
24 34 120.0
24 35 1.0
24 36 5.0
24 37 1.0
24 38 5.0
24 39 3.0
24 40 21.0
24 41 6.0
24 43 113.0
24 44 4.0
24 46 4.0
24 48 3.0
24 49 4.0
24 50 1.0
24 53 2.0
24 56 2.0
24 57 18.0
24 58 1.0
24 61 7.0
24 62 1.0
24 63 1.0
24 64 2.0
24 65 374.0
24 67 295.0
24 69 1.0
24 70 4.0
24 71 65.0
24 72 16.0
24 73 24.0
24 75 3.0
24 76 10.0
24 80 5.0
24 81 5.0
24 83 1.0
24 86 3.0
24 87 24.0
24 89 28.0
24 90 104.0
24 95 80.0
24 96 7.0
24 97 11.0
24 98 6.0
24 99 54.0
24 101 3.0
24 103 2.0
24 106 12.0
25 3 1.0
25 5 1.0
25 8 40.0
25 14 53.0
25 24 1.0
25 31 1.0
25 34 17.0
25 39 1.0
25 40 1.0
25 46 2.0
25 61 1.0
25 64 1.0
25 65 1.0
25 67 6.0
25 71 4.0
25 73 1.0
25 80 2.0
25 81 1.0
25 87 2.0
25 90 3.0
25 94 1.0
25 95 9.0
25 96 1.0
25 98 4.0
25 99 9.0
25 101 1.0
25 106 1.0
26 0 4.0
26 2 2.0
26 3 1.0
26 5 11.0
26 7 3.0
26 8 335.0
26 10 1.0
26 13 2.0
26 14 408.0
26 15 30.0
26 16 1.0
26 18 6.0
26 19 2.0
26 23 55.0
26 24 8.0
26 31 2.0
26 32 1.0
26 33 6.0
26 34 155.0
26 35 2.0
26 36 10.0
26 37 1.0
26 38 8.0
26 40 9.0
26 41 4.0
26 43 9.0
26 44 5.0
26 48 1.0
26 49 3.0
26 53 7.0
26 55 1.0
26 56 2.0
26 57 156.0
26 59 3.0
26 61 4.0
26 63 15.0
26 65 14.0
26 67 70.0
26 69 2.0
26 70 3.0
26 71 24.0
26 72 9.0
26 73 31.0
26 75 7.0
26 76 46.0
26 77 1.0
26 79 1.0
26 80 7.0
26 81 11.0
26 83 1.0
26 86 3.0
26 87 8.0
26 88 1.0
26 89 8.0
26 90 29.0
26 91 1.0
26 93 1.0
26 94 2.0
26 95 36.0
26 96 3.0
26 98 3.0
26 99 30.0
26 101 5.0
26 103 1.0
26 106 13.0
27 5 1.0
27 8 1.0
27 14 3.0
27 16 1.0
27 19 1.0
27 24 1.0
27 34 2.0
27 36 1.0
27 41 5.0
27 70 9.0
27 71 1.0
27 87 1.0
27 90 1.0
27 93 7.0
27 97 1.0
28 5 2.0
28 8 52.0
28 14 40.0
28 15 1.0
28 21 1.0
28 24 1.0
28 32 2.0
28 34 43.0
28 37 2.0
28 39 2.0
28 41 1.0
28 43 4.0
28 57 6.0
28 61 1.0
28 65 1.0
28 67 7.0
28 70 1.0
28 71 7.0
28 73 2.0
28 76 3.0
28 81 2.0
28 83 1.0
28 86 1.0
28 89 1.0
28 90 39.0
28 94 1.0
28 95 13.0
28 96 1.0
28 99 8.0
28 106 3.0
29 7 2.0
29 8 10.0
29 14 5.0
29 15 1.0
29 24 1.0
29 33 1.0
29 54 1.0
29 57 1.0
29 65 1.0
29 67 2.0
29 70 1.0
29 72 1.0
29 75 1.0
29 87 3.0
29 89 16.0
29 95 1.0
30 8 7.0
30 9 1.0
30 14 4.0
30 34 2.0
30 47 1.0
30 49 3.0
30 50 3.0
30 59 1.0
30 62 8.0
30 67 2.0
30 69 7.0
30 72 25.0
30 86 1.0
30 99 1.0
31 0 1.0
31 8 10.0
31 14 23.0
31 18 2.0
31 24 2.0
31 25 1.0
31 26 2.0
31 32 1.0
31 34 3.0
31 39 1.0
31 40 2.0
31 41 1.0
31 43 7.0
31 49 1.0
31 57 1.0
31 65 1.0
31 67 31.0
31 71 3.0
31 73 2.0
31 76 1.0
31 81 1.0
31 86 1.0
31 95 3.0
31 98 14.0
32 8 41.0
32 14 38.0
32 15 1.0
32 18 4.0
32 19 1.0
32 24 6.0
32 26 1.0
32 28 2.0
32 31 1.0
32 34 6.0
32 37 2.0
32 40 2.0
32 41 1.0
32 43 5.0
32 46 18.0
32 53 3.0
32 54 1.0
32 55 1.0
32 57 3.0
32 58 1.0
32 65 3.0
32 67 19.0
32 71 5.0
32 72 2.0
32 73 5.0
32 86 1.0
32 89 2.0
32 90 5.0
32 94 7.0
32 95 69.0
32 97 2.0
32 98 1.0
32 99 24.0
32 101 1.0
32 106 3.0
33 5 4.0
33 8 100.0
33 14 68.0
33 15 31.0
33 16 1.0
33 18 2.0
33 19 33.0
33 21 1.0
33 24 1.0
33 26 6.0
33 29 1.0
33 34 25.0
33 35 2.0
33 36 4.0
33 37 2.0
33 38 4.0
33 40 2.0
33 41 2.0
33 44 2.0
33 47 1.0
33 48 1.0
33 49 1.0
33 50 1.0
33 53 1.0
33 55 2.0
33 57 90.0
33 61 8.0
33 65 3.0
33 67 20.0
33 68 1.0
33 71 5.0
33 72 1.0
33 73 2.0
33 74 1.0
33 75 5.0
33 76 41.0
33 79 3.0
33 80 6.0
33 81 2.0
33 87 2.0
33 89 6.0
33 90 5.0
33 93 1.0
33 95 13.0
33 98 1.0
33 99 7.0
33 101 36.0
33 106 18.0
34 0 9.0
34 3 1.0
34 4 3.0
34 5 75.0
34 7 2.0
34 8 3845.0
34 9 2.0
34 10 1.0
34 13 11.0
34 14 5685.0
34 15 142.0
34 16 49.0
34 18 95.0
34 19 23.0
34 20 1.0
34 21 6.0
34 22 1.0
34 23 11.0
34 24 120.0
34 25 17.0
34 26 155.0
34 27 2.0
34 28 43.0
34 30 2.0
34 31 3.0
34 32 6.0
34 33 25.0
34 35 9.0
34 36 57.0
34 37 13.0
34 38 12.0
34 39 12.0
34 40 132.0
34 41 20.0
34 43 93.0
34 44 19.0
34 46 11.0
34 47 4.0
34 48 7.0
34 49 11.0
34 53 42.0
34 54 1.0
34 55 6.0
34 56 6.0
34 57 322.0
34 58 3.0
34 59 10.0
34 60 2.0
34 61 37.0
34 63 16.0
34 64 1.0
34 65 99.0
34 67 1033.0
34 69 7.0
34 70 24.0
34 71 1841.0
34 72 43.0
34 73 145.0
34 74 8.0
34 75 18.0
34 76 154.0
34 79 6.0
34 80 42.0
34 81 60.0
34 83 7.0
34 84 1.0
34 86 12.0
34 87 33.0
34 89 71.0
34 90 610.0
34 93 6.0
34 94 16.0
34 95 674.0
34 96 19.0
34 97 15.0
34 98 25.0
34 99 531.0
34 101 34.0
34 103 7.0
34 104 2.0
34 106 91.0
35 5 1.0
35 8 59.0
35 14 46.0
35 15 8.0
35 16 2.0
35 18 1.0
35 19 1.0
35 24 1.0
35 26 2.0
35 33 2.0
35 34 9.0
35 36 2.0
35 37 1.0
35 39 1.0
35 40 2.0
35 41 1.0
35 43 1.0
35 44 1.0
35 57 4.0
35 58 1.0
35 61 4.0
35 65 4.0
35 67 11.0
35 71 6.0
35 73 1.0
35 75 1.0
35 76 8.0
35 79 1.0
35 80 3.0
35 86 3.0
35 89 1.0
35 90 10.0
35 91 1.0
35 95 9.0
35 98 3.0
35 99 4.0
35 101 1.0
35 106 8.0
36 5 132.0
36 7 2.0
36 8 487.0
36 9 1.0
36 13 2.0
36 14 331.0
36 15 15.0
36 16 1.0
36 18 2.0
36 19 1.0
36 21 1.0
36 23 2.0
36 24 5.0
36 26 10.0
36 27 1.0
36 33 4.0
36 34 57.0
36 35 2.0
36 38 2.0
36 39 5.0
36 40 2.0
36 41 3.0
36 43 5.0
36 44 2.0
36 47 3.0
36 48 2.0
36 49 13.0
36 51 1.0
36 54 1.0
36 57 23.0
36 59 7.0
36 61 7.0
36 62 1.0
36 65 6.0
36 67 54.0
36 69 4.0
36 70 101.0
36 71 14.0
36 72 20.0
36 73 2.0
36 75 3.0
36 76 10.0
36 78 2.0
36 79 2.0
36 80 3.0
36 81 3.0
36 87 5.0
36 89 7.0
36 90 58.0
36 95 32.0
36 97 1.0
36 98 2.0
36 99 29.0
36 101 1.0
36 103 2.0
36 104 2.0
36 106 13.0
37 7 1.0
37 8 51.0
37 14 46.0
37 15 4.0
37 16 1.0
37 18 3.0
37 21 2.0
37 24 1.0
37 26 1.0
37 28 2.0
37 32 2.0
37 33 2.0
37 34 13.0
37 35 1.0
37 40 1.0
37 41 1.0
37 43 3.0
37 46 4.0
37 49 1.0
37 57 2.0
37 58 1.0
37 61 1.0
37 64 1.0
37 65 2.0
37 67 11.0
37 69 1.0
37 70 2.0
37 71 4.0
37 73 4.0
37 74 1.0
37 76 1.0
37 80 1.0
37 86 3.0
37 89 3.0
37 90 110.0
37 95 18.0
37 96 1.0
37 98 1.0
37 99 2.0
37 101 1.0
37 106 2.0
38 5 2.0
38 8 72.0
38 9 1.0
38 13 1.0
38 14 19.0
38 15 7.0
38 18 1.0
38 19 4.0
38 21 1.0
38 23 1.0
38 24 5.0
38 26 8.0
38 33 4.0
38 34 12.0
38 36 2.0
38 40 2.0
38 41 1.0
38 44 5.0
38 49 3.0
38 57 33.0
38 65 2.0
38 67 13.0
38 71 5.0
38 73 7.0
38 75 4.0
38 76 4.0
38 79 4.0
38 80 39.0
38 81 7.0
38 83 1.0
38 87 1.0
38 89 1.0
38 90 3.0
38 95 11.0
38 96 1.0
38 99 6.0
38 101 1.0
38 102 1.0
38 106 4.0
39 5 14.0
39 8 157.0
39 14 44.0
39 15 3.0
39 18 2.0
39 24 3.0
39 25 1.0
39 28 2.0
39 31 1.0
39 34 12.0
39 35 1.0
39 36 5.0
39 41 3.0
39 44 1.0
39 46 1.0
39 48 16.0
39 57 5.0
39 59 2.0
39 60 1.0
39 61 6.0
39 63 1.0
39 65 2.0
39 67 11.0
39 70 4.0
39 71 4.0
39 72 2.0
39 73 2.0
39 75 4.0
39 76 1.0
39 80 3.0
39 87 1.0
39 89 2.0
39 90 2.0
39 93 1.0
39 95 8.0
39 98 4.0
39 99 2.0
39 103 2.0
40 3 1.0
40 5 1.0
40 8 130.0
40 13 2.0
40 14 204.0
40 15 6.0
40 16 30.0
40 18 46.0
40 23 1.0
40 24 21.0
40 25 1.0
40 26 9.0
40 31 2.0
40 32 2.0
40 33 2.0
40 34 132.0
40 35 2.0
40 36 2.0
40 37 1.0
40 38 2.0
40 41 2.0
40 43 13.0
40 44 2.0
40 46 5.0
40 53 4.0
40 56 1.0
40 57 12.0
40 60 1.0
40 61 2.0
40 65 28.0
40 67 51.0
40 71 101.0
40 72 2.0
40 73 39.0
40 74 2.0
40 75 1.0
40 76 10.0
40 79 1.0
40 80 1.0
40 81 2.0
40 83 1.0
40 86 3.0
40 87 17.0
40 89 8.0
40 90 18.0
40 93 2.0
40 95 17.0
40 96 1.0
40 97 2.0
40 98 6.0
40 99 10.0
40 102 1.0
40 106 4.0
41 0 3.0
41 4 1.0
41 5 12.0
41 7 16.0
41 8 244.0
41 9 1.0
41 10 1.0
41 14 140.0
41 15 11.0
41 16 3.0
41 18 3.0
41 24 6.0
41 26 4.0
41 27 5.0
41 28 1.0
41 31 1.0
41 32 1.0
41 33 2.0
41 34 20.0
41 35 1.0
41 36 3.0
41 37 1.0
41 38 1.0
41 39 3.0
41 40 2.0
41 43 2.0
41 44 4.0
41 47 2.0
41 48 3.0
41 49 1.0
41 55 2.0
41 57 32.0
41 59 1.0
41 60 1.0
41 61 1.0
41 65 11.0
41 67 37.0
41 69 7.0
41 70 5.0
41 71 14.0
41 72 3.0
41 73 5.0
41 74 1.0
41 75 1.0
41 76 8.0
41 78 1.0
41 79 1.0
41 80 4.0
41 81 1.0
41 86 1.0
41 87 31.0
41 89 15.0
41 90 13.0
41 93 15.0
41 95 12.0
41 96 1.0
41 98 2.0
41 99 12.0
41 101 5.0
41 102 1.0
41 106 10.0
42 14 1.0
42 49 1.0
43 5 12.0
43 7 1.0
43 8 402.0
43 13 3.0
43 14 623.0
43 15 9.0
43 16 1.0
43 18 16.0
43 19 1.0
43 24 113.0
43 26 9.0
43 28 4.0
43 31 7.0
43 32 5.0
43 34 93.0
43 35 1.0
43 36 5.0
43 37 3.0
43 40 13.0
43 41 2.0
43 46 5.0
43 47 2.0
43 49 3.0
43 53 2.0
43 55 1.0
43 57 11.0
43 61 2.0
43 62 1.0
43 65 164.0
43 67 316.0
43 69 1.0
43 70 4.0
43 71 39.0
43 72 6.0
43 73 37.0
43 74 1.0
43 76 7.0
43 79 1.0
43 80 3.0
43 81 5.0
43 83 3.0
43 86 9.0
43 87 29.0
43 89 11.0
43 90 25.0
43 95 37.0
43 96 6.0
43 97 16.0
43 98 7.0
43 99 30.0
43 103 1.0
43 106 10.0
44 0 1.0
44 5 5.0
44 8 81.0
44 13 1.0
44 14 81.0
44 15 20.0
44 18 2.0
44 19 3.0
44 24 4.0
44 26 5.0
44 33 2.0
44 34 19.0
44 35 1.0
44 36 2.0
44 38 5.0
44 39 1.0
44 40 2.0
44 41 4.0
44 48 1.0
44 57 203.0
44 61 2.0
44 65 4.0
44 67 25.0
44 70 1.0
44 71 5.0
44 72 1.0
44 73 1.0
44 76 33.0
44 79 2.0
44 80 14.0
44 81 1.0
44 86 1.0
44 87 2.0
44 89 4.0
44 90 7.0
44 93 1.0
44 95 17.0
44 98 2.0
44 99 9.0
44 101 8.0
44 106 9.0
45 8 8.0
45 14 10.0
45 15 12.0
45 57 5.0
45 61 1.0
45 67 5.0
45 75 1.0
45 76 15.0
45 90 1.0
45 106 2.0
46 8 33.0
46 14 54.0
46 15 3.0
46 16 1.0
46 18 5.0
46 24 4.0
46 25 2.0
46 32 18.0
46 34 11.0
46 37 4.0
46 39 1.0
46 40 5.0
46 43 5.0
46 50 1.0
46 53 1.0
46 57 3.0
46 61 1.0
46 64 8.0
46 65 3.0
46 67 13.0
46 71 5.0
46 73 4.0
46 75 1.0
46 87 1.0
46 89 1.0
46 90 19.0
46 95 57.0
46 98 2.0
46 99 9.0
46 106 1.0
47 5 3.0
47 8 26.0
47 10 17.0
47 12 2.0
47 14 15.0
47 16 1.0
47 17 1.0
47 30 1.0
47 33 1.0
47 34 4.0
47 36 3.0
47 41 2.0
47 43 2.0
47 49 4.0
47 57 3.0
47 60 1.0
47 65 1.0
47 67 3.0
47 69 2.0
47 70 8.0
47 71 2.0
47 72 6.0
47 76 2.0
47 77 5.0
47 78 1.0
47 86 4.0
47 87 2.0
47 92 1.0
47 93 1.0
47 95 1.0
47 99 3.0
47 101 5.0
47 106 3.0
48 5 52.0
48 7 3.0
48 8 222.0
48 14 48.0
48 15 2.0
48 16 1.0
48 24 3.0
48 26 1.0
48 33 1.0
48 34 7.0
48 36 2.0
48 39 16.0
48 41 3.0
48 44 1.0
48 49 1.0
48 53 3.0
48 54 1.0
48 57 3.0
48 60 1.0
48 61 1.0
48 65 1.0
48 67 7.0
48 70 6.0
48 71 3.0
48 72 1.0
48 73 2.0
48 76 3.0
48 80 3.0
48 81 1.0
48 83 1.0
48 89 3.0
48 90 9.0
48 95 7.0
48 96 1.0
48 98 1.0
48 99 3.0
48 101 2.0
48 103 1.0
48 106 1.0
49 2 1.0
49 5 3.0
49 8 56.0
49 9 2.0
49 12 1.0
49 14 39.0
49 15 4.0
49 17 1.0
49 18 1.0
49 20 1.0
49 24 4.0
49 26 3.0
49 30 3.0
49 31 1.0
49 33 1.0
49 34 11.0
49 36 13.0
49 37 1.0
49 38 3.0
49 41 1.0
49 42 1.0
49 43 3.0
49 47 4.0
49 48 1.0
49 56 1.0
49 57 4.0
49 58 2.0
49 59 54.0
49 60 1.0
49 61 1.0
49 62 6.0
49 65 1.0
49 66 1.0
49 67 7.0
49 69 27.0
49 70 11.0
49 71 7.0
49 72 157.0
49 76 3.0
49 80 1.0
49 81 1.0
49 86 2.0
49 87 4.0
49 89 1.0
49 90 7.0
49 93 2.0
49 95 5.0
49 97 1.0
49 99 5.0
49 101 2.0
49 103 1.0
49 106 3.0
50 8 6.0
50 9 3.0
50 14 7.0
50 20 3.0
50 24 1.0
50 30 3.0
50 33 1.0
50 46 1.0
50 52 2.0
50 56 20.0
50 58 4.0
50 64 1.0
50 67 2.0
50 68 1.0
50 71 1.0
50 72 6.0
50 81 1.0
50 87 1.0
50 93 1.0
50 99 1.0
50 105 2.0
51 5 1.0
51 8 5.0
51 14 4.0
51 36 1.0
51 67 2.0
52 2 1.0
52 8 15.0
52 9 1.0
52 14 1.0
52 50 2.0
52 56 25.0
52 58 17.0
52 67 3.0
52 72 2.0
52 77 1.0
52 87 1.0
52 101 1.0
53 5 1.0
53 8 83.0
53 14 159.0
53 15 2.0
53 16 1.0
53 18 2.0
53 24 2.0
53 26 7.0
53 32 3.0
53 33 1.0
53 34 42.0
53 40 4.0
53 43 2.0
53 46 1.0
53 48 3.0
53 54 1.0
53 56 1.0
53 57 2.0
53 61 1.0
53 67 22.0
53 71 9.0
53 72 3.0
53 73 1.0
53 76 1.0
53 80 1.0
53 81 5.0
53 86 8.0
53 89 1.0
53 90 22.0
53 95 19.0
53 97 1.0
53 98 2.0
53 99 6.0
53 101 1.0
53 106 2.0
54 0 1.0
54 4 2.0
54 8 8.0
54 14 8.0
54 15 2.0
54 18 1.0
54 29 1.0
54 32 1.0
54 34 1.0
54 36 1.0
54 48 1.0
54 53 1.0
54 57 1.0
54 67 2.0
54 76 2.0
54 87 1.0
54 89 2.0
54 90 2.0
54 95 1.0
54 99 1.0
54 101 1.0
54 106 1.0
55 5 1.0
55 6 2.0
55 8 22.0
55 14 11.0
55 15 1.0
55 18 1.0
55 26 1.0
55 32 1.0
55 33 2.0
55 34 6.0
55 41 2.0
55 43 1.0
55 57 2.0
55 61 2.0
55 67 6.0
55 71 4.0
55 72 1.0
55 76 1.0
55 79 2.0
55 80 3.0
55 81 23.0
55 89 1.0
55 90 4.0
55 95 1.0
55 99 1.0
55 101 3.0
55 104 1.0
56 2 11.0
56 5 1.0
56 8 49.0
56 9 12.0
56 14 29.0
56 15 2.0
56 24 2.0
56 26 2.0
56 34 6.0
56 40 1.0
56 49 1.0
56 50 20.0
56 52 25.0
56 53 1.0
56 57 2.0
56 58 101.0
56 61 1.0
56 62 1.0
56 65 3.0
56 66 5.0
56 67 10.0
56 68 6.0
56 69 2.0
56 70 1.0
56 71 4.0
56 72 14.0
56 76 3.0
56 81 1.0
56 87 1.0
56 89 3.0
56 90 3.0
56 91 5.0
56 93 1.0
56 94 1.0
56 95 3.0
56 99 3.0
56 100 4.0
56 105 1.0
56 106 2.0
57 0 2.0
57 3 1.0
57 4 3.0
57 5 31.0
57 6 2.0
57 7 1.0
57 8 721.0
57 9 1.0
57 13 1.0
57 14 984.0
57 15 249.0
57 16 5.0
57 18 11.0
57 19 50.0
57 20 1.0
57 21 1.0
57 22 1.0
57 23 16.0
57 24 18.0
57 26 156.0
57 28 6.0
57 29 1.0
57 31 1.0
57 32 3.0
57 33 90.0
57 34 322.0
57 35 4.0
57 36 23.0
57 37 2.0
57 38 33.0
57 39 5.0
57 40 12.0
57 41 32.0
57 43 11.0
57 44 203.0
57 45 5.0
57 46 3.0
57 47 3.0
57 48 3.0
57 49 4.0
57 53 2.0
57 54 1.0
57 55 2.0
57 56 2.0
57 59 4.0
57 61 140.0
57 63 7.0
57 65 33.0
57 67 197.0
57 68 1.0
57 69 1.0
57 70 10.0
57 71 78.0
57 72 9.0
57 73 37.0
57 74 1.0
57 75 26.0
57 76 535.0
57 79 9.0
57 80 89.0
57 81 19.0
57 83 2.0
57 86 6.0
57 87 12.0
57 89 18.0
57 90 76.0
57 93 2.0
57 94 2.0
57 95 80.0
57 96 1.0
57 97 3.0
57 98 7.0
57 99 64.0
57 101 85.0
57 103 5.0
57 105 1.0
57 106 127.0
58 2 3.0
58 8 35.0
58 9 4.0
58 14 19.0
58 24 1.0
58 32 1.0
58 34 3.0
58 35 1.0
58 37 1.0
58 49 2.0
58 50 4.0
58 52 17.0
58 56 101.0
58 59 1.0
58 61 1.0
58 66 8.0
58 67 4.0
58 68 1.0
58 69 1.0
58 71 2.0
58 72 12.0
58 76 1.0
58 87 2.0
58 91 2.0
58 95 2.0
58 99 3.0
58 106 1.0
59 5 1.0
59 8 54.0
59 14 15.0
59 15 2.0
59 20 1.0
59 26 3.0
59 30 1.0
59 34 10.0
59 36 7.0
59 39 2.0
59 41 1.0
59 49 54.0
59 57 4.0
59 58 1.0
59 62 13.0
59 67 4.0
59 69 43.0
59 70 1.0
59 71 4.0
59 72 142.0
59 73 1.0
59 75 2.0
59 80 2.0
59 87 1.0
59 89 2.0
59 90 2.0
59 93 3.0
59 94 1.0
59 95 2.0
59 99 3.0
60 5 1.0
60 7 1.0
60 8 19.0
60 14 10.0
60 34 2.0
60 39 1.0
60 40 1.0
60 41 1.0
60 47 1.0
60 48 1.0
60 49 1.0
60 65 2.0
60 70 47.0
60 71 1.0
60 72 1.0
60 76 1.0
60 87 8.0
60 90 1.0
60 93 6.0
60 95 3.0
60 102 13.0
61 0 1.0
61 5 11.0
61 8 184.0
61 14 140.0
61 15 20.0
61 16 1.0
61 18 1.0
61 19 4.0
61 24 7.0
61 25 1.0
61 26 4.0
61 28 1.0
61 33 8.0
61 34 37.0
61 35 4.0
61 36 7.0
61 37 1.0
61 39 6.0
61 40 2.0
61 41 1.0
61 43 2.0
61 44 2.0
61 45 1.0
61 46 1.0
61 48 1.0
61 49 1.0
61 53 1.0
61 55 2.0
61 56 1.0
61 57 140.0
61 58 1.0
61 65 4.0
61 67 42.0
61 69 1.0
61 70 4.0
61 71 13.0
61 73 7.0
61 75 3.0
61 76 66.0
61 79 1.0
61 80 2.0
61 81 1.0
61 87 1.0
61 89 9.0
61 90 20.0
61 95 24.0
61 96 1.0
61 99 9.0
61 101 3.0
61 106 38.0
62 8 8.0
62 9 1.0
62 14 5.0
62 15 1.0
62 17 1.0
62 24 1.0
62 30 8.0
62 36 1.0
62 43 1.0
62 49 6.0
62 56 1.0
62 59 13.0
62 67 1.0
62 69 2.0
62 72 87.0
62 90 1.0
62 95 1.0
62 99 1.0
63 5 1.0
63 8 11.0
63 14 27.0
63 15 2.0
63 18 3.0
63 23 6.0
63 24 1.0
63 26 15.0
63 34 16.0
63 39 1.0
63 57 7.0
63 65 1.0
63 67 9.0
63 71 2.0
63 73 2.0
63 76 3.0
63 80 5.0
63 81 6.0
63 83 5.0
63 90 2.0
63 95 3.0
63 99 2.0
63 106 2.0
64 8 9.0
64 14 13.0
64 18 1.0
64 23 1.0
64 24 2.0
64 25 1.0
64 34 1.0
64 37 1.0
64 46 8.0
64 50 1.0
64 67 2.0
64 70 1.0
64 71 3.0
64 73 1.0
64 89 1.0
64 90 2.0
64 95 13.0
64 99 1.0
65 0 3.0
65 3 1.0
65 4 1.0
65 5 12.0
65 6 2.0
65 7 2.0
65 8 524.0
65 14 690.0
65 15 7.0
65 16 2.0
65 18 65.0
65 19 1.0
65 23 2.0
65 24 374.0
65 25 1.0
65 26 14.0
65 28 1.0
65 29 1.0
65 31 1.0
65 32 3.0
65 33 3.0
65 34 99.0
65 35 4.0
65 36 6.0
65 37 2.0
65 38 2.0
65 39 2.0
65 40 28.0
65 41 11.0
65 43 164.0
65 44 4.0
65 46 3.0
65 47 1.0
65 48 1.0
65 49 1.0
65 56 3.0
65 57 33.0
65 60 2.0
65 61 4.0
65 63 1.0
65 67 335.0
65 68 1.0
65 69 2.0
65 70 10.0
65 71 96.0
65 72 7.0
65 73 85.0
65 74 3.0
65 75 4.0
65 76 16.0
65 79 1.0
65 80 5.0
65 81 2.0
65 83 3.0
65 86 8.0
65 87 48.0
65 89 25.0
65 90 47.0
65 93 1.0
65 94 1.0
65 95 52.0
65 96 7.0
65 97 5.0
65 98 14.0
65 99 41.0
65 101 3.0
65 102 1.0
65 103 1.0
65 105 1.0
65 106 12.0
65 107 1.0
66 8 1.0
66 14 1.0
66 49 1.0
66 56 5.0
66 58 8.0
66 67 2.0
66 69 1.0
66 72 3.0
66 99 1.0
67 0 2.0
67 3 2.0
67 4 2.0
67 5 94.0
67 7 8.0
67 8 4947.0
67 9 3.0
67 10 2.0
67 13 7.0
67 14 6896.0
67 15 103.0
67 16 21.0
67 18 79.0
67 19 12.0
67 20 1.0
67 21 6.0
67 22 1.0
67 23 4.0
67 24 295.0
67 25 6.0
67 26 70.0
67 28 7.0
67 29 2.0
67 30 2.0
67 31 31.0
67 32 19.0
67 33 20.0
67 34 1033.0
67 35 11.0
67 36 54.0
67 37 11.0
67 38 13.0
67 39 11.0
67 40 51.0
67 41 37.0
67 43 316.0
67 44 25.0
67 45 5.0
67 46 13.0
67 47 3.0
67 48 7.0
67 49 7.0
67 50 2.0
67 51 2.0
67 52 3.0
67 53 22.0
67 54 2.0
67 55 6.0
67 56 10.0
67 57 197.0
67 58 4.0
67 59 4.0
67 61 42.0
67 62 1.0
67 63 9.0
67 64 2.0
67 65 335.0
67 66 2.0
67 68 1.0
67 69 14.0
67 70 38.0
67 71 408.0
67 72 54.0
67 73 132.0
67 74 3.0
67 75 11.0
67 76 110.0
67 77 1.0
67 79 2.0
67 80 27.0
67 81 25.0
67 83 2.0
67 86 11.0
67 87 73.0
67 89 86.0
67 90 380.0
67 92 1.0
67 93 6.0
67 94 21.0
67 95 771.0
67 96 18.0
67 97 14.0
67 98 107.0
67 99 606.0
67 100 1.0
67 101 22.0
67 102 4.0
67 103 7.0
67 104 3.0
67 106 95.0
67 107 6.0
68 2 1.0
68 8 8.0
68 14 1.0
68 33 1.0
68 50 1.0
68 56 6.0
68 57 1.0
68 58 1.0
68 65 1.0
68 67 1.0
68 72 2.0
68 95 2.0
69 5 1.0
69 8 50.0
69 9 1.0
69 14 49.0
69 15 3.0
69 20 1.0
69 21 1.0
69 24 1.0
69 26 2.0
69 30 7.0
69 34 7.0
69 36 4.0
69 37 1.0
69 41 7.0
69 43 1.0
69 47 2.0
69 49 27.0
69 56 2.0
69 57 1.0
69 58 1.0
69 59 43.0
69 61 1.0
69 62 2.0
69 65 2.0
69 66 1.0
69 67 14.0
69 70 5.0
69 71 7.0
69 72 148.0
69 73 1.0
69 75 2.0
69 76 3.0
69 81 1.0
69 83 1.0
69 87 2.0
69 89 1.0
69 90 2.0
69 93 3.0
69 95 6.0
69 99 2.0
70 3 1.0
70 5 94.0
70 7 10.0
70 8 337.0
70 9 1.0
70 12 1.0
70 14 135.0
70 15 6.0
70 16 1.0
70 18 6.0
70 19 3.0
70 20 1.0
70 21 2.0
70 22 1.0
70 24 4.0
70 26 3.0
70 27 9.0
70 28 1.0
70 29 1.0
70 34 24.0
70 36 101.0
70 37 2.0
70 39 4.0
70 41 5.0
70 43 4.0
70 44 1.0
70 47 8.0
70 48 6.0
70 49 11.0
70 56 1.0
70 57 10.0
70 59 1.0
70 60 47.0
70 61 4.0
70 64 1.0
70 65 10.0
70 67 38.0
70 69 5.0
70 71 12.0
70 72 9.0
70 73 5.0
70 75 2.0
70 76 7.0
70 77 1.0
70 80 1.0
70 81 3.0
70 82 1.0
70 87 37.0
70 89 8.0
70 90 13.0
70 93 13.0
70 95 14.0
70 98 1.0
70 99 13.0
70 101 1.0
70 102 38.0
70 103 1.0
70 106 7.0
71 0 3.0
71 3 2.0
71 5 31.0
71 7 7.0
71 8 1213.0
71 13 1.0
71 14 1739.0
71 15 34.0
71 16 15.0
71 18 108.0
71 19 7.0
71 21 2.0
71 23 2.0
71 24 65.0
71 25 4.0
71 26 24.0
71 27 1.0
71 28 7.0
71 31 3.0
71 32 5.0
71 33 5.0
71 34 1841.0
71 35 6.0
71 36 14.0
71 37 4.0
71 38 5.0
71 39 4.0
71 40 101.0
71 41 14.0
71 43 39.0
71 44 5.0
71 46 5.0
71 47 2.0
71 48 3.0
71 49 7.0
71 50 1.0
71 53 9.0
71 55 4.0
71 56 4.0
71 57 78.0
71 58 2.0
71 59 4.0
71 60 1.0
71 61 13.0
71 63 2.0
71 64 3.0
71 65 96.0
71 67 408.0
71 69 7.0
71 70 12.0
71 72 22.0
71 73 100.0
71 74 5.0
71 75 6.0
71 76 31.0
71 79 2.0
71 80 16.0
71 81 12.0
71 83 1.0
71 85 1.0
71 86 5.0
71 87 29.0
71 89 38.0
71 90 223.0
71 93 1.0
71 94 8.0
71 95 209.0
71 96 13.0
71 97 15.0
71 98 12.0
71 99 120.0
71 101 15.0
71 103 2.0
71 106 28.0
72 0 3.0
72 2 2.0
72 5 11.0
72 7 2.0
72 8 353.0
72 9 8.0
72 10 2.0
72 12 1.0
72 14 187.0
72 15 23.0
72 16 1.0
72 17 17.0
72 18 2.0
72 19 1.0
72 20 4.0
72 24 16.0
72 26 9.0
72 29 1.0
72 30 25.0
72 32 2.0
72 33 1.0
72 34 43.0
72 36 20.0
72 39 2.0
72 40 2.0
72 41 3.0
72 43 6.0
72 44 1.0
72 47 6.0
72 48 1.0
72 49 157.0
72 50 6.0
72 52 2.0
72 53 3.0
72 55 1.0
72 56 14.0
72 57 9.0
72 58 12.0
72 59 142.0
72 60 1.0
72 62 87.0
72 65 7.0
72 66 3.0
72 67 54.0
72 68 2.0
72 69 148.0
72 70 9.0
72 71 22.0
72 73 2.0
72 75 2.0
72 76 14.0
72 80 2.0
72 81 6.0
72 87 12.0
72 89 6.0
72 90 12.0
72 91 2.0
72 95 11.0
72 98 2.0
72 99 15.0
72 101 1.0
72 103 1.0
72 104 1.0
72 105 2.0
72 106 4.0
73 5 13.0
73 6 1.0
73 8 263.0
73 9 1.0
73 13 3.0
73 14 337.0
73 15 10.0
73 16 12.0
73 18 48.0
73 23 1.0
73 24 24.0
73 25 1.0
73 26 31.0
73 28 2.0
73 31 2.0
73 32 5.0
73 33 2.0
73 34 145.0
73 35 1.0
73 36 2.0
73 37 4.0
73 38 7.0
73 39 2.0
73 40 39.0
73 41 5.0
73 43 37.0
73 44 1.0
73 46 4.0
73 48 2.0
73 53 1.0
73 57 37.0
73 59 1.0
73 61 7.0
73 63 2.0
73 64 1.0
73 65 85.0
73 67 132.0
73 69 1.0
73 70 5.0
73 71 100.0
73 72 2.0
73 74 11.0
73 76 17.0
73 79 1.0
73 80 4.0
73 81 3.0
73 83 4.0
73 86 10.0
73 87 27.0
73 89 11.0
73 90 24.0
73 93 1.0
73 94 1.0
73 95 42.0
73 96 5.0
73 97 6.0
73 98 3.0
73 99 14.0
73 101 1.0
73 102 2.0
73 103 1.0
73 106 12.0
74 8 15.0
74 9 1.0
74 10 1.0
74 14 12.0
74 15 1.0
74 16 1.0
74 18 15.0
74 23 1.0
74 33 1.0
74 34 8.0
74 37 1.0
74 40 2.0
74 41 1.0
74 43 1.0
74 57 1.0
74 65 3.0
74 67 3.0
74 71 5.0
74 73 11.0
74 81 1.0
74 87 5.0
74 89 1.0
74 90 1.0
74 99 1.0
75 3 1.0
75 5 1.0
75 6 5.0
75 8 113.0
75 12 1.0
75 14 70.0
75 15 9.0
75 16 1.0
75 18 3.0
75 19 6.0
75 24 3.0
75 26 7.0
75 29 1.0
75 33 5.0
75 34 18.0
75 35 1.0
75 36 3.0
75 38 4.0
75 39 4.0
75 40 1.0
75 41 1.0
75 45 1.0
75 46 1.0
75 57 26.0
75 59 2.0
75 61 3.0
75 65 4.0
75 67 11.0
75 69 2.0
75 70 2.0
75 71 6.0
75 72 2.0
75 76 14.0
75 77 1.0
75 80 3.0
75 81 6.0
75 86 1.0
75 87 3.0
75 89 3.0
75 90 8.0
75 95 12.0
75 98 1.0
75 99 4.0
75 101 26.0
75 106 5.0
76 3 1.0
76 5 13.0
76 6 1.0
76 8 625.0
76 9 3.0
76 13 4.0
76 14 474.0
76 15 829.0
76 16 4.0
76 18 8.0
76 19 11.0
76 23 3.0
76 24 10.0
76 26 46.0
76 28 3.0
76 31 1.0
76 33 41.0
76 34 154.0
76 35 8.0
76 36 10.0
76 37 1.0
76 38 4.0
76 39 1.0
76 40 10.0
76 41 8.0
76 43 7.0
76 44 33.0
76 45 15.0
76 47 2.0
76 48 3.0
76 49 3.0
76 53 1.0
76 54 2.0
76 55 1.0
76 56 3.0
76 57 535.0
76 58 1.0
76 60 1.0
76 61 66.0
76 63 3.0
76 65 16.0
76 67 110.0
76 69 3.0
76 70 7.0
76 71 31.0
76 72 14.0
76 73 17.0
76 75 14.0
76 79 5.0
76 80 9.0
76 81 21.0
76 83 1.0
76 86 2.0
76 87 11.0
76 88 1.0
76 89 21.0
76 90 62.0
76 94 2.0
76 95 64.0
76 97 1.0
76 98 1.0
76 99 31.0
76 101 46.0
76 103 1.0
76 106 131.0
77 5 1.0
77 8 4.0
77 10 5.0
77 14 3.0
77 26 1.0
77 47 5.0
77 52 1.0
77 67 1.0
77 70 1.0
77 75 1.0
77 92 1.0
77 95 1.0
77 99 1.0
78 10 4.0
78 36 2.0
78 41 1.0
78 47 1.0
78 87 1.0
79 5 3.0
79 8 25.0
79 14 8.0
79 15 2.0
79 18 1.0
79 19 9.0
79 26 1.0
79 33 3.0
79 34 6.0
79 35 1.0
79 36 2.0
79 38 4.0
79 40 1.0
79 41 1.0
79 43 1.0
79 44 2.0
79 55 2.0
79 57 9.0
79 61 1.0
79 65 1.0
79 67 2.0
79 71 2.0
79 73 1.0
79 76 5.0
79 80 2.0
79 81 1.0
79 95 3.0
79 99 1.0
79 101 1.0
79 106 11.0
80 0 2.0
80 5 3.0
80 7 1.0
80 8 122.0
80 10 2.0
80 13 1.0
80 14 88.0
80 15 12.0
80 16 1.0
80 18 1.0
80 19 4.0
80 24 5.0
80 25 2.0
80 26 7.0
80 33 6.0
80 34 42.0
80 35 3.0
80 36 3.0
80 37 1.0
80 38 39.0
80 39 3.0
80 40 1.0
80 41 4.0
80 43 3.0
80 44 14.0
80 48 3.0
80 49 1.0
80 53 1.0
80 55 3.0
80 57 89.0
80 59 2.0
80 61 2.0
80 63 5.0
80 65 5.0
80 67 27.0
80 70 1.0
80 71 16.0
80 72 2.0
80 73 4.0
80 75 3.0
80 76 9.0
80 79 2.0
80 81 13.0
80 86 1.0
80 87 2.0
80 89 2.0
80 90 10.0
80 95 11.0
80 96 1.0
80 98 4.0
80 99 8.0
80 101 1.0
80 103 1.0
80 106 2.0
81 4 1.0
81 5 4.0
81 8 129.0
81 9 1.0
81 14 108.0
81 15 7.0
81 16 1.0
81 18 7.0
81 19 1.0
81 20 1.0
81 22 1.0
81 24 5.0
81 25 1.0
81 26 11.0
81 28 2.0
81 31 1.0
81 33 2.0
81 34 60.0
81 36 3.0
81 38 7.0
81 40 2.0
81 41 1.0
81 43 5.0
81 44 1.0
81 48 1.0
81 49 1.0
81 50 1.0
81 53 5.0
81 55 23.0
81 56 1.0
81 57 19.0
81 61 1.0
81 63 6.0
81 65 2.0
81 67 25.0
81 69 1.0
81 70 3.0
81 71 12.0
81 72 6.0
81 73 3.0
81 74 1.0
81 75 6.0
81 76 21.0
81 79 1.0
81 80 13.0
81 83 6.0
81 87 4.0
81 89 5.0
81 90 10.0
81 93 1.0
81 94 3.0
81 95 7.0
81 99 11.0
81 101 3.0
81 106 8.0
82 7 1.0
82 8 1.0
82 70 1.0
83 7 2.0
83 8 16.0
83 13 1.0
83 14 9.0
83 15 1.0
83 18 1.0
83 24 1.0
83 26 1.0
83 28 1.0
83 34 7.0
83 38 1.0
83 40 1.0
83 43 3.0
83 48 1.0
83 57 2.0
83 63 5.0
83 65 3.0
83 67 2.0
83 69 1.0
83 71 1.0
83 73 4.0
83 76 1.0
83 81 6.0
83 98 2.0
83 99 2.0
84 1 1.0
84 8 4.0
84 34 1.0
84 87 1.0
84 89 2.0
85 8 2.0
85 71 1.0
86 5 1.0
86 8 26.0
86 14 49.0
86 15 4.0
86 18 14.0
86 24 3.0
86 26 3.0
86 28 1.0
86 30 1.0
86 31 1.0
86 32 1.0
86 34 12.0
86 35 3.0
86 37 3.0
86 40 3.0
86 41 1.0
86 43 9.0
86 44 1.0
86 47 4.0
86 49 2.0
86 53 8.0
86 57 6.0
86 65 8.0
86 67 11.0
86 71 5.0
86 73 10.0
86 75 1.0
86 76 2.0
86 80 1.0
86 87 1.0
86 89 2.0
86 90 7.0
86 95 6.0
86 96 1.0
86 97 1.0
86 99 2.0
86 101 3.0
86 106 1.0
87 0 4.0
87 3 2.0
87 4 2.0
87 5 12.0
87 7 85.0
87 8 191.0
87 10 2.0
87 14 194.0
87 15 11.0
87 18 21.0
87 21 1.0
87 24 24.0
87 25 2.0
87 26 8.0
87 27 1.0
87 29 3.0
87 33 2.0
87 34 33.0
87 36 5.0
87 38 1.0
87 39 1.0
87 40 17.0
87 41 31.0
87 43 29.0
87 44 2.0
87 46 1.0
87 47 2.0
87 49 4.0
87 50 1.0
87 52 1.0
87 54 1.0
87 56 1.0
87 57 12.0
87 58 2.0
87 59 1.0
87 60 8.0
87 61 1.0
87 65 48.0
87 67 73.0
87 69 2.0
87 70 37.0
87 71 29.0
87 72 12.0
87 73 27.0
87 74 5.0
87 75 3.0
87 76 11.0
87 78 1.0
87 80 2.0
87 81 4.0
87 84 1.0
87 86 1.0
87 89 133.0
87 90 9.0
87 93 24.0
87 94 1.0
87 95 12.0
87 96 2.0
87 97 4.0
87 99 7.0
87 101 1.0
87 102 8.0
87 103 2.0
87 106 10.0
88 8 2.0
88 14 3.0
88 26 1.0
88 76 1.0
88 95 1.0
89 0 10.0
89 3 26.0
89 4 2.0
89 5 9.0
89 6 1.0
89 7 1.0
89 8 396.0
89 14 228.0
89 15 14.0
89 16 2.0
89 18 14.0
89 19 3.0
89 21 1.0
89 22 2.0
89 24 28.0
89 26 8.0
89 28 1.0
89 29 16.0
89 32 2.0
89 33 6.0
89 34 71.0
89 35 1.0
89 36 7.0
89 37 3.0
89 38 1.0
89 39 2.0
89 40 8.0
89 41 15.0
89 43 11.0
89 44 4.0
89 46 1.0
89 48 3.0
89 49 1.0
89 53 1.0
89 54 2.0
89 55 1.0
89 56 3.0
89 57 18.0
89 59 2.0
89 61 9.0
89 64 1.0
89 65 25.0
89 67 86.0
89 69 1.0
89 70 8.0
89 71 38.0
89 72 6.0
89 73 11.0
89 74 1.0
89 75 3.0
89 76 21.0
89 80 2.0
89 81 5.0
89 84 2.0
89 86 2.0
89 87 133.0
89 90 26.0
89 92 1.0
89 93 2.0
89 94 1.0
89 95 24.0
89 96 1.0
89 97 1.0
89 98 4.0
89 99 24.0
89 101 1.0
89 106 16.0
90 0 2.0
90 4 1.0
90 5 48.0
90 7 1.0
90 8 1736.0
90 10 1.0
90 13 2.0
90 14 1990.0
90 15 67.0
90 16 6.0
90 18 17.0
90 19 3.0
90 21 1.0
90 23 2.0
90 24 104.0
90 25 3.0
90 26 29.0
90 27 1.0
90 28 39.0
90 32 5.0
90 33 5.0
90 34 610.0
90 35 10.0
90 36 58.0
90 37 110.0
90 38 3.0
90 39 2.0
90 40 18.0
90 41 13.0
90 43 25.0
90 44 7.0
90 45 1.0
90 46 19.0
90 48 9.0
90 49 7.0
90 53 22.0
90 54 2.0
90 55 4.0
90 56 3.0
90 57 76.0
90 59 2.0
90 60 1.0
90 61 20.0
90 62 1.0
90 63 2.0
90 64 2.0
90 65 47.0
90 67 380.0
90 69 2.0
90 70 13.0
90 71 223.0
90 72 12.0
90 73 24.0
90 74 1.0
90 75 8.0
90 76 62.0
90 80 10.0
90 81 10.0
90 86 7.0
90 87 9.0
90 89 26.0
90 93 3.0
90 94 12.0
90 95 388.0
90 96 2.0
90 97 3.0
90 98 14.0
90 99 233.0
90 101 11.0
90 103 4.0
90 106 61.0
91 2 4.0
91 8 3.0
91 12 1.0
91 14 3.0
91 15 1.0
91 18 1.0
91 26 1.0
91 35 1.0
91 56 5.0
91 58 2.0
91 72 2.0
92 10 1.0
92 12 2.0
92 47 1.0
92 67 1.0
92 77 1.0
92 89 1.0
93 5 4.0
93 7 33.0
93 8 39.0
93 12 2.0
93 14 13.0
93 15 3.0
93 16 1.0
93 26 1.0
93 27 7.0
93 33 1.0
93 34 6.0
93 39 1.0
93 40 2.0
93 41 15.0
93 44 1.0
93 47 1.0
93 49 2.0
93 50 1.0
93 56 1.0
93 57 2.0
93 59 3.0
93 60 6.0
93 65 1.0
93 67 6.0
93 69 3.0
93 70 13.0
93 71 1.0
93 73 1.0
93 81 1.0
93 87 24.0
93 89 2.0
93 90 3.0
93 95 5.0
93 98 2.0
93 99 1.0
93 102 10.0
93 106 7.0
94 5 1.0
94 8 79.0
94 14 85.0
94 15 2.0
94 25 1.0
94 26 2.0
94 28 1.0
94 32 7.0
94 34 16.0
94 56 1.0
94 57 2.0
94 59 1.0
94 65 1.0
94 67 21.0
94 71 8.0
94 73 1.0
94 76 2.0
94 81 3.0
94 87 1.0
94 89 1.0
94 90 12.0
94 95 60.0
94 98 3.0
94 99 49.0
94 103 1.0
94 106 1.0
95 0 3.0
95 4 1.0
95 5 60.0
95 6 2.0
95 8 2704.0
95 10 2.0
95 13 3.0
95 14 2878.0
95 15 50.0
95 16 12.0
95 18 25.0
95 19 2.0
95 21 1.0
95 22 1.0
95 23 6.0
95 24 80.0
95 25 9.0
95 26 36.0
95 28 13.0
95 29 1.0
95 31 3.0
95 32 69.0
95 33 13.0
95 34 674.0
95 35 9.0
95 36 32.0
95 37 18.0
95 38 11.0
95 39 8.0
95 40 17.0
95 41 12.0
95 43 37.0
95 44 17.0
95 46 57.0
95 47 1.0
95 48 7.0
95 49 5.0
95 53 19.0
95 54 1.0
95 55 1.0
95 56 3.0
95 57 80.0
95 58 2.0
95 59 2.0
95 60 3.0
95 61 24.0
95 62 1.0
95 63 3.0
95 64 13.0
95 65 52.0
95 67 771.0
95 68 2.0
95 69 6.0
95 70 14.0
95 71 209.0
95 72 11.0
95 73 42.0
95 75 12.0
95 76 64.0
95 77 1.0
95 79 3.0
95 80 11.0
95 81 7.0
95 86 6.0
95 87 12.0
95 88 1.0
95 89 24.0
95 90 388.0
95 93 5.0
95 94 60.0
95 96 4.0
95 97 6.0
95 98 14.0
95 99 978.0
95 101 16.0
95 103 5.0
95 104 3.0
95 106 48.0
96 5 3.0
96 8 28.0
96 13 1.0
96 14 75.0
96 15 1.0
96 16 1.0
96 18 3.0
96 21 1.0
96 24 7.0
96 25 1.0
96 26 3.0
96 28 1.0
96 34 19.0
96 37 1.0
96 38 1.0
96 40 1.0
96 41 1.0
96 43 6.0
96 48 1.0
96 57 1.0
96 61 1.0
96 65 7.0
96 67 18.0
96 71 13.0
96 73 5.0
96 80 1.0
96 86 1.0
96 87 2.0
96 89 1.0
96 90 2.0
96 95 4.0
96 97 15.0
96 98 1.0
96 99 2.0
96 106 1.0
97 5 2.0
97 8 29.0
97 14 97.0
97 15 3.0
97 18 1.0
97 24 11.0
97 27 1.0
97 32 2.0
97 34 15.0
97 36 1.0
97 40 2.0
97 43 16.0
97 49 1.0
97 53 1.0
97 57 3.0
97 65 5.0
97 67 14.0
97 71 15.0
97 73 6.0
97 76 1.0
97 86 1.0
97 87 4.0
97 89 1.0
97 90 3.0
97 95 6.0
97 96 15.0
97 99 2.0
97 100 1.0
98 5 2.0
98 7 1.0
98 8 123.0
98 14 119.0
98 15 1.0
98 18 1.0
98 21 1.0
98 23 1.0
98 24 6.0
98 25 4.0
98 26 3.0
98 31 14.0
98 32 1.0
98 33 1.0
98 34 25.0
98 35 3.0
98 36 2.0
98 37 1.0
98 39 4.0
98 40 6.0
98 41 2.0
98 43 7.0
98 44 2.0
98 46 2.0
98 48 1.0
98 53 2.0
98 57 7.0
98 65 14.0
98 67 107.0
98 70 1.0
98 71 12.0
98 72 2.0
98 73 3.0
98 75 1.0
98 76 1.0
98 80 4.0
98 83 2.0
98 89 4.0
98 90 14.0
98 93 2.0
98 94 3.0
98 95 14.0
98 96 1.0
98 99 16.0
98 106 1.0
98 107 4.0
99 2 1.0
99 4 2.0
99 5 47.0
99 7 1.0
99 8 1780.0
99 9 1.0
99 13 1.0
99 14 2318.0
99 15 48.0
99 16 10.0
99 17 1.0
99 18 17.0
99 19 1.0
99 21 1.0
99 22 1.0
99 23 1.0
99 24 54.0
99 25 9.0
99 26 30.0
99 28 8.0
99 30 1.0
99 32 24.0
99 33 7.0
99 34 531.0
99 35 4.0
99 36 29.0
99 37 2.0
99 38 6.0
99 39 2.0
99 40 10.0
99 41 12.0
99 43 30.0
99 44 9.0
99 46 9.0
99 47 3.0
99 48 3.0
99 49 5.0
99 50 1.0
99 53 6.0
99 54 1.0
99 55 1.0
99 56 3.0
99 57 64.0
99 58 3.0
99 59 3.0
99 61 9.0
99 62 1.0
99 63 2.0
99 64 1.0
99 65 41.0
99 66 1.0
99 67 606.0
99 69 2.0
99 70 13.0
99 71 120.0
99 72 15.0
99 73 14.0
99 74 1.0
99 75 4.0
99 76 31.0
99 77 1.0
99 79 1.0
99 80 8.0
99 81 11.0
99 83 2.0
99 86 2.0
99 87 7.0
99 89 24.0
99 90 233.0
99 93 1.0
99 94 49.0
99 95 978.0
99 96 2.0
99 97 2.0
99 98 16.0
99 101 5.0
99 103 5.0
99 104 1.0
99 106 29.0
100 8 2.0
100 9 5.0
100 20 1.0
100 56 4.0
100 67 1.0
100 97 1.0
101 0 1.0
101 6 2.0
101 7 1.0
101 8 92.0
101 13 1.0
101 14 88.0
101 15 27.0
101 16 1.0
101 18 2.0
101 19 5.0
101 24 3.0
101 25 1.0
101 26 5.0
101 32 1.0
101 33 36.0
101 34 34.0
101 35 1.0
101 36 1.0
101 37 1.0
101 38 1.0
101 41 5.0
101 44 8.0
101 47 5.0
101 48 2.0
101 49 2.0
101 52 1.0
101 53 1.0
101 54 1.0
101 55 3.0
101 57 85.0
101 61 3.0
101 65 3.0
101 67 22.0
101 70 1.0
101 71 15.0
101 72 1.0
101 73 1.0
101 75 26.0
101 76 46.0
101 79 1.0
101 80 1.0
101 81 3.0
101 86 3.0
101 87 1.0
101 89 1.0
101 90 11.0
101 95 16.0
101 99 5.0
101 106 7.0
102 5 1.0
102 7 1.0
102 8 7.0
102 14 9.0
102 23 1.0
102 38 1.0
102 40 1.0
102 41 1.0
102 60 13.0
102 65 1.0
102 67 4.0
102 70 38.0
102 73 2.0
102 87 8.0
102 93 10.0
103 0 1.0
103 4 1.0
103 5 2.0
103 8 126.0
103 14 46.0
103 15 4.0
103 18 1.0
103 19 1.0
103 24 2.0
103 26 1.0
103 34 7.0
103 36 2.0
103 39 2.0
103 43 1.0
103 48 1.0
103 49 1.0
103 57 5.0
103 65 1.0
103 67 7.0
103 70 1.0
103 71 2.0
103 72 1.0
103 73 1.0
103 76 1.0
103 80 1.0
103 87 2.0
103 90 4.0
103 94 1.0
103 95 5.0
103 99 5.0
103 106 7.0
104 8 7.0
104 14 7.0
104 18 1.0
104 21 8.0
104 34 2.0
104 36 2.0
104 55 1.0
104 67 3.0
104 72 1.0
104 95 3.0
104 99 1.0
104 106 2.0
105 50 2.0
105 56 1.0
105 57 1.0
105 65 1.0
105 72 2.0
106 3 1.0
106 5 21.0
106 6 2.0
106 7 3.0
106 8 463.0
106 14 308.0
106 15 217.0
106 16 3.0
106 18 3.0
106 19 5.0
106 20 1.0
106 23 2.0
106 24 12.0
106 25 1.0
106 26 13.0
106 28 3.0
106 32 3.0
106 33 18.0
106 34 91.0
106 35 8.0
106 36 13.0
106 37 2.0
106 38 4.0
106 40 4.0
106 41 10.0
106 43 10.0
106 44 9.0
106 45 2.0
106 46 1.0
106 47 3.0
106 48 1.0
106 49 3.0
106 53 2.0
106 54 1.0
106 56 2.0
106 57 127.0
106 58 1.0
106 61 38.0
106 63 2.0
106 65 12.0
106 67 95.0
106 70 7.0
106 71 28.0
106 72 4.0
106 73 12.0
106 75 5.0
106 76 131.0
106 79 11.0
106 80 2.0
106 81 8.0
106 86 1.0
106 87 10.0
106 89 16.0
106 90 61.0
106 93 7.0
106 94 1.0
106 95 48.0
106 96 1.0
106 98 1.0
106 99 29.0
106 101 7.0
106 103 7.0
106 104 2.0
107 8 3.0
107 14 3.0
107 15 1.0
107 65 1.0
107 67 6.0
107 98 4.0
