,0,1,2,3,4,5,6,7,8,9,10,11,12,13,14,15,16,17,18,19,20,21,22,23,24,25,26,27,28,29,30,31,32,33,34,35,36,37,38,39,40,41,42,43,44,45,46,47,48,49,50,51,52,53,54,55,56,57,58,59,60,61,62,63,64,65,66,67,68,69,70,71,72,73,74,75,76,77,78,79,80,81,82,83,84,85,86,87,88,89,90,91,92,93,94,95,96,97,98,99,100,101,102,103,104,105,106,107,108,109,110,111,112,113,114
0,0,18.0,0.0,0.0,1.0,1.0,0.0,0.0,25.0,0.0,0.0,0.0,0.0,0.0,16.0,1.0,0.0,0.0,0.0,0.0,0.0,0.0,0.0,0.0,1.0,0.0,4.0,0.0,0.0,0.0,0.0,1.0,0.0,0.0,9.0,0.0,0.0,0.0,0.0,0.0,0.0,3.0,0.0,0.0,1.0,0.0,0.0,0.0,0.0,0.0,0.0,0.0,0.0,0.0,1.0,0.0,0.0,2.0,0.0,0.0,0.0,1.0,0.0,0.0,0.0,3.0,0.0,2.0,0.0,0.0,0.0,3.0,3.0,0.0,0.0,0.0,0.0,0.0,0.0,0.0,2.0,0.0,0.0,0.0,0.0,0.0,0.0,4.0,0.0,10.0,2.0,0.0,0.0,0.0,0.0,3.0,0.0,0.0,0.0,0.0,0.0,1.0,0.0,1.0,0.0,0.0,0.0,0.0,0.0,0.0,0.0,0.0,0.0,0.0,0.0
1,18.0,0,0.0,1.0,0.0,0.0,0.0,0.0,1.0,0.0,0.0,0.0,0.0,0.0,0.0,0.0,0.0,0.0,0.0,0.0,0.0,0.0,0.0,0.0,0.0,0.0,0.0,0.0,0.0,0.0,0.0,0.0,0.0,0.0,0.0,0.0,0.0,0.0,0.0,0.0,0.0,0.0,0.0,0.0,0.0,0.0,0.0,0.0,0.0,0.0,0.0,0.0,0.0,0.0,0.0,0.0,0.0,0.0,0.0,0.0,0.0,0.0,0.0,0.0,0.0,0.0,0.0,0.0,0.0,0.0,0.0,0.0,0.0,0.0,0.0,0.0,0.0,0.0,0.0,0.0,0.0,0.0,0.0,0.0,1.0,0.0,0.0,0.0,0.0,0.0,0.0,0.0,0.0,0.0,0.0,0.0,0.0,0.0,0.0,0.0,0.0,0.0,0.0,0.0,0.0,0.0,0.0,0.0,0.0,0.0,0.0,0.0,0.0,0.0,0.0
2,0.0,0.0,0,0.0,0.0,0.0,0.0,0.0,9.0,0.0,0.0,0.0,0.0,1.0,3.0,0.0,0.0,0.0,1.0,0.0,0.0,0.0,0.0,0.0,0.0,0.0,2.0,0.0,0.0,0.0,0.0,0.0,0.0,0.0,0.0,0.0,0.0,0.0,0.0,0.0,0.0,0.0,0.0,0.0,0.0,0.0,0.0,0.0,0.0,1.0,0.0,0.0,1.0,0.0,0.0,0.0,11.0,0.0,3.0,0.0,0.0,0.0,0.0,0.0,0.0,0.0,0.0,0.0,1.0,0.0,0.0,0.0,2.0,0.0,0.0,0.0,0.0,0.0,0.0,0.0,0.0,0.0,0.0,0.0,0.0,0.0,0.0,0.0,0.0,0.0,0.0,4.0,0.0,0.0,0.0,0.0,0.0,0.0,0.0,1.0,0.0,0.0,0.0,0.0,0.0,0.0,0.0,0.0,0.0,0.0,0.0,0.0,0.0,0.0,0.0
3,0.0,1.0,0.0,0,1.0,0.0,0.0,1.0,11.0,0.0,0.0,0.0,0.0,0.0,6.0,0.0,0.0,0.0,1.0,0.0,0.0,0.0,0.0,0.0,0.0,1.0,1.0,0.0,0.0,0.0,0.0,0.0,0.0,0.0,1.0,0.0,0.0,0.0,0.0,0.0,1.0,0.0,0.0,0.0,0.0,0.0,0.0,0.0,0.0,0.0,0.0,0.0,0.0,0.0,0.0,0.0,0.0,1.0,0.0,0.0,0.0,0.0,0.0,0.0,0.0,1.0,0.0,2.0,0.0,0.0,1.0,2.0,0.0,0.0,0.0,1.0,1.0,0.0,0.0,0.0,0.0,0.0,0.0,0.0,0.0,0.0,0.0,2.0,0.0,26.0,0.0,0.0,0.0,0.0,0.0,0.0,0.0,0.0,0.0,0.0,0.0,0.0,0.0,0.0,0.0,0.0,1.0,0.0,0.0,0.0,0.0,0.0,0.0,0.0,0.0
4,1.0,0.0,0.0,1.0,0,0.0,0.0,0.0,9.0,0.0,0.0,0.0,0.0,0.0,12.0,0.0,0.0,0.0,0.0,0.0,0.0,0.0,0.0,0.0,1.0,0.0,0.0,0.0,0.0,0.0,0.0,0.0,0.0,0.0,3.0,0.0,0.0,0.0,0.0,0.0,0.0,1.0,0.0,0.0,0.0,0.0,0.0,0.0,0.0,0.0,0.0,0.0,0.0,0.0,2.0,0.0,0.0,3.0,0.0,0.0,0.0,0.0,0.0,0.0,0.0,1.0,0.0,2.0,0.0,0.0,0.0,0.0,0.0,0.0,0.0,0.0,0.0,0.0,0.0,0.0,0.0,1.0,0.0,0.0,0.0,0.0,0.0,2.0,0.0,2.0,1.0,0.0,0.0,0.0,0.0,1.0,0.0,0.0,0.0,2.0,0.0,0.0,0.0,1.0,0.0,0.0,0.0,0.0,0.0,0.0,0.0,0.0,0.0,0.0,0.0
5,1.0,0.0,0.0,0.0,0.0,0,0.0,4.0,1183.0,1.0,0.0,0.0,0.0,1.0,407.0,27.0,4.0,0.0,3.0,2.0,0.0,0.0,1.0,0.0,16.0,1.0,11.0,1.0,2.0,0.0,0.0,0.0,0.0,4.0,75.0,1.0,132.0,0.0,2.0,14.0,1.0,12.0,0.0,12.0,5.0,0.0,0.0,3.0,52.0,3.0,0.0,1.0,0.0,1.0,0.0,1.0,1.0,31.0,0.0,1.0,1.0,11.0,0.0,1.0,0.0,12.0,0.0,94.0,0.0,1.0,94.0,31.0,11.0,13.0,0.0,1.0,13.0,1.0,0.0,3.0,3.0,4.0,0.0,0.0,0.0,0.0,1.0,12.0,0.0,9.0,48.0,0.0,0.0,4.0,1.0,60.0,3.0,2.0,2.0,47.0,0.0,0.0,1.0,2.0,0.0,0.0,21.0,0.0,0.0,0.0,0.0,0.0,0.0,0.0,0.0
6,0.0,0.0,0.0,0.0,0.0,0.0,0,0.0,5.0,0.0,0.0,0.0,0.0,0.0,2.0,0.0,0.0,0.0,0.0,0.0,0.0,0.0,0.0,0.0,2.0,0.0,0.0,0.0,0.0,0.0,0.0,0.0,0.0,0.0,0.0,0.0,0.0,0.0,0.0,0.0,0.0,0.0,0.0,0.0,0.0,0.0,0.0,0.0,0.0,0.0,0.0,0.0,0.0,0.0,0.0,2.0,0.0,2.0,0.0,0.0,0.0,0.0,0.0,0.0,0.0,2.0,0.0,0.0,0.0,0.0,0.0,0.0,0.0,1.0,0.0,5.0,1.0,0.0,0.0,0.0,0.0,0.0,0.0,0.0,0.0,0.0,0.0,0.0,0.0,1.0,0.0,0.0,0.0,0.0,0.0,2.0,0.0,0.0,0.0,0.0,0.0,2.0,0.0,0.0,0.0,0.0,2.0,0.0,0.0,0.0,0.0,0.0,0.0,0.0,0.0
7,0.0,0.0,0.0,1.0,0.0,4.0,0.0,0,40.0,0.0,0.0,0.0,0.0,0.0,18.0,2.0,0.0,0.0,2.0,0.0,0.0,0.0,0.0,0.0,2.0,0.0,3.0,0.0,0.0,2.0,0.0,0.0,0.0,0.0,2.0,0.0,2.0,1.0,0.0,0.0,0.0,16.0,0.0,1.0,0.0,0.0,0.0,0.0,3.0,0.0,0.0,0.0,0.0,0.0,0.0,0.0,0.0,1.0,0.0,0.0,1.0,0.0,0.0,0.0,0.0,2.0,0.0,8.0,0.0,0.0,10.0,7.0,2.0,0.0,0.0,0.0,0.0,0.0,0.0,0.0,1.0,0.0,1.0,2.0,0.0,0.0,0.0,85.0,0.0,1.0,1.0,0.0,0.0,33.0,0.0,0.0,0.0,0.0,1.0,1.0,0.0,1.0,1.0,0.0,0.0,0.0,3.0,0.0,0.0,0.0,0.0,0.0,0.0,0.0,0.0
8,25.0,1.0,9.0,11.0,9.0,1183.0,5.0,40.0,0,13.0,7.0,0.0,0.0,20.0,16120.0,522.0,88.0,1.0,179.0,67.0,1.0,9.0,8.0,29.0,528.0,40.0,335.0,1.0,52.0,10.0,7.0,10.0,41.0,100.0,3845.0,59.0,487.0,51.0,72.0,157.0,130.0,244.0,0.0,402.0,81.0,8.0,33.0,26.0,222.0,56.0,6.0,5.0,15.0,83.0,8.0,22.0,49.0,721.0,35.0,54.0,19.0,184.0,8.0,11.0,9.0,524.0,1.0,4947.0,8.0,50.0,337.0,1213.0,353.0,263.0,15.0,113.0,625.0,4.0,0.0,25.0,122.0,129.0,1.0,16.0,4.0,2.0,26.0,191.0,2.0,396.0,1736.0,3.0,0.0,39.0,79.0,2704.0,28.0,29.0,123.0,1780.0,2.0,92.0,7.0,126.0,7.0,0.0,463.0,3.0,0.0,0.0,0.0,0.0,0.0,0.0,0.0
9,0.0,0.0,0.0,0.0,0.0,1.0,0.0,0.0,13.0,0,0.0,0.0,0.0,0.0,7.0,1.0,1.0,0.0,0.0,0.0,0.0,0.0,0.0,0.0,1.0,0.0,0.0,0.0,0.0,0.0,1.0,0.0,0.0,0.0,2.0,0.0,1.0,0.0,1.0,0.0,0.0,1.0,0.0,0.0,0.0,0.0,0.0,0.0,0.0,2.0,3.0,0.0,1.0,0.0,0.0,0.0,12.0,1.0,4.0,0.0,0.0,0.0,1.0,0.0,0.0,0.0,0.0,3.0,0.0,1.0,1.0,0.0,8.0,1.0,1.0,0.0,3.0,0.0,0.0,0.0,0.0,1.0,0.0,0.0,0.0,0.0,0.0,0.0,0.0,0.0,0.0,0.0,0.0,0.0,0.0,0.0,0.0,0.0,0.0,1.0,5.0,0.0,0.0,0.0,0.0,0.0,0.0,0.0,0.0,0.0,0.0,0.0,0.0,0.0,0.0
10,0.0,0.0,0.0,0.0,0.0,0.0,0.0,0.0,7.0,0.0,0,0.0,2.0,0.0,3.0,0.0,0.0,0.0,0.0,0.0,0.0,0.0,0.0,0.0,0.0,0.0,1.0,0.0,0.0,0.0,0.0,0.0,0.0,0.0,1.0,0.0,0.0,0.0,0.0,0.0,0.0,1.0,0.0,0.0,0.0,0.0,0.0,17.0,0.0,0.0,0.0,0.0,0.0,0.0,0.0,0.0,0.0,0.0,0.0,0.0,0.0,0.0,0.0,0.0,0.0,0.0,0.0,2.0,0.0,0.0,0.0,0.0,2.0,0.0,1.0,0.0,0.0,5.0,4.0,0.0,2.0,0.0,0.0,0.0,0.0,0.0,0.0,2.0,0.0,0.0,1.0,0.0,1.0,0.0,0.0,2.0,0.0,0.0,0.0,0.0,0.0,0.0,0.0,0.0,0.0,0.0,0.0,0.0,0.0,0.0,0.0,0.0,0.0,0.0,0.0
11,0.0,0.0,0.0,0.0,0.0,0.0,0.0,0.0,0.0,0.0,0.0,0,0.0,0.0,0.0,0.0,0.0,0.0,0.0,0.0,0.0,0.0,0.0,0.0,0.0,0.0,0.0,0.0,0.0,0.0,0.0,0.0,0.0,0.0,0.0,0.0,0.0,0.0,0.0,0.0,0.0,0.0,0.0,0.0,0.0,0.0,0.0,0.0,0.0,0.0,0.0,0.0,0.0,0.0,0.0,0.0,0.0,0.0,0.0,0.0,0.0,0.0,0.0,0.0,0.0,0.0,0.0,0.0,0.0,0.0,0.0,0.0,0.0,0.0,0.0,0.0,0.0,0.0,0.0,0.0,0.0,0.0,0.0,0.0,0.0,0.0,0.0,0.0,0.0,0.0,0.0,0.0,0.0,0.0,0.0,0.0,0.0,0.0,0.0,0.0,0.0,0.0,0.0,0.0,0.0,0.0,0.0,0.0,0.0,0.0,0.0,0.0,0.0,0.0,0.0
12,0.0,0.0,0.0,0.0,0.0,0.0,0.0,0.0,0.0,0.0,2.0,0.0,0,0.0,2.0,0.0,0.0,0.0,0.0,0.0,0.0,0.0,0.0,0.0,0.0,0.0,0.0,0.0,0.0,0.0,0.0,0.0,0.0,0.0,0.0,0.0,0.0,0.0,0.0,0.0,0.0,0.0,0.0,0.0,0.0,0.0,0.0,2.0,0.0,1.0,0.0,0.0,0.0,0.0,0.0,0.0,0.0,0.0,0.0,0.0,0.0,0.0,0.0,0.0,0.0,0.0,0.0,0.0,0.0,0.0,1.0,0.0,1.0,0.0,0.0,1.0,0.0,0.0,0.0,0.0,0.0,0.0,0.0,0.0,0.0,0.0,0.0,0.0,0.0,0.0,0.0,1.0,2.0,2.0,0.0,0.0,0.0,0.0,0.0,0.0,0.0,0.0,0.0,0.0,0.0,0.0,0.0,0.0,0.0,0.0,0.0,0.0,0.0,0.0,0.0
13,0.0,0.0,1.0,0.0,0.0,1.0,0.0,0.0,20.0,0.0,0.0,0.0,0.0,0,30.0,1.0,1.0,0.0,1.0,0.0,0.0,0.0,0.0,0.0,1.0,0.0,2.0,0.0,0.0,0.0,0.0,0.0,0.0,0.0,11.0,0.0,2.0,0.0,1.0,0.0,2.0,0.0,0.0,3.0,1.0,0.0,0.0,0.0,0.0,0.0,0.0,0.0,0.0,0.0,0.0,0.0,0.0,1.0,0.0,0.0,0.0,0.0,0.0,0.0,0.0,0.0,0.0,7.0,0.0,0.0,0.0,1.0,0.0,3.0,0.0,0.0,4.0,0.0,0.0,0.0,1.0,0.0,0.0,1.0,0.0,0.0,0.0,0.0,0.0,0.0,2.0,0.0,0.0,0.0,0.0,3.0,1.0,0.0,0.0,1.0,0.0,1.0,0.0,0.0,0.0,0.0,0.0,0.0,0.0,0.0,0.0,0.0,0.0,0.0,0.0
14,16.0,0.0,3.0,6.0,12.0,407.0,2.0,18.0,16120.0,7.0,3.0,0.0,2.0,30.0,0,441.0,96.0,0.0,245.0,44.0,5.0,7.0,5.0,25.0,652.0,53.0,408.0,3.0,40.0,5.0,4.0,23.0,38.0,68.0,5685.0,46.0,331.0,46.0,19.0,44.0,204.0,140.0,1.0,623.0,81.0,10.0,54.0,15.0,48.0,39.0,7.0,4.0,1.0,159.0,8.0,11.0,29.0,984.0,19.0,15.0,10.0,140.0,5.0,27.0,13.0,690.0,1.0,6896.0,1.0,49.0,135.0,1739.0,187.0,337.0,12.0,70.0,474.0,3.0,0.0,8.0,88.0,108.0,0.0,9.0,0.0,0.0,49.0,194.0,3.0,228.0,1990.0,3.0,0.0,13.0,85.0,2878.0,75.0,97.0,119.0,2318.0,0.0,88.0,9.0,46.0,7.0,0.0,308.0,3.0,0.0,0.0,0.0,0.0,0.0,0.0,0.0
15,1.0,0.0,0.0,0.0,0.0,27.0,0.0,2.0,522.0,1.0,0.0,0.0,0.0,1.0,441.0,0,8.0,0.0,9.0,7.0,0.0,0.0,0.0,0.0,16.0,0.0,30.0,0.0,1.0,1.0,0.0,0.0,1.0,31.0,142.0,8.0,15.0,4.0,7.0,3.0,6.0,11.0,0.0,9.0,20.0,12.0,3.0,0.0,2.0,4.0,0.0,0.0,0.0,2.0,2.0,1.0,2.0,249.0,0.0,2.0,0.0,20.0,1.0,2.0,0.0,7.0,0.0,103.0,0.0,3.0,6.0,34.0,23.0,10.0,1.0,9.0,829.0,0.0,0.0,2.0,12.0,7.0,0.0,1.0,0.0,0.0,4.0,11.0,0.0,14.0,67.0,1.0,0.0,3.0,2.0,50.0,1.0,3.0,1.0,48.0,0.0,27.0,0.0,4.0,0.0,0.0,217.0,1.0,0.0,0.0,0.0,0.0,0.0,0.0,0.0
16,0.0,0.0,0.0,0.0,0.0,4.0,0.0,0.0,88.0,1.0,0.0,0.0,0.0,1.0,96.0,8.0,0,0.0,4.0,0.0,0.0,0.0,0.0,2.0,9.0,0.0,1.0,1.0,0.0,0.0,0.0,0.0,0.0,1.0,49.0,2.0,1.0,1.0,0.0,0.0,30.0,3.0,0.0,1.0,0.0,0.0,1.0,1.0,1.0,0.0,0.0,0.0,0.0,1.0,0.0,0.0,0.0,5.0,0.0,0.0,0.0,1.0,0.0,0.0,0.0,2.0,0.0,21.0,0.0,0.0,1.0,15.0,1.0,12.0,1.0,1.0,4.0,0.0,0.0,0.0,1.0,1.0,0.0,0.0,0.0,0.0,0.0,0.0,0.0,2.0,6.0,0.0,0.0,1.0,0.0,12.0,1.0,0.0,0.0,10.0,0.0,1.0,0.0,0.0,0.0,0.0,3.0,0.0,0.0,0.0,0.0,0.0,0.0,0.0,0.0
17,0.0,0.0,0.0,0.0,0.0,0.0,0.0,0.0,1.0,0.0,0.0,0.0,0.0,0.0,0.0,0.0,0.0,0,0.0,0.0,0.0,0.0,0.0,0.0,0.0,0.0,0.0,0.0,0.0,0.0,0.0,0.0,0.0,0.0,0.0,0.0,0.0,0.0,0.0,0.0,0.0,0.0,0.0,0.0,0.0,0.0,0.0,1.0,0.0,1.0,0.0,0.0,0.0,0.0,0.0,0.0,0.0,0.0,0.0,0.0,0.0,0.0,1.0,0.0,0.0,0.0,0.0,0.0,0.0,0.0,0.0,0.0,17.0,0.0,0.0,0.0,0.0,0.0,0.0,0.0,0.0,0.0,0.0,0.0,0.0,0.0,0.0,0.0,0.0,0.0,0.0,0.0,0.0,0.0,0.0,0.0,0.0,0.0,0.0,1.0,0.0,0.0,0.0,0.0,0.0,0.0,0.0,0.0,0.0,0.0,0.0,0.0,0.0,0.0,0.0
18,0.0,0.0,1.0,1.0,0.0,3.0,0.0,2.0,179.0,0.0,0.0,0.0,0.0,1.0,245.0,9.0,4.0,0.0,0,1.0,0.0,0.0,0.0,0.0,27.0,0.0,6.0,0.0,0.0,0.0,0.0,2.0,4.0,2.0,95.0,1.0,2.0,3.0,1.0,2.0,46.0,3.0,0.0,16.0,2.0,0.0,5.0,0.0,0.0,1.0,0.0,0.0,0.0,2.0,1.0,1.0,0.0,11.0,0.0,0.0,0.0,1.0,0.0,3.0,1.0,65.0,0.0,79.0,0.0,0.0,6.0,108.0,2.0,48.0,15.0,3.0,8.0,0.0,0.0,1.0,1.0,7.0,0.0,1.0,0.0,0.0,14.0,21.0,0.0,14.0,17.0,1.0,0.0,0.0,0.0,25.0,3.0,1.0,1.0,17.0,0.0,2.0,0.0,1.0,1.0,0.0,3.0,0.0,0.0,0.0,0.0,0.0,0.0,0.0,0.0
19,0.0,0.0,0.0,0.0,0.0,2.0,0.0,0.0,67.0,0.0,0.0,0.0,0.0,0.0,44.0,7.0,0.0,0.0,1.0,0,0.0,1.0,0.0,1.0,0.0,0.0,2.0,1.0,0.0,0.0,0.0,0.0,1.0,33.0,23.0,1.0,1.0,0.0,4.0,0.0,0.0,0.0,0.0,1.0,3.0,0.0,0.0,0.0,0.0,0.0,0.0,0.0,0.0,0.0,0.0,0.0,0.0,50.0,0.0,0.0,0.0,4.0,0.0,0.0,0.0,1.0,0.0,12.0,0.0,0.0,3.0,7.0,1.0,0.0,0.0,6.0,11.0,0.0,0.0,9.0,4.0,1.0,0.0,0.0,0.0,0.0,0.0,0.0,0.0,3.0,3.0,0.0,0.0,0.0,0.0,2.0,0.0,0.0,0.0,1.0,0.0,5.0,0.0,1.0,0.0,0.0,5.0,0.0,0.0,0.0,0.0,0.0,0.0,0.0,0.0
20,0.0,0.0,0.0,0.0,0.0,0.0,0.0,0.0,1.0,0.0,0.0,0.0,0.0,0.0,5.0,0.0,0.0,0.0,0.0,0.0,0,0.0,0.0,0.0,0.0,0.0,0.0,0.0,0.0,0.0,0.0,0.0,0.0,0.0,1.0,0.0,0.0,0.0,0.0,0.0,0.0,0.0,0.0,0.0,0.0,0.0,0.0,0.0,0.0,1.0,3.0,0.0,0.0,0.0,0.0,0.0,0.0,1.0,0.0,1.0,0.0,0.0,0.0,0.0,0.0,0.0,0.0,1.0,0.0,1.0,1.0,0.0,4.0,0.0,0.0,0.0,0.0,0.0,0.0,0.0,0.0,1.0,0.0,0.0,0.0,0.0,0.0,0.0,0.0,0.0,0.0,0.0,0.0,0.0,0.0,0.0,0.0,0.0,0.0,0.0,1.0,0.0,0.0,0.0,0.0,0.0,1.0,0.0,0.0,0.0,0.0,0.0,0.0,0.0,0.0
21,0.0,0.0,0.0,0.0,0.0,0.0,0.0,0.0,9.0,0.0,0.0,0.0,0.0,0.0,7.0,0.0,0.0,0.0,0.0,1.0,0.0,0,0.0,0.0,1.0,0.0,0.0,0.0,1.0,0.0,0.0,0.0,0.0,1.0,6.0,0.0,1.0,2.0,1.0,0.0,0.0,0.0,0.0,0.0,0.0,0.0,0.0,0.0,0.0,0.0,0.0,0.0,0.0,0.0,0.0,0.0,0.0,1.0,0.0,0.0,0.0,0.0,0.0,0.0,0.0,0.0,0.0,6.0,0.0,1.0,2.0,2.0,0.0,0.0,0.0,0.0,0.0,0.0,0.0,0.0,0.0,0.0,0.0,0.0,0.0,0.0,0.0,1.0,0.0,1.0,1.0,0.0,0.0,0.0,0.0,1.0,1.0,0.0,1.0,1.0,0.0,0.0,0.0,0.0,8.0,0.0,0.0,0.0,0.0,0.0,0.0,0.0,0.0,0.0,0.0
22,0.0,0.0,0.0,0.0,0.0,1.0,0.0,0.0,8.0,0.0,0.0,0.0,0.0,0.0,5.0,0.0,0.0,0.0,0.0,0.0,0.0,0.0,0,0.0,0.0,0.0,0.0,0.0,0.0,0.0,0.0,0.0,0.0,0.0,1.0,0.0,0.0,0.0,0.0,0.0,0.0,0.0,0.0,0.0,0.0,0.0,0.0,0.0,0.0,0.0,0.0,0.0,0.0,0.0,0.0,0.0,0.0,1.0,0.0,0.0,0.0,0.0,0.0,0.0,0.0,0.0,0.0,1.0,0.0,0.0,1.0,0.0,0.0,0.0,0.0,0.0,0.0,0.0,0.0,0.0,0.0,1.0,0.0,0.0,0.0,0.0,0.0,0.0,0.0,2.0,0.0,0.0,0.0,0.0,0.0,1.0,0.0,0.0,0.0,1.0,0.0,0.0,0.0,0.0,0.0,0.0,0.0,0.0,0.0,0.0,0.0,0.0,0.0,0.0,0.0
23,0.0,0.0,0.0,0.0,0.0,0.0,0.0,0.0,29.0,0.0,0.0,0.0,0.0,0.0,25.0,0.0,2.0,0.0,0.0,1.0,0.0,0.0,0.0,0,2.0,0.0,55.0,0.0,0.0,0.0,0.0,0.0,0.0,0.0,11.0,0.0,2.0,0.0,1.0,0.0,1.0,0.0,0.0,0.0,0.0,0.0,0.0,0.0,0.0,0.0,0.0,0.0,0.0,0.0,0.0,0.0,0.0,16.0,0.0,0.0,0.0,0.0,0.0,6.0,1.0,2.0,0.0,4.0,0.0,0.0,0.0,2.0,0.0,1.0,1.0,0.0,3.0,0.0,0.0,0.0,0.0,0.0,0.0,0.0,0.0,0.0,0.0,0.0,0.0,0.0,2.0,0.0,0.0,0.0,0.0,6.0,0.0,0.0,1.0,1.0,0.0,0.0,1.0,0.0,0.0,0.0,2.0,0.0,0.0,0.0,0.0,0.0,0.0,0.0,0.0
24,1.0,0.0,0.0,0.0,1.0,16.0,2.0,2.0,528.0,1.0,0.0,0.0,0.0,1.0,652.0,16.0,9.0,0.0,27.0,0.0,0.0,1.0,0.0,2.0,0,1.0,8.0,1.0,1.0,1.0,0.0,2.0,6.0,1.0,120.0,1.0,5.0,1.0,5.0,3.0,21.0,6.0,0.0,113.0,4.0,0.0,4.0,0.0,3.0,4.0,1.0,0.0,0.0,2.0,0.0,0.0,2.0,18.0,1.0,0.0,0.0,7.0,1.0,1.0,2.0,374.0,0.0,295.0,0.0,1.0,4.0,65.0,16.0,24.0,0.0,3.0,10.0,0.0,0.0,0.0,5.0,5.0,0.0,1.0,0.0,0.0,3.0,24.0,0.0,28.0,104.0,0.0,0.0,0.0,0.0,80.0,7.0,11.0,6.0,54.0,0.0,3.0,0.0,2.0,0.0,0.0,12.0,0.0,0.0,0.0,0.0,0.0,0.0,0.0,0.0
25,0.0,0.0,0.0,1.0,0.0,1.0,0.0,0.0,40.0,0.0,0.0,0.0,0.0,0.0,53.0,0.0,0.0,0.0,0.0,0.0,0.0,0.0,0.0,0.0,1.0,0,0.0,0.0,0.0,0.0,0.0,1.0,0.0,0.0,17.0,0.0,0.0,0.0,0.0,1.0,1.0,0.0,0.0,0.0,0.0,0.0,2.0,0.0,0.0,0.0,0.0,0.0,0.0,0.0,0.0,0.0,0.0,0.0,0.0,0.0,0.0,1.0,0.0,0.0,1.0,1.0,0.0,6.0,0.0,0.0,0.0,4.0,0.0,1.0,0.0,0.0,0.0,0.0,0.0,0.0,2.0,1.0,0.0,0.0,0.0,0.0,0.0,2.0,0.0,0.0,3.0,0.0,0.0,0.0,1.0,9.0,1.0,0.0,4.0,9.0,0.0,1.0,0.0,0.0,0.0,0.0,1.0,0.0,0.0,0.0,0.0,0.0,0.0,0.0,0.0
26,4.0,0.0,2.0,1.0,0.0,11.0,0.0,3.0,335.0,0.0,1.0,0.0,0.0,2.0,408.0,30.0,1.0,0.0,6.0,2.0,0.0,0.0,0.0,55.0,8.0,0.0,0,0.0,0.0,0.0,0.0,2.0,1.0,6.0,155.0,2.0,10.0,1.0,8.0,0.0,9.0,4.0,0.0,9.0,5.0,0.0,0.0,0.0,1.0,3.0,0.0,0.0,0.0,7.0,0.0,1.0,2.0,156.0,0.0,3.0,0.0,4.0,0.0,15.0,0.0,14.0,0.0,70.0,0.0,2.0,3.0,24.0,9.0,31.0,0.0,7.0,46.0,1.0,0.0,1.0,7.0,11.0,0.0,1.0,0.0,0.0,3.0,8.0,1.0,8.0,29.0,1.0,0.0,1.0,2.0,36.0,3.0,0.0,3.0,30.0,0.0,5.0,0.0,1.0,0.0,0.0,13.0,0.0,0.0,0.0,0.0,0.0,0.0,0.0,0.0
27,0.0,0.0,0.0,0.0,0.0,1.0,0.0,0.0,1.0,0.0,0.0,0.0,0.0,0.0,3.0,0.0,1.0,0.0,0.0,1.0,0.0,0.0,0.0,0.0,1.0,0.0,0.0,0,0.0,0.0,0.0,0.0,0.0,0.0,2.0,0.0,1.0,0.0,0.0,0.0,0.0,5.0,0.0,0.0,0.0,0.0,0.0,0.0,0.0,0.0,0.0,0.0,0.0,0.0,0.0,0.0,0.0,0.0,0.0,0.0,0.0,0.0,0.0,0.0,0.0,0.0,0.0,0.0,0.0,0.0,9.0,1.0,0.0,0.0,0.0,0.0,0.0,0.0,0.0,0.0,0.0,0.0,0.0,0.0,0.0,0.0,0.0,1.0,0.0,0.0,1.0,0.0,0.0,7.0,0.0,0.0,0.0,1.0,0.0,0.0,0.0,0.0,0.0,0.0,0.0,0.0,0.0,0.0,0.0,0.0,0.0,0.0,0.0,0.0,0.0
28,0.0,0.0,0.0,0.0,0.0,2.0,0.0,0.0,52.0,0.0,0.0,0.0,0.0,0.0,40.0,1.0,0.0,0.0,0.0,0.0,0.0,1.0,0.0,0.0,1.0,0.0,0.0,0.0,0,0.0,0.0,0.0,2.0,0.0,43.0,0.0,0.0,2.0,0.0,2.0,0.0,1.0,0.0,4.0,0.0,0.0,0.0,0.0,0.0,0.0,0.0,0.0,0.0,0.0,0.0,0.0,0.0,6.0,0.0,0.0,0.0,1.0,0.0,0.0,0.0,1.0,0.0,7.0,0.0,0.0,1.0,7.0,0.0,2.0,0.0,0.0,3.0,0.0,0.0,0.0,0.0,2.0,0.0,1.0,0.0,0.0,1.0,0.0,0.0,1.0,39.0,0.0,0.0,0.0,1.0,13.0,1.0,0.0,0.0,8.0,0.0,0.0,0.0,0.0,0.0,0.0,3.0,0.0,0.0,0.0,0.0,0.0,0.0,0.0,0.0
29,0.0,0.0,0.0,0.0,0.0,0.0,0.0,2.0,10.0,0.0,0.0,0.0,0.0,0.0,5.0,1.0,0.0,0.0,0.0,0.0,0.0,0.0,0.0,0.0,1.0,0.0,0.0,0.0,0.0,0,0.0,0.0,0.0,1.0,0.0,0.0,0.0,0.0,0.0,0.0,0.0,0.0,0.0,0.0,0.0,0.0,0.0,0.0,0.0,0.0,0.0,0.0,0.0,0.0,1.0,0.0,0.0,1.0,0.0,0.0,0.0,0.0,0.0,0.0,0.0,1.0,0.0,2.0,0.0,0.0,1.0,0.0,1.0,0.0,0.0,1.0,0.0,0.0,0.0,0.0,0.0,0.0,0.0,0.0,0.0,0.0,0.0,3.0,0.0,16.0,0.0,0.0,0.0,0.0,0.0,1.0,0.0,0.0,0.0,0.0,0.0,0.0,0.0,0.0,0.0,0.0,0.0,0.0,0.0,0.0,0.0,0.0,0.0,0.0,0.0
30,0.0,0.0,0.0,0.0,0.0,0.0,0.0,0.0,7.0,1.0,0.0,0.0,0.0,0.0,4.0,0.0,0.0,0.0,0.0,0.0,0.0,0.0,0.0,0.0,0.0,0.0,0.0,0.0,0.0,0.0,0,0.0,0.0,0.0,2.0,0.0,0.0,0.0,0.0,0.0,0.0,0.0,0.0,0.0,0.0,0.0,0.0,1.0,0.0,3.0,3.0,0.0,0.0,0.0,0.0,0.0,0.0,0.0,0.0,1.0,0.0,0.0,8.0,0.0,0.0,0.0,0.0,2.0,0.0,7.0,0.0,0.0,25.0,0.0,0.0,0.0,0.0,0.0,0.0,0.0,0.0,0.0,0.0,0.0,0.0,0.0,1.0,0.0,0.0,0.0,0.0,0.0,0.0,0.0,0.0,0.0,0.0,0.0,0.0,1.0,0.0,0.0,0.0,0.0,0.0,0.0,0.0,0.0,0.0,0.0,0.0,0.0,0.0,0.0,0.0
31,1.0,0.0,0.0,0.0,0.0,0.0,0.0,0.0,10.0,0.0,0.0,0.0,0.0,0.0,23.0,0.0,0.0,0.0,2.0,0.0,0.0,0.0,0.0,0.0,2.0,1.0,2.0,0.0,0.0,0.0,0.0,0,1.0,0.0,3.0,0.0,0.0,0.0,0.0,1.0,2.0,1.0,0.0,7.0,0.0,0.0,0.0,0.0,0.0,1.0,0.0,0.0,0.0,0.0,0.0,0.0,0.0,1.0,0.0,0.0,0.0,0.0,0.0,0.0,0.0,1.0,0.0,31.0,0.0,0.0,0.0,3.0,0.0,2.0,0.0,0.0,1.0,0.0,0.0,0.0,0.0,1.0,0.0,0.0,0.0,0.0,1.0,0.0,0.0,0.0,0.0,0.0,0.0,0.0,0.0,3.0,0.0,0.0,14.0,0.0,0.0,0.0,0.0,0.0,0.0,0.0,0.0,0.0,0.0,0.0,0.0,0.0,0.0,0.0,0.0
32,0.0,0.0,0.0,0.0,0.0,0.0,0.0,0.0,41.0,0.0,0.0,0.0,0.0,0.0,38.0,1.0,0.0,0.0,4.0,1.0,0.0,0.0,0.0,0.0,6.0,0.0,1.0,0.0,2.0,0.0,0.0,1.0,0,0.0,6.0,0.0,0.0,2.0,0.0,0.0,2.0,1.0,0.0,5.0,0.0,0.0,18.0,0.0,0.0,0.0,0.0,0.0,0.0,3.0,1.0,1.0,0.0,3.0,1.0,0.0,0.0,0.0,0.0,0.0,0.0,3.0,0.0,19.0,0.0,0.0,0.0,5.0,2.0,5.0,0.0,0.0,0.0,0.0,0.0,0.0,0.0,0.0,0.0,0.0,0.0,0.0,1.0,0.0,0.0,2.0,5.0,0.0,0.0,0.0,7.0,69.0,0.0,2.0,1.0,24.0,0.0,1.0,0.0,0.0,0.0,0.0,3.0,0.0,0.0,0.0,0.0,0.0,0.0,0.0,0.0
33,0.0,0.0,0.0,0.0,0.0,4.0,0.0,0.0,100.0,0.0,0.0,0.0,0.0,0.0,68.0,31.0,1.0,0.0,2.0,33.0,0.0,1.0,0.0,0.0,1.0,0.0,6.0,0.0,0.0,1.0,0.0,0.0,0.0,0,25.0,2.0,4.0,2.0,4.0,0.0,2.0,2.0,0.0,0.0,2.0,0.0,0.0,1.0,1.0,1.0,1.0,0.0,0.0,1.0,0.0,2.0,0.0,90.0,0.0,0.0,0.0,8.0,0.0,0.0,0.0,3.0,0.0,20.0,1.0,0.0,0.0,5.0,1.0,2.0,1.0,5.0,41.0,0.0,0.0,3.0,6.0,2.0,0.0,0.0,0.0,0.0,0.0,2.0,0.0,6.0,5.0,0.0,0.0,1.0,0.0,13.0,0.0,0.0,1.0,7.0,0.0,36.0,0.0,0.0,0.0,0.0,18.0,0.0,0.0,0.0,0.0,0.0,0.0,0.0,0.0
34,9.0,0.0,0.0,1.0,3.0,75.0,0.0,2.0,3845.0,2.0,1.0,0.0,0.0,11.0,5685.0,142.0,49.0,0.0,95.0,23.0,1.0,6.0,1.0,11.0,120.0,17.0,155.0,2.0,43.0,0.0,2.0,3.0,6.0,25.0,0,9.0,57.0,13.0,12.0,12.0,132.0,20.0,0.0,93.0,19.0,0.0,11.0,4.0,7.0,11.0,0.0,0.0,0.0,42.0,1.0,6.0,6.0,322.0,3.0,10.0,2.0,37.0,0.0,16.0,1.0,99.0,0.0,1033.0,0.0,7.0,24.0,1841.0,43.0,145.0,8.0,18.0,154.0,0.0,0.0,6.0,42.0,60.0,0.0,7.0,1.0,0.0,12.0,33.0,0.0,71.0,610.0,0.0,0.0,6.0,16.0,674.0,19.0,15.0,25.0,531.0,0.0,34.0,0.0,7.0,2.0,0.0,91.0,0.0,0.0,0.0,0.0,0.0,0.0,0.0,0.0
35,0.0,0.0,0.0,0.0,0.0,1.0,0.0,0.0,59.0,0.0,0.0,0.0,0.0,0.0,46.0,8.0,2.0,0.0,1.0,1.0,0.0,0.0,0.0,0.0,1.0,0.0,2.0,0.0,0.0,0.0,0.0,0.0,0.0,2.0,9.0,0,2.0,1.0,0.0,1.0,2.0,1.0,0.0,1.0,1.0,0.0,0.0,0.0,0.0,0.0,0.0,0.0,0.0,0.0,0.0,0.0,0.0,4.0,1.0,0.0,0.0,4.0,0.0,0.0,0.0,4.0,0.0,11.0,0.0,0.0,0.0,6.0,0.0,1.0,0.0,1.0,8.0,0.0,0.0,1.0,3.0,0.0,0.0,0.0,0.0,0.0,3.0,0.0,0.0,1.0,10.0,1.0,0.0,0.0,0.0,9.0,0.0,0.0,3.0,4.0,0.0,1.0,0.0,0.0,0.0,0.0,8.0,0.0,0.0,0.0,0.0,0.0,0.0,0.0,0.0
36,0.0,0.0,0.0,0.0,0.0,132.0,0.0,2.0,487.0,1.0,0.0,0.0,0.0,2.0,331.0,15.0,1.0,0.0,2.0,1.0,0.0,1.0,0.0,2.0,5.0,0.0,10.0,1.0,0.0,0.0,0.0,0.0,0.0,4.0,57.0,2.0,0,0.0,2.0,5.0,2.0,3.0,0.0,5.0,2.0,0.0,0.0,3.0,2.0,13.0,0.0,1.0,0.0,0.0,1.0,0.0,0.0,23.0,0.0,7.0,0.0,7.0,1.0,0.0,0.0,6.0,0.0,54.0,0.0,4.0,101.0,14.0,20.0,2.0,0.0,3.0,10.0,0.0,2.0,2.0,3.0,3.0,0.0,0.0,0.0,0.0,0.0,5.0,0.0,7.0,58.0,0.0,0.0,0.0,0.0,32.0,0.0,1.0,2.0,29.0,0.0,1.0,0.0,2.0,2.0,0.0,13.0,0.0,0.0,0.0,0.0,0.0,0.0,0.0,0.0
37,0.0,0.0,0.0,0.0,0.0,0.0,0.0,1.0,51.0,0.0,0.0,0.0,0.0,0.0,46.0,4.0,1.0,0.0,3.0,0.0,0.0,2.0,0.0,0.0,1.0,0.0,1.0,0.0,2.0,0.0,0.0,0.0,2.0,2.0,13.0,1.0,0.0,0,0.0,0.0,1.0,1.0,0.0,3.0,0.0,0.0,4.0,0.0,0.0,1.0,0.0,0.0,0.0,0.0,0.0,0.0,0.0,2.0,1.0,0.0,0.0,1.0,0.0,0.0,1.0,2.0,0.0,11.0,0.0,1.0,2.0,4.0,0.0,4.0,1.0,0.0,1.0,0.0,0.0,0.0,1.0,0.0,0.0,0.0,0.0,0.0,3.0,0.0,0.0,3.0,110.0,0.0,0.0,0.0,0.0,18.0,1.0,0.0,1.0,2.0,0.0,1.0,0.0,0.0,0.0,0.0,2.0,0.0,0.0,0.0,0.0,0.0,0.0,0.0,0.0
38,0.0,0.0,0.0,0.0,0.0,2.0,0.0,0.0,72.0,1.0,0.0,0.0,0.0,1.0,19.0,7.0,0.0,0.0,1.0,4.0,0.0,1.0,0.0,1.0,5.0,0.0,8.0,0.0,0.0,0.0,0.0,0.0,0.0,4.0,12.0,0.0,2.0,0.0,0,0.0,2.0,1.0,0.0,0.0,5.0,0.0,0.0,0.0,0.0,3.0,0.0,0.0,0.0,0.0,0.0,0.0,0.0,33.0,0.0,0.0,0.0,0.0,0.0,0.0,0.0,2.0,0.0,13.0,0.0,0.0,0.0,5.0,0.0,7.0,0.0,4.0,4.0,0.0,0.0,4.0,39.0,7.0,0.0,1.0,0.0,0.0,0.0,1.0,0.0,1.0,3.0,0.0,0.0,0.0,0.0,11.0,1.0,0.0,0.0,6.0,0.0,1.0,1.0,0.0,0.0,0.0,4.0,0.0,0.0,0.0,0.0,0.0,0.0,0.0,0.0
39,0.0,0.0,0.0,0.0,0.0,14.0,0.0,0.0,157.0,0.0,0.0,0.0,0.0,0.0,44.0,3.0,0.0,0.0,2.0,0.0,0.0,0.0,0.0,0.0,3.0,1.0,0.0,0.0,2.0,0.0,0.0,1.0,0.0,0.0,12.0,1.0,5.0,0.0,0.0,0,0.0,3.0,0.0,0.0,1.0,0.0,1.0,0.0,16.0,0.0,0.0,0.0,0.0,0.0,0.0,0.0,0.0,5.0,0.0,2.0,1.0,6.0,0.0,1.0,0.0,2.0,0.0,11.0,0.0,0.0,4.0,4.0,2.0,2.0,0.0,4.0,1.0,0.0,0.0,0.0,3.0,0.0,0.0,0.0,0.0,0.0,0.0,1.0,0.0,2.0,2.0,0.0,0.0,1.0,0.0,8.0,0.0,0.0,4.0,2.0,0.0,0.0,0.0,2.0,0.0,0.0,0.0,0.0,0.0,0.0,0.0,0.0,0.0,0.0,0.0
40,0.0,0.0,0.0,1.0,0.0,1.0,0.0,0.0,130.0,0.0,0.0,0.0,0.0,2.0,204.0,6.0,30.0,0.0,46.0,0.0,0.0,0.0,0.0,1.0,21.0,1.0,9.0,0.0,0.0,0.0,0.0,2.0,2.0,2.0,132.0,2.0,2.0,1.0,2.0,0.0,0,2.0,0.0,13.0,2.0,0.0,5.0,0.0,0.0,0.0,0.0,0.0,0.0,4.0,0.0,0.0,1.0,12.0,0.0,0.0,1.0,2.0,0.0,0.0,0.0,28.0,0.0,51.0,0.0,0.0,0.0,101.0,2.0,39.0,2.0,1.0,10.0,0.0,0.0,1.0,1.0,2.0,0.0,1.0,0.0,0.0,3.0,17.0,0.0,8.0,18.0,0.0,0.0,2.0,0.0,17.0,1.0,2.0,6.0,10.0,0.0,0.0,1.0,0.0,0.0,0.0,4.0,0.0,0.0,0.0,0.0,0.0,0.0,0.0,0.0
41,3.0,0.0,0.0,0.0,1.0,12.0,0.0,16.0,244.0,1.0,1.0,0.0,0.0,0.0,140.0,11.0,3.0,0.0,3.0,0.0,0.0,0.0,0.0,0.0,6.0,0.0,4.0,5.0,1.0,0.0,0.0,1.0,1.0,2.0,20.0,1.0,3.0,1.0,1.0,3.0,2.0,0,0.0,2.0,4.0,0.0,0.0,2.0,3.0,1.0,0.0,0.0,0.0,0.0,0.0,2.0,0.0,32.0,0.0,1.0,1.0,1.0,0.0,0.0,0.0,11.0,0.0,37.0,0.0,7.0,5.0,14.0,3.0,5.0,1.0,1.0,8.0,0.0,1.0,1.0,4.0,1.0,0.0,0.0,0.0,0.0,1.0,31.0,0.0,15.0,13.0,0.0,0.0,15.0,0.0,12.0,1.0,0.0,2.0,12.0,0.0,5.0,1.0,0.0,0.0,0.0,10.0,0.0,0.0,0.0,0.0,0.0,0.0,0.0,0.0
42,0.0,0.0,0.0,0.0,0.0,0.0,0.0,0.0,0.0,0.0,0.0,0.0,0.0,0.0,1.0,0.0,0.0,0.0,0.0,0.0,0.0,0.0,0.0,0.0,0.0,0.0,0.0,0.0,0.0,0.0,0.0,0.0,0.0,0.0,0.0,0.0,0.0,0.0,0.0,0.0,0.0,0.0,0,0.0,0.0,0.0,0.0,0.0,0.0,1.0,0.0,0.0,0.0,0.0,0.0,0.0,0.0,0.0,0.0,0.0,0.0,0.0,0.0,0.0,0.0,0.0,0.0,0.0,0.0,0.0,0.0,0.0,0.0,0.0,0.0,0.0,0.0,0.0,0.0,0.0,0.0,0.0,0.0,0.0,0.0,0.0,0.0,0.0,0.0,0.0,0.0,0.0,0.0,0.0,0.0,0.0,0.0,0.0,0.0,0.0,0.0,0.0,0.0,0.0,0.0,0.0,0.0,0.0,0.0,0.0,0.0,0.0,0.0,0.0,0.0
43,0.0,0.0,0.0,0.0,0.0,12.0,0.0,1.0,402.0,0.0,0.0,0.0,0.0,3.0,623.0,9.0,1.0,0.0,16.0,1.0,0.0,0.0,0.0,0.0,113.0,0.0,9.0,0.0,4.0,0.0,0.0,7.0,5.0,0.0,93.0,1.0,5.0,3.0,0.0,0.0,13.0,2.0,0.0,0,0.0,0.0,5.0,2.0,0.0,3.0,0.0,0.0,0.0,2.0,0.0,1.0,0.0,11.0,0.0,0.0,0.0,2.0,1.0,0.0,0.0,164.0,0.0,316.0,0.0,1.0,4.0,39.0,6.0,37.0,1.0,0.0,7.0,0.0,0.0,1.0,3.0,5.0,0.0,3.0,0.0,0.0,9.0,29.0,0.0,11.0,25.0,0.0,0.0,0.0,0.0,37.0,6.0,16.0,7.0,30.0,0.0,0.0,0.0,1.0,0.0,0.0,10.0,0.0,0.0,0.0,0.0,0.0,0.0,0.0,0.0
44,1.0,0.0,0.0,0.0,0.0,5.0,0.0,0.0,81.0,0.0,0.0,0.0,0.0,1.0,81.0,20.0,0.0,0.0,2.0,3.0,0.0,0.0,0.0,0.0,4.0,0.0,5.0,0.0,0.0,0.0,0.0,0.0,0.0,2.0,19.0,1.0,2.0,0.0,5.0,1.0,2.0,4.0,0.0,0.0,0,0.0,0.0,0.0,1.0,0.0,0.0,0.0,0.0,0.0,0.0,0.0,0.0,203.0,0.0,0.0,0.0,2.0,0.0,0.0,0.0,4.0,0.0,25.0,0.0,0.0,1.0,5.0,1.0,1.0,0.0,0.0,33.0,0.0,0.0,2.0,14.0,1.0,0.0,0.0,0.0,0.0,1.0,2.0,0.0,4.0,7.0,0.0,0.0,1.0,0.0,17.0,0.0,0.0,2.0,9.0,0.0,8.0,0.0,0.0,0.0,0.0,9.0,0.0,0.0,0.0,0.0,0.0,0.0,0.0,0.0
45,0.0,0.0,0.0,0.0,0.0,0.0,0.0,0.0,8.0,0.0,0.0,0.0,0.0,0.0,10.0,12.0,0.0,0.0,0.0,0.0,0.0,0.0,0.0,0.0,0.0,0.0,0.0,0.0,0.0,0.0,0.0,0.0,0.0,0.0,0.0,0.0,0.0,0.0,0.0,0.0,0.0,0.0,0.0,0.0,0.0,0,0.0,0.0,0.0,0.0,0.0,0.0,0.0,0.0,0.0,0.0,0.0,5.0,0.0,0.0,0.0,1.0,0.0,0.0,0.0,0.0,0.0,5.0,0.0,0.0,0.0,0.0,0.0,0.0,0.0,1.0,15.0,0.0,0.0,0.0,0.0,0.0,0.0,0.0,0.0,0.0,0.0,0.0,0.0,0.0,1.0,0.0,0.0,0.0,0.0,0.0,0.0,0.0,0.0,0.0,0.0,0.0,0.0,0.0,0.0,0.0,2.0,0.0,0.0,0.0,0.0,0.0,0.0,0.0,0.0
46,0.0,0.0,0.0,0.0,0.0,0.0,0.0,0.0,33.0,0.0,0.0,0.0,0.0,0.0,54.0,3.0,1.0,0.0,5.0,0.0,0.0,0.0,0.0,0.0,4.0,2.0,0.0,0.0,0.0,0.0,0.0,0.0,18.0,0.0,11.0,0.0,0.0,4.0,0.0,1.0,5.0,0.0,0.0,5.0,0.0,0.0,0,0.0,0.0,0.0,1.0,0.0,0.0,1.0,0.0,0.0,0.0,3.0,0.0,0.0,0.0,1.0,0.0,0.0,8.0,3.0,0.0,13.0,0.0,0.0,0.0,5.0,0.0,4.0,0.0,1.0,0.0,0.0,0.0,0.0,0.0,0.0,0.0,0.0,0.0,0.0,0.0,1.0,0.0,1.0,19.0,0.0,0.0,0.0,0.0,57.0,0.0,0.0,2.0,9.0,0.0,0.0,0.0,0.0,0.0,0.0,1.0,0.0,0.0,0.0,0.0,0.0,0.0,0.0,0.0
47,0.0,0.0,0.0,0.0,0.0,3.0,0.0,0.0,26.0,0.0,17.0,0.0,2.0,0.0,15.0,0.0,1.0,1.0,0.0,0.0,0.0,0.0,0.0,0.0,0.0,0.0,0.0,0.0,0.0,0.0,1.0,0.0,0.0,1.0,4.0,0.0,3.0,0.0,0.0,0.0,0.0,2.0,0.0,2.0,0.0,0.0,0.0,0,0.0,4.0,0.0,0.0,0.0,0.0,0.0,0.0,0.0,3.0,0.0,0.0,1.0,0.0,0.0,0.0,0.0,1.0,0.0,3.0,0.0,2.0,8.0,2.0,6.0,0.0,0.0,0.0,2.0,5.0,1.0,0.0,0.0,0.0,0.0,0.0,0.0,0.0,4.0,2.0,0.0,0.0,0.0,0.0,1.0,1.0,0.0,1.0,0.0,0.0,0.0,3.0,0.0,5.0,0.0,0.0,0.0,0.0,3.0,0.0,0.0,0.0,0.0,0.0,0.0,0.0,0.0
48,0.0,0.0,0.0,0.0,0.0,52.0,0.0,3.0,222.0,0.0,0.0,0.0,0.0,0.0,48.0,2.0,1.0,0.0,0.0,0.0,0.0,0.0,0.0,0.0,3.0,0.0,1.0,0.0,0.0,0.0,0.0,0.0,0.0,1.0,7.0,0.0,2.0,0.0,0.0,16.0,0.0,3.0,0.0,0.0,1.0,0.0,0.0,0.0,0,1.0,0.0,0.0,0.0,3.0,1.0,0.0,0.0,3.0,0.0,0.0,1.0,1.0,0.0,0.0,0.0,1.0,0.0,7.0,0.0,0.0,6.0,3.0,1.0,2.0,0.0,0.0,3.0,0.0,0.0,0.0,3.0,1.0,0.0,1.0,0.0,0.0,0.0,0.0,0.0,3.0,9.0,0.0,0.0,0.0,0.0,7.0,1.0,0.0,1.0,3.0,0.0,2.0,0.0,1.0,0.0,0.0,1.0,0.0,0.0,0.0,0.0,0.0,0.0,0.0,0.0
49,0.0,0.0,1.0,0.0,0.0,3.0,0.0,0.0,56.0,2.0,0.0,0.0,1.0,0.0,39.0,4.0,0.0,1.0,1.0,0.0,1.0,0.0,0.0,0.0,4.0,0.0,3.0,0.0,0.0,0.0,3.0,1.0,0.0,1.0,11.0,0.0,13.0,1.0,3.0,0.0,0.0,1.0,1.0,3.0,0.0,0.0,0.0,4.0,1.0,0,0.0,0.0,0.0,0.0,0.0,0.0,1.0,4.0,2.0,54.0,1.0,1.0,6.0,0.0,0.0,1.0,1.0,7.0,0.0,27.0,11.0,7.0,157.0,0.0,0.0,0.0,3.0,0.0,0.0,0.0,1.0,1.0,0.0,0.0,0.0,0.0,2.0,4.0,0.0,1.0,7.0,0.0,0.0,2.0,0.0,5.0,0.0,1.0,0.0,5.0,0.0,2.0,0.0,1.0,0.0,0.0,3.0,0.0,0.0,0.0,0.0,0.0,0.0,0.0,0.0
50,0.0,0.0,0.0,0.0,0.0,0.0,0.0,0.0,6.0,3.0,0.0,0.0,0.0,0.0,7.0,0.0,0.0,0.0,0.0,0.0,3.0,0.0,0.0,0.0,1.0,0.0,0.0,0.0,0.0,0.0,3.0,0.0,0.0,1.0,0.0,0.0,0.0,0.0,0.0,0.0,0.0,0.0,0.0,0.0,0.0,0.0,1.0,0.0,0.0,0.0,0,0.0,2.0,0.0,0.0,0.0,20.0,0.0,4.0,0.0,0.0,0.0,0.0,0.0,1.0,0.0,0.0,2.0,1.0,0.0,0.0,1.0,6.0,0.0,0.0,0.0,0.0,0.0,0.0,0.0,0.0,1.0,0.0,0.0,0.0,0.0,0.0,1.0,0.0,0.0,0.0,0.0,0.0,1.0,0.0,0.0,0.0,0.0,0.0,1.0,0.0,0.0,0.0,0.0,0.0,2.0,0.0,0.0,0.0,0.0,0.0,0.0,0.0,0.0,0.0
51,0.0,0.0,0.0,0.0,0.0,1.0,0.0,0.0,5.0,0.0,0.0,0.0,0.0,0.0,4.0,0.0,0.0,0.0,0.0,0.0,0.0,0.0,0.0,0.0,0.0,0.0,0.0,0.0,0.0,0.0,0.0,0.0,0.0,0.0,0.0,0.0,1.0,0.0,0.0,0.0,0.0,0.0,0.0,0.0,0.0,0.0,0.0,0.0,0.0,0.0,0.0,0,0.0,0.0,0.0,0.0,0.0,0.0,0.0,0.0,0.0,0.0,0.0,0.0,0.0,0.0,0.0,2.0,0.0,0.0,0.0,0.0,0.0,0.0,0.0,0.0,0.0,0.0,0.0,0.0,0.0,0.0,0.0,0.0,0.0,0.0,0.0,0.0,0.0,0.0,0.0,0.0,0.0,0.0,0.0,0.0,0.0,0.0,0.0,0.0,0.0,0.0,0.0,0.0,0.0,0.0,0.0,0.0,0.0,0.0,0.0,0.0,0.0,0.0,0.0
52,0.0,0.0,1.0,0.0,0.0,0.0,0.0,0.0,15.0,1.0,0.0,0.0,0.0,0.0,1.0,0.0,0.0,0.0,0.0,0.0,0.0,0.0,0.0,0.0,0.0,0.0,0.0,0.0,0.0,0.0,0.0,0.0,0.0,0.0,0.0,0.0,0.0,0.0,0.0,0.0,0.0,0.0,0.0,0.0,0.0,0.0,0.0,0.0,0.0,0.0,2.0,0.0,0,0.0,0.0,0.0,25.0,0.0,17.0,0.0,0.0,0.0,0.0,0.0,0.0,0.0,0.0,3.0,0.0,0.0,0.0,0.0,2.0,0.0,0.0,0.0,0.0,1.0,0.0,0.0,0.0,0.0,0.0,0.0,0.0,0.0,0.0,1.0,0.0,0.0,0.0,0.0,0.0,0.0,0.0,0.0,0.0,0.0,0.0,0.0,0.0,1.0,0.0,0.0,0.0,0.0,0.0,0.0,0.0,0.0,0.0,0.0,0.0,0.0,0.0
53,0.0,0.0,0.0,0.0,0.0,1.0,0.0,0.0,83.0,0.0,0.0,0.0,0.0,0.0,159.0,2.0,1.0,0.0,2.0,0.0,0.0,0.0,0.0,0.0,2.0,0.0,7.0,0.0,0.0,0.0,0.0,0.0,3.0,1.0,42.0,0.0,0.0,0.0,0.0,0.0,4.0,0.0,0.0,2.0,0.0,0.0,1.0,0.0,3.0,0.0,0.0,0.0,0.0,0,1.0,0.0,1.0,2.0,0.0,0.0,0.0,1.0,0.0,0.0,0.0,0.0,0.0,22.0,0.0,0.0,0.0,9.0,3.0,1.0,0.0,0.0,1.0,0.0,0.0,0.0,1.0,5.0,0.0,0.0,0.0,0.0,8.0,0.0,0.0,1.0,22.0,0.0,0.0,0.0,0.0,19.0,0.0,1.0,2.0,6.0,0.0,1.0,0.0,0.0,0.0,0.0,2.0,0.0,0.0,0.0,0.0,0.0,0.0,0.0,0.0
54,1.0,0.0,0.0,0.0,2.0,0.0,0.0,0.0,8.0,0.0,0.0,0.0,0.0,0.0,8.0,2.0,0.0,0.0,1.0,0.0,0.0,0.0,0.0,0.0,0.0,0.0,0.0,0.0,0.0,1.0,0.0,0.0,1.0,0.0,1.0,0.0,1.0,0.0,0.0,0.0,0.0,0.0,0.0,0.0,0.0,0.0,0.0,0.0,1.0,0.0,0.0,0.0,0.0,1.0,0,0.0,0.0,1.0,0.0,0.0,0.0,0.0,0.0,0.0,0.0,0.0,0.0,2.0,0.0,0.0,0.0,0.0,0.0,0.0,0.0,0.0,2.0,0.0,0.0,0.0,0.0,0.0,0.0,0.0,0.0,0.0,0.0,1.0,0.0,2.0,2.0,0.0,0.0,0.0,0.0,1.0,0.0,0.0,0.0,1.0,0.0,1.0,0.0,0.0,0.0,0.0,1.0,0.0,0.0,0.0,0.0,0.0,0.0,0.0,0.0
55,0.0,0.0,0.0,0.0,0.0,1.0,2.0,0.0,22.0,0.0,0.0,0.0,0.0,0.0,11.0,1.0,0.0,0.0,1.0,0.0,0.0,0.0,0.0,0.0,0.0,0.0,1.0,0.0,0.0,0.0,0.0,0.0,1.0,2.0,6.0,0.0,0.0,0.0,0.0,0.0,0.0,2.0,0.0,1.0,0.0,0.0,0.0,0.0,0.0,0.0,0.0,0.0,0.0,0.0,0.0,0,0.0,2.0,0.0,0.0,0.0,2.0,0.0,0.0,0.0,0.0,0.0,6.0,0.0,0.0,0.0,4.0,1.0,0.0,0.0,0.0,1.0,0.0,0.0,2.0,3.0,23.0,0.0,0.0,0.0,0.0,0.0,0.0,0.0,1.0,4.0,0.0,0.0,0.0,0.0,1.0,0.0,0.0,0.0,1.0,0.0,3.0,0.0,0.0,1.0,0.0,0.0,0.0,0.0,0.0,0.0,0.0,0.0,0.0,0.0
56,0.0,0.0,11.0,0.0,0.0,1.0,0.0,0.0,49.0,12.0,0.0,0.0,0.0,0.0,29.0,2.0,0.0,0.0,0.0,0.0,0.0,0.0,0.0,0.0,2.0,0.0,2.0,0.0,0.0,0.0,0.0,0.0,0.0,0.0,6.0,0.0,0.0,0.0,0.0,0.0,1.0,0.0,0.0,0.0,0.0,0.0,0.0,0.0,0.0,1.0,20.0,0.0,25.0,1.0,0.0,0.0,0,2.0,101.0,0.0,0.0,1.0,1.0,0.0,0.0,3.0,5.0,10.0,6.0,2.0,1.0,4.0,14.0,0.0,0.0,0.0,3.0,0.0,0.0,0.0,0.0,1.0,0.0,0.0,0.0,0.0,0.0,1.0,0.0,3.0,3.0,5.0,0.0,1.0,1.0,3.0,0.0,0.0,0.0,3.0,4.0,0.0,0.0,0.0,0.0,1.0,2.0,0.0,0.0,0.0,0.0,0.0,0.0,0.0,0.0
57,2.0,0.0,0.0,1.0,3.0,31.0,2.0,1.0,721.0,1.0,0.0,0.0,0.0,1.0,984.0,249.0,5.0,0.0,11.0,50.0,1.0,1.0,1.0,16.0,18.0,0.0,156.0,0.0,6.0,1.0,0.0,1.0,3.0,90.0,322.0,4.0,23.0,2.0,33.0,5.0,12.0,32.0,0.0,11.0,203.0,5.0,3.0,3.0,3.0,4.0,0.0,0.0,0.0,2.0,1.0,2.0,2.0,0,0.0,4.0,0.0,140.0,0.0,7.0,0.0,33.0,0.0,197.0,1.0,1.0,10.0,78.0,9.0,37.0,1.0,26.0,535.0,0.0,0.0,9.0,89.0,19.0,0.0,2.0,0.0,0.0,6.0,12.0,0.0,18.0,76.0,0.0,0.0,2.0,2.0,80.0,1.0,3.0,7.0,64.0,0.0,85.0,0.0,5.0,0.0,1.0,127.0,0.0,0.0,0.0,0.0,0.0,0.0,0.0,0.0
58,0.0,0.0,3.0,0.0,0.0,0.0,0.0,0.0,35.0,4.0,0.0,0.0,0.0,0.0,19.0,0.0,0.0,0.0,0.0,0.0,0.0,0.0,0.0,0.0,1.0,0.0,0.0,0.0,0.0,0.0,0.0,0.0,1.0,0.0,3.0,1.0,0.0,1.0,0.0,0.0,0.0,0.0,0.0,0.0,0.0,0.0,0.0,0.0,0.0,2.0,4.0,0.0,17.0,0.0,0.0,0.0,101.0,0.0,0,1.0,0.0,1.0,0.0,0.0,0.0,0.0,8.0,4.0,1.0,1.0,0.0,2.0,12.0,0.0,0.0,0.0,1.0,0.0,0.0,0.0,0.0,0.0,0.0,0.0,0.0,0.0,0.0,2.0,0.0,0.0,0.0,2.0,0.0,0.0,0.0,2.0,0.0,0.0,0.0,3.0,0.0,0.0,0.0,0.0,0.0,0.0,1.0,0.0,0.0,0.0,0.0,0.0,0.0,0.0,0.0
59,0.0,0.0,0.0,0.0,0.0,1.0,0.0,0.0,54.0,0.0,0.0,0.0,0.0,0.0,15.0,2.0,0.0,0.0,0.0,0.0,1.0,0.0,0.0,0.0,0.0,0.0,3.0,0.0,0.0,0.0,1.0,0.0,0.0,0.0,10.0,0.0,7.0,0.0,0.0,2.0,0.0,1.0,0.0,0.0,0.0,0.0,0.0,0.0,0.0,54.0,0.0,0.0,0.0,0.0,0.0,0.0,0.0,4.0,1.0,0,0.0,0.0,13.0,0.0,0.0,0.0,0.0,4.0,0.0,43.0,1.0,4.0,142.0,1.0,0.0,2.0,0.0,0.0,0.0,0.0,2.0,0.0,0.0,0.0,0.0,0.0,0.0,1.0,0.0,2.0,2.0,0.0,0.0,3.0,1.0,2.0,0.0,0.0,0.0,3.0,0.0,0.0,0.0,0.0,0.0,0.0,0.0,0.0,0.0,0.0,0.0,0.0,0.0,0.0,0.0
60,0.0,0.0,0.0,0.0,0.0,1.0,0.0,1.0,19.0,0.0,0.0,0.0,0.0,0.0,10.0,0.0,0.0,0.0,0.0,0.0,0.0,0.0,0.0,0.0,0.0,0.0,0.0,0.0,0.0,0.0,0.0,0.0,0.0,0.0,2.0,0.0,0.0,0.0,0.0,1.0,1.0,1.0,0.0,0.0,0.0,0.0,0.0,1.0,1.0,1.0,0.0,0.0,0.0,0.0,0.0,0.0,0.0,0.0,0.0,0.0,0,0.0,0.0,0.0,0.0,2.0,0.0,0.0,0.0,0.0,47.0,1.0,1.0,0.0,0.0,0.0,1.0,0.0,0.0,0.0,0.0,0.0,0.0,0.0,0.0,0.0,0.0,8.0,0.0,0.0,1.0,0.0,0.0,6.0,0.0,3.0,0.0,0.0,0.0,0.0,0.0,0.0,13.0,0.0,0.0,0.0,0.0,0.0,0.0,0.0,0.0,0.0,0.0,0.0,0.0
61,1.0,0.0,0.0,0.0,0.0,11.0,0.0,0.0,184.0,0.0,0.0,0.0,0.0,0.0,140.0,20.0,1.0,0.0,1.0,4.0,0.0,0.0,0.0,0.0,7.0,1.0,4.0,0.0,1.0,0.0,0.0,0.0,0.0,8.0,37.0,4.0,7.0,1.0,0.0,6.0,2.0,1.0,0.0,2.0,2.0,1.0,1.0,0.0,1.0,1.0,0.0,0.0,0.0,1.0,0.0,2.0,1.0,140.0,1.0,0.0,0.0,0,0.0,0.0,0.0,4.0,0.0,42.0,0.0,1.0,4.0,13.0,0.0,7.0,0.0,3.0,66.0,0.0,0.0,1.0,2.0,1.0,0.0,0.0,0.0,0.0,0.0,1.0,0.0,9.0,20.0,0.0,0.0,0.0,0.0,24.0,1.0,0.0,0.0,9.0,0.0,3.0,0.0,0.0,0.0,0.0,38.0,0.0,0.0,0.0,0.0,0.0,0.0,0.0,0.0
62,0.0,0.0,0.0,0.0,0.0,0.0,0.0,0.0,8.0,1.0,0.0,0.0,0.0,0.0,5.0,1.0,0.0,1.0,0.0,0.0,0.0,0.0,0.0,0.0,1.0,0.0,0.0,0.0,0.0,0.0,8.0,0.0,0.0,0.0,0.0,0.0,1.0,0.0,0.0,0.0,0.0,0.0,0.0,1.0,0.0,0.0,0.0,0.0,0.0,6.0,0.0,0.0,0.0,0.0,0.0,0.0,1.0,0.0,0.0,13.0,0.0,0.0,0,0.0,0.0,0.0,0.0,1.0,0.0,2.0,0.0,0.0,87.0,0.0,0.0,0.0,0.0,0.0,0.0,0.0,0.0,0.0,0.0,0.0,0.0,0.0,0.0,0.0,0.0,0.0,1.0,0.0,0.0,0.0,0.0,1.0,0.0,0.0,0.0,1.0,0.0,0.0,0.0,0.0,0.0,0.0,0.0,0.0,0.0,0.0,0.0,0.0,0.0,0.0,0.0
63,0.0,0.0,0.0,0.0,0.0,1.0,0.0,0.0,11.0,0.0,0.0,0.0,0.0,0.0,27.0,2.0,0.0,0.0,3.0,0.0,0.0,0.0,0.0,6.0,1.0,0.0,15.0,0.0,0.0,0.0,0.0,0.0,0.0,0.0,16.0,0.0,0.0,0.0,0.0,1.0,0.0,0.0,0.0,0.0,0.0,0.0,0.0,0.0,0.0,0.0,0.0,0.0,0.0,0.0,0.0,0.0,0.0,7.0,0.0,0.0,0.0,0.0,0.0,0,0.0,1.0,0.0,9.0,0.0,0.0,0.0,2.0,0.0,2.0,0.0,0.0,3.0,0.0,0.0,0.0,5.0,6.0,0.0,5.0,0.0,0.0,0.0,0.0,0.0,0.0,2.0,0.0,0.0,0.0,0.0,3.0,0.0,0.0,0.0,2.0,0.0,0.0,0.0,0.0,0.0,0.0,2.0,0.0,0.0,0.0,0.0,0.0,0.0,0.0,0.0
64,0.0,0.0,0.0,0.0,0.0,0.0,0.0,0.0,9.0,0.0,0.0,0.0,0.0,0.0,13.0,0.0,0.0,0.0,1.0,0.0,0.0,0.0,0.0,1.0,2.0,1.0,0.0,0.0,0.0,0.0,0.0,0.0,0.0,0.0,1.0,0.0,0.0,1.0,0.0,0.0,0.0,0.0,0.0,0.0,0.0,0.0,8.0,0.0,0.0,0.0,1.0,0.0,0.0,0.0,0.0,0.0,0.0,0.0,0.0,0.0,0.0,0.0,0.0,0.0,0,0.0,0.0,2.0,0.0,0.0,1.0,3.0,0.0,1.0,0.0,0.0,0.0,0.0,0.0,0.0,0.0,0.0,0.0,0.0,0.0,0.0,0.0,0.0,0.0,1.0,2.0,0.0,0.0,0.0,0.0,13.0,0.0,0.0,0.0,1.0,0.0,0.0,0.0,0.0,0.0,0.0,0.0,0.0,0.0,0.0,0.0,0.0,0.0,0.0,0.0
65,3.0,0.0,0.0,1.0,1.0,12.0,2.0,2.0,524.0,0.0,0.0,0.0,0.0,0.0,690.0,7.0,2.0,0.0,65.0,1.0,0.0,0.0,0.0,2.0,374.0,1.0,14.0,0.0,1.0,1.0,0.0,1.0,3.0,3.0,99.0,4.0,6.0,2.0,2.0,2.0,28.0,11.0,0.0,164.0,4.0,0.0,3.0,1.0,1.0,1.0,0.0,0.0,0.0,0.0,0.0,0.0,3.0,33.0,0.0,0.0,2.0,4.0,0.0,1.0,0.0,0,0.0,335.0,1.0,2.0,10.0,96.0,7.0,85.0,3.0,4.0,16.0,0.0,0.0,1.0,5.0,2.0,0.0,3.0,0.0,0.0,8.0,48.0,0.0,25.0,47.0,0.0,0.0,1.0,1.0,52.0,7.0,5.0,14.0,41.0,0.0,3.0,1.0,1.0,0.0,1.0,12.0,1.0,0.0,0.0,0.0,0.0,0.0,0.0,0.0
66,0.0,0.0,0.0,0.0,0.0,0.0,0.0,0.0,1.0,0.0,0.0,0.0,0.0,0.0,1.0,0.0,0.0,0.0,0.0,0.0,0.0,0.0,0.0,0.0,0.0,0.0,0.0,0.0,0.0,0.0,0.0,0.0,0.0,0.0,0.0,0.0,0.0,0.0,0.0,0.0,0.0,0.0,0.0,0.0,0.0,0.0,0.0,0.0,0.0,1.0,0.0,0.0,0.0,0.0,0.0,0.0,5.0,0.0,8.0,0.0,0.0,0.0,0.0,0.0,0.0,0.0,0,2.0,0.0,1.0,0.0,0.0,3.0,0.0,0.0,0.0,0.0,0.0,0.0,0.0,0.0,0.0,0.0,0.0,0.0,0.0,0.0,0.0,0.0,0.0,0.0,0.0,0.0,0.0,0.0,0.0,0.0,0.0,0.0,1.0,0.0,0.0,0.0,0.0,0.0,0.0,0.0,0.0,0.0,0.0,0.0,0.0,0.0,0.0,0.0
67,2.0,0.0,0.0,2.0,2.0,94.0,0.0,8.0,4947.0,3.0,2.0,0.0,0.0,7.0,6896.0,103.0,21.0,0.0,79.0,12.0,1.0,6.0,1.0,4.0,295.0,6.0,70.0,0.0,7.0,2.0,2.0,31.0,19.0,20.0,1033.0,11.0,54.0,11.0,13.0,11.0,51.0,37.0,0.0,316.0,25.0,5.0,13.0,3.0,7.0,7.0,2.0,2.0,3.0,22.0,2.0,6.0,10.0,197.0,4.0,4.0,0.0,42.0,1.0,9.0,2.0,335.0,2.0,0,1.0,14.0,38.0,408.0,54.0,132.0,3.0,11.0,110.0,1.0,0.0,2.0,27.0,25.0,0.0,2.0,0.0,0.0,11.0,73.0,0.0,86.0,380.0,0.0,1.0,6.0,21.0,771.0,18.0,14.0,107.0,606.0,1.0,22.0,4.0,7.0,3.0,0.0,95.0,6.0,0.0,0.0,0.0,0.0,0.0,0.0,0.0
68,0.0,0.0,1.0,0.0,0.0,0.0,0.0,0.0,8.0,0.0,0.0,0.0,0.0,0.0,1.0,0.0,0.0,0.0,0.0,0.0,0.0,0.0,0.0,0.0,0.0,0.0,0.0,0.0,0.0,0.0,0.0,0.0,0.0,1.0,0.0,0.0,0.0,0.0,0.0,0.0,0.0,0.0,0.0,0.0,0.0,0.0,0.0,0.0,0.0,0.0,1.0,0.0,0.0,0.0,0.0,0.0,6.0,1.0,1.0,0.0,0.0,0.0,0.0,0.0,0.0,1.0,0.0,1.0,0,0.0,0.0,0.0,2.0,0.0,0.0,0.0,0.0,0.0,0.0,0.0,0.0,0.0,0.0,0.0,0.0,0.0,0.0,0.0,0.0,0.0,0.0,0.0,0.0,0.0,0.0,2.0,0.0,0.0,0.0,0.0,0.0,0.0,0.0,0.0,0.0,0.0,0.0,0.0,0.0,0.0,0.0,0.0,0.0,0.0,0.0
69,0.0,0.0,0.0,0.0,0.0,1.0,0.0,0.0,50.0,1.0,0.0,0.0,0.0,0.0,49.0,3.0,0.0,0.0,0.0,0.0,1.0,1.0,0.0,0.0,1.0,0.0,2.0,0.0,0.0,0.0,7.0,0.0,0.0,0.0,7.0,0.0,4.0,1.0,0.0,0.0,0.0,7.0,0.0,1.0,0.0,0.0,0.0,2.0,0.0,27.0,0.0,0.0,0.0,0.0,0.0,0.0,2.0,1.0,1.0,43.0,0.0,1.0,2.0,0.0,0.0,2.0,1.0,14.0,0.0,0,5.0,7.0,148.0,1.0,0.0,2.0,3.0,0.0,0.0,0.0,0.0,1.0,0.0,1.0,0.0,0.0,0.0,2.0,0.0,1.0,2.0,0.0,0.0,3.0,0.0,6.0,0.0,0.0,0.0,2.0,0.0,0.0,0.0,0.0,0.0,0.0,0.0,0.0,0.0,0.0,0.0,0.0,0.0,0.0,0.0
70,0.0,0.0,0.0,1.0,0.0,94.0,0.0,10.0,337.0,1.0,0.0,0.0,1.0,0.0,135.0,6.0,1.0,0.0,6.0,3.0,1.0,2.0,1.0,0.0,4.0,0.0,3.0,9.0,1.0,1.0,0.0,0.0,0.0,0.0,24.0,0.0,101.0,2.0,0.0,4.0,0.0,5.0,0.0,4.0,1.0,0.0,0.0,8.0,6.0,11.0,0.0,0.0,0.0,0.0,0.0,0.0,1.0,10.0,0.0,1.0,47.0,4.0,0.0,0.0,1.0,10.0,0.0,38.0,0.0,5.0,0,12.0,9.0,5.0,0.0,2.0,7.0,1.0,0.0,0.0,1.0,3.0,1.0,0.0,0.0,0.0,0.0,37.0,0.0,8.0,13.0,0.0,0.0,13.0,0.0,14.0,0.0,0.0,1.0,13.0,0.0,1.0,38.0,1.0,0.0,0.0,7.0,0.0,0.0,0.0,0.0,0.0,0.0,0.0,0.0
71,3.0,0.0,0.0,2.0,0.0,31.0,0.0,7.0,1213.0,0.0,0.0,0.0,0.0,1.0,1739.0,34.0,15.0,0.0,108.0,7.0,0.0,2.0,0.0,2.0,65.0,4.0,24.0,1.0,7.0,0.0,0.0,3.0,5.0,5.0,1841.0,6.0,14.0,4.0,5.0,4.0,101.0,14.0,0.0,39.0,5.0,0.0,5.0,2.0,3.0,7.0,1.0,0.0,0.0,9.0,0.0,4.0,4.0,78.0,2.0,4.0,1.0,13.0,0.0,2.0,3.0,96.0,0.0,408.0,0.0,7.0,12.0,0,22.0,100.0,5.0,6.0,31.0,0.0,0.0,2.0,16.0,12.0,0.0,1.0,0.0,1.0,5.0,29.0,0.0,38.0,223.0,0.0,0.0,1.0,8.0,209.0,13.0,15.0,12.0,120.0,0.0,15.0,0.0,2.0,0.0,0.0,28.0,0.0,0.0,0.0,0.0,0.0,0.0,0.0,0.0
72,3.0,0.0,2.0,0.0,0.0,11.0,0.0,2.0,353.0,8.0,2.0,0.0,1.0,0.0,187.0,23.0,1.0,17.0,2.0,1.0,4.0,0.0,0.0,0.0,16.0,0.0,9.0,0.0,0.0,1.0,25.0,0.0,2.0,1.0,43.0,0.0,20.0,0.0,0.0,2.0,2.0,3.0,0.0,6.0,1.0,0.0,0.0,6.0,1.0,157.0,6.0,0.0,2.0,3.0,0.0,1.0,14.0,9.0,12.0,142.0,1.0,0.0,87.0,0.0,0.0,7.0,3.0,54.0,2.0,148.0,9.0,22.0,0,2.0,0.0,2.0,14.0,0.0,0.0,0.0,2.0,6.0,0.0,0.0,0.0,0.0,0.0,12.0,0.0,6.0,12.0,2.0,0.0,0.0,0.0,11.0,0.0,0.0,2.0,15.0,0.0,1.0,0.0,1.0,1.0,2.0,4.0,0.0,0.0,0.0,0.0,0.0,0.0,0.0,0.0
73,0.0,0.0,0.0,0.0,0.0,13.0,1.0,0.0,263.0,1.0,0.0,0.0,0.0,3.0,337.0,10.0,12.0,0.0,48.0,0.0,0.0,0.0,0.0,1.0,24.0,1.0,31.0,0.0,2.0,0.0,0.0,2.0,5.0,2.0,145.0,1.0,2.0,4.0,7.0,2.0,39.0,5.0,0.0,37.0,1.0,0.0,4.0,0.0,2.0,0.0,0.0,0.0,0.0,1.0,0.0,0.0,0.0,37.0,0.0,1.0,0.0,7.0,0.0,2.0,1.0,85.0,0.0,132.0,0.0,1.0,5.0,100.0,2.0,0,11.0,0.0,17.0,0.0,0.0,1.0,4.0,3.0,0.0,4.0,0.0,0.0,10.0,27.0,0.0,11.0,24.0,0.0,0.0,1.0,1.0,42.0,5.0,6.0,3.0,14.0,0.0,1.0,2.0,1.0,0.0,0.0,12.0,0.0,0.0,0.0,0.0,0.0,0.0,0.0,0.0
74,0.0,0.0,0.0,0.0,0.0,0.0,0.0,0.0,15.0,1.0,1.0,0.0,0.0,0.0,12.0,1.0,1.0,0.0,15.0,0.0,0.0,0.0,0.0,1.0,0.0,0.0,0.0,0.0,0.0,0.0,0.0,0.0,0.0,1.0,8.0,0.0,0.0,1.0,0.0,0.0,2.0,1.0,0.0,1.0,0.0,0.0,0.0,0.0,0.0,0.0,0.0,0.0,0.0,0.0,0.0,0.0,0.0,1.0,0.0,0.0,0.0,0.0,0.0,0.0,0.0,3.0,0.0,3.0,0.0,0.0,0.0,5.0,0.0,11.0,0,0.0,0.0,0.0,0.0,0.0,0.0,1.0,0.0,0.0,0.0,0.0,0.0,5.0,0.0,1.0,1.0,0.0,0.0,0.0,0.0,0.0,0.0,0.0,0.0,1.0,0.0,0.0,0.0,0.0,0.0,0.0,0.0,0.0,0.0,0.0,0.0,0.0,0.0,0.0,0.0
75,0.0,0.0,0.0,1.0,0.0,1.0,5.0,0.0,113.0,0.0,0.0,0.0,1.0,0.0,70.0,9.0,1.0,0.0,3.0,6.0,0.0,0.0,0.0,0.0,3.0,0.0,7.0,0.0,0.0,1.0,0.0,0.0,0.0,5.0,18.0,1.0,3.0,0.0,4.0,4.0,1.0,1.0,0.0,0.0,0.0,1.0,1.0,0.0,0.0,0.0,0.0,0.0,0.0,0.0,0.0,0.0,0.0,26.0,0.0,2.0,0.0,3.0,0.0,0.0,0.0,4.0,0.0,11.0,0.0,2.0,2.0,6.0,2.0,0.0,0.0,0,14.0,1.0,0.0,0.0,3.0,6.0,0.0,0.0,0.0,0.0,1.0,3.0,0.0,3.0,8.0,0.0,0.0,0.0,0.0,12.0,0.0,0.0,1.0,4.0,0.0,26.0,0.0,0.0,0.0,0.0,5.0,0.0,0.0,0.0,0.0,0.0,0.0,0.0,0.0
76,0.0,0.0,0.0,1.0,0.0,13.0,1.0,0.0,625.0,3.0,0.0,0.0,0.0,4.0,474.0,829.0,4.0,0.0,8.0,11.0,0.0,0.0,0.0,3.0,10.0,0.0,46.0,0.0,3.0,0.0,0.0,1.0,0.0,41.0,154.0,8.0,10.0,1.0,4.0,1.0,10.0,8.0,0.0,7.0,33.0,15.0,0.0,2.0,3.0,3.0,0.0,0.0,0.0,1.0,2.0,1.0,3.0,535.0,1.0,0.0,1.0,66.0,0.0,3.0,0.0,16.0,0.0,110.0,0.0,3.0,7.0,31.0,14.0,17.0,0.0,14.0,0,0.0,0.0,5.0,9.0,21.0,0.0,1.0,0.0,0.0,2.0,11.0,1.0,21.0,62.0,0.0,0.0,0.0,2.0,64.0,0.0,1.0,1.0,31.0,0.0,46.0,0.0,1.0,0.0,0.0,131.0,0.0,0.0,0.0,0.0,0.0,0.0,0.0,0.0
77,0.0,0.0,0.0,0.0,0.0,1.0,0.0,0.0,4.0,0.0,5.0,0.0,0.0,0.0,3.0,0.0,0.0,0.0,0.0,0.0,0.0,0.0,0.0,0.0,0.0,0.0,1.0,0.0,0.0,0.0,0.0,0.0,0.0,0.0,0.0,0.0,0.0,0.0,0.0,0.0,0.0,0.0,0.0,0.0,0.0,0.0,0.0,5.0,0.0,0.0,0.0,0.0,1.0,0.0,0.0,0.0,0.0,0.0,0.0,0.0,0.0,0.0,0.0,0.0,0.0,0.0,0.0,1.0,0.0,0.0,1.0,0.0,0.0,0.0,0.0,1.0,0.0,0,0.0,0.0,0.0,0.0,0.0,0.0,0.0,0.0,0.0,0.0,0.0,0.0,0.0,0.0,1.0,0.0,0.0,1.0,0.0,0.0,0.0,1.0,0.0,0.0,0.0,0.0,0.0,0.0,0.0,0.0,0.0,0.0,0.0,0.0,0.0,0.0,0.0
78,0.0,0.0,0.0,0.0,0.0,0.0,0.0,0.0,0.0,0.0,4.0,0.0,0.0,0.0,0.0,0.0,0.0,0.0,0.0,0.0,0.0,0.0,0.0,0.0,0.0,0.0,0.0,0.0,0.0,0.0,0.0,0.0,0.0,0.0,0.0,0.0,2.0,0.0,0.0,0.0,0.0,1.0,0.0,0.0,0.0,0.0,0.0,1.0,0.0,0.0,0.0,0.0,0.0,0.0,0.0,0.0,0.0,0.0,0.0,0.0,0.0,0.0,0.0,0.0,0.0,0.0,0.0,0.0,0.0,0.0,0.0,0.0,0.0,0.0,0.0,0.0,0.0,0.0,0,0.0,0.0,0.0,0.0,0.0,0.0,0.0,0.0,1.0,0.0,0.0,0.0,0.0,0.0,0.0,0.0,0.0,0.0,0.0,0.0,0.0,0.0,0.0,0.0,0.0,0.0,0.0,0.0,0.0,0.0,0.0,0.0,0.0,0.0,0.0,0.0
79,0.0,0.0,0.0,0.0,0.0,3.0,0.0,0.0,25.0,0.0,0.0,0.0,0.0,0.0,8.0,2.0,0.0,0.0,1.0,9.0,0.0,0.0,0.0,0.0,0.0,0.0,1.0,0.0,0.0,0.0,0.0,0.0,0.0,3.0,6.0,1.0,2.0,0.0,4.0,0.0,1.0,1.0,0.0,1.0,2.0,0.0,0.0,0.0,0.0,0.0,0.0,0.0,0.0,0.0,0.0,2.0,0.0,9.0,0.0,0.0,0.0,1.0,0.0,0.0,0.0,1.0,0.0,2.0,0.0,0.0,0.0,2.0,0.0,1.0,0.0,0.0,5.0,0.0,0.0,0,2.0,1.0,0.0,0.0,0.0,0.0,0.0,0.0,0.0,0.0,0.0,0.0,0.0,0.0,0.0,3.0,0.0,0.0,0.0,1.0,0.0,1.0,0.0,0.0,0.0,0.0,11.0,0.0,0.0,0.0,0.0,0.0,0.0,0.0,0.0
80,2.0,0.0,0.0,0.0,0.0,3.0,0.0,1.0,122.0,0.0,2.0,0.0,0.0,1.0,88.0,12.0,1.0,0.0,1.0,4.0,0.0,0.0,0.0,0.0,5.0,2.0,7.0,0.0,0.0,0.0,0.0,0.0,0.0,6.0,42.0,3.0,3.0,1.0,39.0,3.0,1.0,4.0,0.0,3.0,14.0,0.0,0.0,0.0,3.0,1.0,0.0,0.0,0.0,1.0,0.0,3.0,0.0,89.0,0.0,2.0,0.0,2.0,0.0,5.0,0.0,5.0,0.0,27.0,0.0,0.0,1.0,16.0,2.0,4.0,0.0,3.0,9.0,0.0,0.0,2.0,0,13.0,0.0,0.0,0.0,0.0,1.0,2.0,0.0,2.0,10.0,0.0,0.0,0.0,0.0,11.0,1.0,0.0,4.0,8.0,0.0,1.0,0.0,1.0,0.0,0.0,2.0,0.0,0.0,0.0,0.0,0.0,0.0,0.0,0.0
81,0.0,0.0,0.0,0.0,1.0,4.0,0.0,0.0,129.0,1.0,0.0,0.0,0.0,0.0,108.0,7.0,1.0,0.0,7.0,1.0,1.0,0.0,1.0,0.0,5.0,1.0,11.0,0.0,2.0,0.0,0.0,1.0,0.0,2.0,60.0,0.0,3.0,0.0,7.0,0.0,2.0,1.0,0.0,5.0,1.0,0.0,0.0,0.0,1.0,1.0,1.0,0.0,0.0,5.0,0.0,23.0,1.0,19.0,0.0,0.0,0.0,1.0,0.0,6.0,0.0,2.0,0.0,25.0,0.0,1.0,3.0,12.0,6.0,3.0,1.0,6.0,21.0,0.0,0.0,1.0,13.0,0,0.0,6.0,0.0,0.0,0.0,4.0,0.0,5.0,10.0,0.0,0.0,1.0,3.0,7.0,0.0,0.0,0.0,11.0,0.0,3.0,0.0,0.0,0.0,0.0,8.0,0.0,0.0,0.0,0.0,0.0,0.0,0.0,0.0
82,0.0,0.0,0.0,0.0,0.0,0.0,0.0,1.0,1.0,0.0,0.0,0.0,0.0,0.0,0.0,0.0,0.0,0.0,0.0,0.0,0.0,0.0,0.0,0.0,0.0,0.0,0.0,0.0,0.0,0.0,0.0,0.0,0.0,0.0,0.0,0.0,0.0,0.0,0.0,0.0,0.0,0.0,0.0,0.0,0.0,0.0,0.0,0.0,0.0,0.0,0.0,0.0,0.0,0.0,0.0,0.0,0.0,0.0,0.0,0.0,0.0,0.0,0.0,0.0,0.0,0.0,0.0,0.0,0.0,0.0,1.0,0.0,0.0,0.0,0.0,0.0,0.0,0.0,0.0,0.0,0.0,0.0,0,0.0,0.0,0.0,0.0,0.0,0.0,0.0,0.0,0.0,0.0,0.0,0.0,0.0,0.0,0.0,0.0,0.0,0.0,0.0,0.0,0.0,0.0,0.0,0.0,0.0,0.0,0.0,0.0,0.0,0.0,0.0,0.0
83,0.0,0.0,0.0,0.0,0.0,0.0,0.0,2.0,16.0,0.0,0.0,0.0,0.0,1.0,9.0,1.0,0.0,0.0,1.0,0.0,0.0,0.0,0.0,0.0,1.0,0.0,1.0,0.0,1.0,0.0,0.0,0.0,0.0,0.0,7.0,0.0,0.0,0.0,1.0,0.0,1.0,0.0,0.0,3.0,0.0,0.0,0.0,0.0,1.0,0.0,0.0,0.0,0.0,0.0,0.0,0.0,0.0,2.0,0.0,0.0,0.0,0.0,0.0,5.0,0.0,3.0,0.0,2.0,0.0,1.0,0.0,1.0,0.0,4.0,0.0,0.0,1.0,0.0,0.0,0.0,0.0,6.0,0.0,0,0.0,0.0,0.0,0.0,0.0,0.0,0.0,0.0,0.0,0.0,0.0,0.0,0.0,0.0,2.0,2.0,0.0,0.0,0.0,0.0,0.0,0.0,0.0,0.0,0.0,0.0,0.0,0.0,0.0,0.0,0.0
84,0.0,1.0,0.0,0.0,0.0,0.0,0.0,0.0,4.0,0.0,0.0,0.0,0.0,0.0,0.0,0.0,0.0,0.0,0.0,0.0,0.0,0.0,0.0,0.0,0.0,0.0,0.0,0.0,0.0,0.0,0.0,0.0,0.0,0.0,1.0,0.0,0.0,0.0,0.0,0.0,0.0,0.0,0.0,0.0,0.0,0.0,0.0,0.0,0.0,0.0,0.0,0.0,0.0,0.0,0.0,0.0,0.0,0.0,0.0,0.0,0.0,0.0,0.0,0.0,0.0,0.0,0.0,0.0,0.0,0.0,0.0,0.0,0.0,0.0,0.0,0.0,0.0,0.0,0.0,0.0,0.0,0.0,0.0,0.0,0,0.0,0.0,1.0,0.0,2.0,0.0,0.0,0.0,0.0,0.0,0.0,0.0,0.0,0.0,0.0,0.0,0.0,0.0,0.0,0.0,0.0,0.0,0.0,0.0,0.0,0.0,0.0,0.0,0.0,0.0
85,0.0,0.0,0.0,0.0,0.0,0.0,0.0,0.0,2.0,0.0,0.0,0.0,0.0,0.0,0.0,0.0,0.0,0.0,0.0,0.0,0.0,0.0,0.0,0.0,0.0,0.0,0.0,0.0,0.0,0.0,0.0,0.0,0.0,0.0,0.0,0.0,0.0,0.0,0.0,0.0,0.0,0.0,0.0,0.0,0.0,0.0,0.0,0.0,0.0,0.0,0.0,0.0,0.0,0.0,0.0,0.0,0.0,0.0,0.0,0.0,0.0,0.0,0.0,0.0,0.0,0.0,0.0,0.0,0.0,0.0,0.0,1.0,0.0,0.0,0.0,0.0,0.0,0.0,0.0,0.0,0.0,0.0,0.0,0.0,0.0,0,0.0,0.0,0.0,0.0,0.0,0.0,0.0,0.0,0.0,0.0,0.0,0.0,0.0,0.0,0.0,0.0,0.0,0.0,0.0,0.0,0.0,0.0,0.0,0.0,0.0,0.0,0.0,0.0,0.0
86,0.0,0.0,0.0,0.0,0.0,1.0,0.0,0.0,26.0,0.0,0.0,0.0,0.0,0.0,49.0,4.0,0.0,0.0,14.0,0.0,0.0,0.0,0.0,0.0,3.0,0.0,3.0,0.0,1.0,0.0,1.0,1.0,1.0,0.0,12.0,3.0,0.0,3.0,0.0,0.0,3.0,1.0,0.0,9.0,1.0,0.0,0.0,4.0,0.0,2.0,0.0,0.0,0.0,8.0,0.0,0.0,0.0,6.0,0.0,0.0,0.0,0.0,0.0,0.0,0.0,8.0,0.0,11.0,0.0,0.0,0.0,5.0,0.0,10.0,0.0,1.0,2.0,0.0,0.0,0.0,1.0,0.0,0.0,0.0,0.0,0.0,0,1.0,0.0,2.0,7.0,0.0,0.0,0.0,0.0,6.0,1.0,1.0,0.0,2.0,0.0,3.0,0.0,0.0,0.0,0.0,1.0,0.0,0.0,0.0,0.0,0.0,0.0,0.0,0.0
87,4.0,0.0,0.0,2.0,2.0,12.0,0.0,85.0,191.0,0.0,2.0,0.0,0.0,0.0,194.0,11.0,0.0,0.0,21.0,0.0,0.0,1.0,0.0,0.0,24.0,2.0,8.0,1.0,0.0,3.0,0.0,0.0,0.0,2.0,33.0,0.0,5.0,0.0,1.0,1.0,17.0,31.0,0.0,29.0,2.0,0.0,1.0,2.0,0.0,4.0,1.0,0.0,1.0,0.0,1.0,0.0,1.0,12.0,2.0,1.0,8.0,1.0,0.0,0.0,0.0,48.0,0.0,73.0,0.0,2.0,37.0,29.0,12.0,27.0,5.0,3.0,11.0,0.0,1.0,0.0,2.0,4.0,0.0,0.0,1.0,0.0,1.0,0,0.0,133.0,9.0,0.0,0.0,24.0,1.0,12.0,2.0,4.0,0.0,7.0,0.0,1.0,8.0,2.0,0.0,0.0,10.0,0.0,0.0,0.0,0.0,0.0,0.0,0.0,0.0
88,0.0,0.0,0.0,0.0,0.0,0.0,0.0,0.0,2.0,0.0,0.0,0.0,0.0,0.0,3.0,0.0,0.0,0.0,0.0,0.0,0.0,0.0,0.0,0.0,0.0,0.0,1.0,0.0,0.0,0.0,0.0,0.0,0.0,0.0,0.0,0.0,0.0,0.0,0.0,0.0,0.0,0.0,0.0,0.0,0.0,0.0,0.0,0.0,0.0,0.0,0.0,0.0,0.0,0.0,0.0,0.0,0.0,0.0,0.0,0.0,0.0,0.0,0.0,0.0,0.0,0.0,0.0,0.0,0.0,0.0,0.0,0.0,0.0,0.0,0.0,0.0,1.0,0.0,0.0,0.0,0.0,0.0,0.0,0.0,0.0,0.0,0.0,0.0,0,0.0,0.0,0.0,0.0,0.0,0.0,1.0,0.0,0.0,0.0,0.0,0.0,0.0,0.0,0.0,0.0,0.0,0.0,0.0,0.0,0.0,0.0,0.0,0.0,0.0,0.0
89,10.0,0.0,0.0,26.0,2.0,9.0,1.0,1.0,396.0,0.0,0.0,0.0,0.0,0.0,228.0,14.0,2.0,0.0,14.0,3.0,0.0,1.0,2.0,0.0,28.0,0.0,8.0,0.0,1.0,16.0,0.0,0.0,2.0,6.0,71.0,1.0,7.0,3.0,1.0,2.0,8.0,15.0,0.0,11.0,4.0,0.0,1.0,0.0,3.0,1.0,0.0,0.0,0.0,1.0,2.0,1.0,3.0,18.0,0.0,2.0,0.0,9.0,0.0,0.0,1.0,25.0,0.0,86.0,0.0,1.0,8.0,38.0,6.0,11.0,1.0,3.0,21.0,0.0,0.0,0.0,2.0,5.0,0.0,0.0,2.0,0.0,2.0,133.0,0.0,0,26.0,0.0,1.0,2.0,1.0,24.0,1.0,1.0,4.0,24.0,0.0,1.0,0.0,0.0,0.0,0.0,16.0,0.0,0.0,0.0,0.0,0.0,0.0,0.0,0.0
90,2.0,0.0,0.0,0.0,1.0,48.0,0.0,1.0,1736.0,0.0,1.0,0.0,0.0,2.0,1990.0,67.0,6.0,0.0,17.0,3.0,0.0,1.0,0.0,2.0,104.0,3.0,29.0,1.0,39.0,0.0,0.0,0.0,5.0,5.0,610.0,10.0,58.0,110.0,3.0,2.0,18.0,13.0,0.0,25.0,7.0,1.0,19.0,0.0,9.0,7.0,0.0,0.0,0.0,22.0,2.0,4.0,3.0,76.0,0.0,2.0,1.0,20.0,1.0,2.0,2.0,47.0,0.0,380.0,0.0,2.0,13.0,223.0,12.0,24.0,1.0,8.0,62.0,0.0,0.0,0.0,10.0,10.0,0.0,0.0,0.0,0.0,7.0,9.0,0.0,26.0,0,0.0,0.0,3.0,12.0,388.0,2.0,3.0,14.0,233.0,0.0,11.0,0.0,4.0,0.0,0.0,61.0,0.0,0.0,0.0,0.0,0.0,0.0,0.0,0.0
91,0.0,0.0,4.0,0.0,0.0,0.0,0.0,0.0,3.0,0.0,0.0,0.0,1.0,0.0,3.0,1.0,0.0,0.0,1.0,0.0,0.0,0.0,0.0,0.0,0.0,0.0,1.0,0.0,0.0,0.0,0.0,0.0,0.0,0.0,0.0,1.0,0.0,0.0,0.0,0.0,0.0,0.0,0.0,0.0,0.0,0.0,0.0,0.0,0.0,0.0,0.0,0.0,0.0,0.0,0.0,0.0,5.0,0.0,2.0,0.0,0.0,0.0,0.0,0.0,0.0,0.0,0.0,0.0,0.0,0.0,0.0,0.0,2.0,0.0,0.0,0.0,0.0,0.0,0.0,0.0,0.0,0.0,0.0,0.0,0.0,0.0,0.0,0.0,0.0,0.0,0.0,0,0.0,0.0,0.0,0.0,0.0,0.0,0.0,0.0,0.0,0.0,0.0,0.0,0.0,0.0,0.0,0.0,0.0,0.0,0.0,0.0,0.0,0.0,0.0
92,0.0,0.0,0.0,0.0,0.0,0.0,0.0,0.0,0.0,0.0,1.0,0.0,2.0,0.0,0.0,0.0,0.0,0.0,0.0,0.0,0.0,0.0,0.0,0.0,0.0,0.0,0.0,0.0,0.0,0.0,0.0,0.0,0.0,0.0,0.0,0.0,0.0,0.0,0.0,0.0,0.0,0.0,0.0,0.0,0.0,0.0,0.0,1.0,0.0,0.0,0.0,0.0,0.0,0.0,0.0,0.0,0.0,0.0,0.0,0.0,0.0,0.0,0.0,0.0,0.0,0.0,0.0,1.0,0.0,0.0,0.0,0.0,0.0,0.0,0.0,0.0,0.0,1.0,0.0,0.0,0.0,0.0,0.0,0.0,0.0,0.0,0.0,0.0,0.0,1.0,0.0,0.0,0,0.0,0.0,0.0,0.0,0.0,0.0,0.0,0.0,0.0,0.0,0.0,0.0,0.0,0.0,0.0,0.0,0.0,0.0,0.0,0.0,0.0,0.0
93,0.0,0.0,0.0,0.0,0.0,4.0,0.0,33.0,39.0,0.0,0.0,0.0,2.0,0.0,13.0,3.0,1.0,0.0,0.0,0.0,0.0,0.0,0.0,0.0,0.0,0.0,1.0,7.0,0.0,0.0,0.0,0.0,0.0,1.0,6.0,0.0,0.0,0.0,0.0,1.0,2.0,15.0,0.0,0.0,1.0,0.0,0.0,1.0,0.0,2.0,1.0,0.0,0.0,0.0,0.0,0.0,1.0,2.0,0.0,3.0,6.0,0.0,0.0,0.0,0.0,1.0,0.0,6.0,0.0,3.0,13.0,1.0,0.0,1.0,0.0,0.0,0.0,0.0,0.0,0.0,0.0,1.0,0.0,0.0,0.0,0.0,0.0,24.0,0.0,2.0,3.0,0.0,0.0,0,0.0,5.0,0.0,0.0,2.0,1.0,0.0,0.0,10.0,0.0,0.0,0.0,7.0,0.0,0.0,0.0,0.0,0.0,0.0,0.0,0.0
94,0.0,0.0,0.0,0.0,0.0,1.0,0.0,0.0,79.0,0.0,0.0,0.0,0.0,0.0,85.0,2.0,0.0,0.0,0.0,0.0,0.0,0.0,0.0,0.0,0.0,1.0,2.0,0.0,1.0,0.0,0.0,0.0,7.0,0.0,16.0,0.0,0.0,0.0,0.0,0.0,0.0,0.0,0.0,0.0,0.0,0.0,0.0,0.0,0.0,0.0,0.0,0.0,0.0,0.0,0.0,0.0,1.0,2.0,0.0,1.0,0.0,0.0,0.0,0.0,0.0,1.0,0.0,21.0,0.0,0.0,0.0,8.0,0.0,1.0,0.0,0.0,2.0,0.0,0.0,0.0,0.0,3.0,0.0,0.0,0.0,0.0,0.0,1.0,0.0,1.0,12.0,0.0,0.0,0.0,0,60.0,0.0,0.0,3.0,49.0,0.0,0.0,0.0,1.0,0.0,0.0,1.0,0.0,0.0,0.0,0.0,0.0,0.0,0.0,0.0
95,3.0,0.0,0.0,0.0,1.0,60.0,2.0,0.0,2704.0,0.0,2.0,0.0,0.0,3.0,2878.0,50.0,12.0,0.0,25.0,2.0,0.0,1.0,1.0,6.0,80.0,9.0,36.0,0.0,13.0,1.0,0.0,3.0,69.0,13.0,674.0,9.0,32.0,18.0,11.0,8.0,17.0,12.0,0.0,37.0,17.0,0.0,57.0,1.0,7.0,5.0,0.0,0.0,0.0,19.0,1.0,1.0,3.0,80.0,2.0,2.0,3.0,24.0,1.0,3.0,13.0,52.0,0.0,771.0,2.0,6.0,14.0,209.0,11.0,42.0,0.0,12.0,64.0,1.0,0.0,3.0,11.0,7.0,0.0,0.0,0.0,0.0,6.0,12.0,1.0,24.0,388.0,0.0,0.0,5.0,60.0,0,4.0,6.0,14.0,978.0,0.0,16.0,0.0,5.0,3.0,0.0,48.0,0.0,0.0,0.0,0.0,0.0,0.0,0.0,0.0
96,0.0,0.0,0.0,0.0,0.0,3.0,0.0,0.0,28.0,0.0,0.0,0.0,0.0,1.0,75.0,1.0,1.0,0.0,3.0,0.0,0.0,1.0,0.0,0.0,7.0,1.0,3.0,0.0,1.0,0.0,0.0,0.0,0.0,0.0,19.0,0.0,0.0,1.0,1.0,0.0,1.0,1.0,0.0,6.0,0.0,0.0,0.0,0.0,1.0,0.0,0.0,0.0,0.0,0.0,0.0,0.0,0.0,1.0,0.0,0.0,0.0,1.0,0.0,0.0,0.0,7.0,0.0,18.0,0.0,0.0,0.0,13.0,0.0,5.0,0.0,0.0,0.0,0.0,0.0,0.0,1.0,0.0,0.0,0.0,0.0,0.0,1.0,2.0,0.0,1.0,2.0,0.0,0.0,0.0,0.0,4.0,0,15.0,1.0,2.0,0.0,0.0,0.0,0.0,0.0,0.0,1.0,0.0,0.0,0.0,0.0,0.0,0.0,0.0,0.0
97,0.0,0.0,0.0,0.0,0.0,2.0,0.0,0.0,29.0,0.0,0.0,0.0,0.0,0.0,97.0,3.0,0.0,0.0,1.0,0.0,0.0,0.0,0.0,0.0,11.0,0.0,0.0,1.0,0.0,0.0,0.0,0.0,2.0,0.0,15.0,0.0,1.0,0.0,0.0,0.0,2.0,0.0,0.0,16.0,0.0,0.0,0.0,0.0,0.0,1.0,0.0,0.0,0.0,1.0,0.0,0.0,0.0,3.0,0.0,0.0,0.0,0.0,0.0,0.0,0.0,5.0,0.0,14.0,0.0,0.0,0.0,15.0,0.0,6.0,0.0,0.0,1.0,0.0,0.0,0.0,0.0,0.0,0.0,0.0,0.0,0.0,1.0,4.0,0.0,1.0,3.0,0.0,0.0,0.0,0.0,6.0,15.0,0,0.0,2.0,1.0,0.0,0.0,0.0,0.0,0.0,0.0,0.0,0.0,0.0,0.0,0.0,0.0,0.0,0.0
98,0.0,0.0,0.0,0.0,0.0,2.0,0.0,1.0,123.0,0.0,0.0,0.0,0.0,0.0,119.0,1.0,0.0,0.0,1.0,0.0,0.0,1.0,0.0,1.0,6.0,4.0,3.0,0.0,0.0,0.0,0.0,14.0,1.0,1.0,25.0,3.0,2.0,1.0,0.0,4.0,6.0,2.0,0.0,7.0,2.0,0.0,2.0,0.0,1.0,0.0,0.0,0.0,0.0,2.0,0.0,0.0,0.0,7.0,0.0,0.0,0.0,0.0,0.0,0.0,0.0,14.0,0.0,107.0,0.0,0.0,1.0,12.0,2.0,3.0,0.0,1.0,1.0,0.0,0.0,0.0,4.0,0.0,0.0,2.0,0.0,0.0,0.0,0.0,0.0,4.0,14.0,0.0,0.0,2.0,3.0,14.0,1.0,0.0,0,16.0,0.0,0.0,0.0,0.0,0.0,0.0,1.0,4.0,0.0,0.0,0.0,0.0,0.0,0.0,0.0
99,0.0,0.0,1.0,0.0,2.0,47.0,0.0,1.0,1780.0,1.0,0.0,0.0,0.0,1.0,2318.0,48.0,10.0,1.0,17.0,1.0,0.0,1.0,1.0,1.0,54.0,9.0,30.0,0.0,8.0,0.0,1.0,0.0,24.0,7.0,531.0,4.0,29.0,2.0,6.0,2.0,10.0,12.0,0.0,30.0,9.0,0.0,9.0,3.0,3.0,5.0,1.0,0.0,0.0,6.0,1.0,1.0,3.0,64.0,3.0,3.0,0.0,9.0,1.0,2.0,1.0,41.0,1.0,606.0,0.0,2.0,13.0,120.0,15.0,14.0,1.0,4.0,31.0,1.0,0.0,1.0,8.0,11.0,0.0,2.0,0.0,0.0,2.0,7.0,0.0,24.0,233.0,0.0,0.0,1.0,49.0,978.0,2.0,2.0,16.0,0,0.0,5.0,0.0,5.0,1.0,0.0,29.0,0.0,0.0,0.0,0.0,0.0,0.0,0.0,0.0
100,0.0,0.0,0.0,0.0,0.0,0.0,0.0,0.0,2.0,5.0,0.0,0.0,0.0,0.0,0.0,0.0,0.0,0.0,0.0,0.0,1.0,0.0,0.0,0.0,0.0,0.0,0.0,0.0,0.0,0.0,0.0,0.0,0.0,0.0,0.0,0.0,0.0,0.0,0.0,0.0,0.0,0.0,0.0,0.0,0.0,0.0,0.0,0.0,0.0,0.0,0.0,0.0,0.0,0.0,0.0,0.0,4.0,0.0,0.0,0.0,0.0,0.0,0.0,0.0,0.0,0.0,0.0,1.0,0.0,0.0,0.0,0.0,0.0,0.0,0.0,0.0,0.0,0.0,0.0,0.0,0.0,0.0,0.0,0.0,0.0,0.0,0.0,0.0,0.0,0.0,0.0,0.0,0.0,0.0,0.0,0.0,0.0,1.0,0.0,0.0,0,0.0,0.0,0.0,0.0,0.0,0.0,0.0,0.0,0.0,0.0,0.0,0.0,0.0,0.0
101,1.0,0.0,0.0,0.0,0.0,0.0,2.0,1.0,92.0,0.0,0.0,0.0,0.0,1.0,88.0,27.0,1.0,0.0,2.0,5.0,0.0,0.0,0.0,0.0,3.0,1.0,5.0,0.0,0.0,0.0,0.0,0.0,1.0,36.0,34.0,1.0,1.0,1.0,1.0,0.0,0.0,5.0,0.0,0.0,8.0,0.0,0.0,5.0,2.0,2.0,0.0,0.0,1.0,1.0,1.0,3.0,0.0,85.0,0.0,0.0,0.0,3.0,0.0,0.0,0.0,3.0,0.0,22.0,0.0,0.0,1.0,15.0,1.0,1.0,0.0,26.0,46.0,0.0,0.0,1.0,1.0,3.0,0.0,0.0,0.0,0.0,3.0,1.0,0.0,1.0,11.0,0.0,0.0,0.0,0.0,16.0,0.0,0.0,0.0,5.0,0.0,0,0.0,0.0,0.0,0.0,7.0,0.0,0.0,0.0,0.0,0.0,0.0,0.0,0.0
102,0.0,0.0,0.0,0.0,0.0,1.0,0.0,1.0,7.0,0.0,0.0,0.0,0.0,0.0,9.0,0.0,0.0,0.0,0.0,0.0,0.0,0.0,0.0,1.0,0.0,0.0,0.0,0.0,0.0,0.0,0.0,0.0,0.0,0.0,0.0,0.0,0.0,0.0,1.0,0.0,1.0,1.0,0.0,0.0,0.0,0.0,0.0,0.0,0.0,0.0,0.0,0.0,0.0,0.0,0.0,0.0,0.0,0.0,0.0,0.0,13.0,0.0,0.0,0.0,0.0,1.0,0.0,4.0,0.0,0.0,38.0,0.0,0.0,2.0,0.0,0.0,0.0,0.0,0.0,0.0,0.0,0.0,0.0,0.0,0.0,0.0,0.0,8.0,0.0,0.0,0.0,0.0,0.0,10.0,0.0,0.0,0.0,0.0,0.0,0.0,0.0,0.0,0,0.0,0.0,0.0,0.0,0.0,0.0,0.0,0.0,0.0,0.0,0.0,0.0
103,1.0,0.0,0.0,0.0,1.0,2.0,0.0,0.0,126.0,0.0,0.0,0.0,0.0,0.0,46.0,4.0,0.0,0.0,1.0,1.0,0.0,0.0,0.0,0.0,2.0,0.0,1.0,0.0,0.0,0.0,0.0,0.0,0.0,0.0,7.0,0.0,2.0,0.0,0.0,2.0,0.0,0.0,0.0,1.0,0.0,0.0,0.0,0.0,1.0,1.0,0.0,0.0,0.0,0.0,0.0,0.0,0.0,5.0,0.0,0.0,0.0,0.0,0.0,0.0,0.0,1.0,0.0,7.0,0.0,0.0,1.0,2.0,1.0,1.0,0.0,0.0,1.0,0.0,0.0,0.0,1.0,0.0,0.0,0.0,0.0,0.0,0.0,2.0,0.0,0.0,4.0,0.0,0.0,0.0,1.0,5.0,0.0,0.0,0.0,5.0,0.0,0.0,0.0,0,0.0,0.0,7.0,0.0,0.0,0.0,0.0,0.0,0.0,0.0,0.0
104,0.0,0.0,0.0,0.0,0.0,0.0,0.0,0.0,7.0,0.0,0.0,0.0,0.0,0.0,7.0,0.0,0.0,0.0,1.0,0.0,0.0,8.0,0.0,0.0,0.0,0.0,0.0,0.0,0.0,0.0,0.0,0.0,0.0,0.0,2.0,0.0,2.0,0.0,0.0,0.0,0.0,0.0,0.0,0.0,0.0,0.0,0.0,0.0,0.0,0.0,0.0,0.0,0.0,0.0,0.0,1.0,0.0,0.0,0.0,0.0,0.0,0.0,0.0,0.0,0.0,0.0,0.0,3.0,0.0,0.0,0.0,0.0,1.0,0.0,0.0,0.0,0.0,0.0,0.0,0.0,0.0,0.0,0.0,0.0,0.0,0.0,0.0,0.0,0.0,0.0,0.0,0.0,0.0,0.0,0.0,3.0,0.0,0.0,0.0,1.0,0.0,0.0,0.0,0.0,0,0.0,2.0,0.0,0.0,0.0,0.0,0.0,0.0,0.0,0.0
105,0.0,0.0,0.0,0.0,0.0,0.0,0.0,0.0,0.0,0.0,0.0,0.0,0.0,0.0,0.0,0.0,0.0,0.0,0.0,0.0,0.0,0.0,0.0,0.0,0.0,0.0,0.0,0.0,0.0,0.0,0.0,0.0,0.0,0.0,0.0,0.0,0.0,0.0,0.0,0.0,0.0,0.0,0.0,0.0,0.0,0.0,0.0,0.0,0.0,0.0,2.0,0.0,0.0,0.0,0.0,0.0,1.0,1.0,0.0,0.0,0.0,0.0,0.0,0.0,0.0,1.0,0.0,0.0,0.0,0.0,0.0,0.0,2.0,0.0,0.0,0.0,0.0,0.0,0.0,0.0,0.0,0.0,0.0,0.0,0.0,0.0,0.0,0.0,0.0,0.0,0.0,0.0,0.0,0.0,0.0,0.0,0.0,0.0,0.0,0.0,0.0,0.0,0.0,0.0,0.0,0,0.0,0.0,0.0,0.0,0.0,0.0,0.0,0.0,0.0
106,0.0,0.0,0.0,1.0,0.0,21.0,2.0,3.0,463.0,0.0,0.0,0.0,0.0,0.0,308.0,217.0,3.0,0.0,3.0,5.0,1.0,0.0,0.0,2.0,12.0,1.0,13.0,0.0,3.0,0.0,0.0,0.0,3.0,18.0,91.0,8.0,13.0,2.0,4.0,0.0,4.0,10.0,0.0,10.0,9.0,2.0,1.0,3.0,1.0,3.0,0.0,0.0,0.0,2.0,1.0,0.0,2.0,127.0,1.0,0.0,0.0,38.0,0.0,2.0,0.0,12.0,0.0,95.0,0.0,0.0,7.0,28.0,4.0,12.0,0.0,5.0,131.0,0.0,0.0,11.0,2.0,8.0,0.0,0.0,0.0,0.0,1.0,10.0,0.0,16.0,61.0,0.0,0.0,7.0,1.0,48.0,1.0,0.0,1.0,29.0,0.0,7.0,0.0,7.0,2.0,0.0,0,0.0,0.0,0.0,0.0,0.0,0.0,0.0,0.0
107,0.0,0.0,0.0,0.0,0.0,0.0,0.0,0.0,3.0,0.0,0.0,0.0,0.0,0.0,3.0,1.0,0.0,0.0,0.0,0.0,0.0,0.0,0.0,0.0,0.0,0.0,0.0,0.0,0.0,0.0,0.0,0.0,0.0,0.0,0.0,0.0,0.0,0.0,0.0,0.0,0.0,0.0,0.0,0.0,0.0,0.0,0.0,0.0,0.0,0.0,0.0,0.0,0.0,0.0,0.0,0.0,0.0,0.0,0.0,0.0,0.0,0.0,0.0,0.0,0.0,1.0,0.0,6.0,0.0,0.0,0.0,0.0,0.0,0.0,0.0,0.0,0.0,0.0,0.0,0.0,0.0,0.0,0.0,0.0,0.0,0.0,0.0,0.0,0.0,0.0,0.0,0.0,0.0,0.0,0.0,0.0,0.0,0.0,4.0,0.0,0.0,0.0,0.0,0.0,0.0,0.0,0.0,0,0.0,0.0,0.0,0.0,0.0,0.0,0.0
108,0.0,0.0,0.0,0.0,0.0,0.0,0.0,0.0,0.0,0.0,0.0,0.0,0.0,0.0,0.0,0.0,0.0,0.0,0.0,0.0,0.0,0.0,0.0,0.0,0.0,0.0,0.0,0.0,0.0,0.0,0.0,0.0,0.0,0.0,0.0,0.0,0.0,0.0,0.0,0.0,0.0,0.0,0.0,0.0,0.0,0.0,0.0,0.0,0.0,0.0,0.0,0.0,0.0,0.0,0.0,0.0,0.0,0.0,0.0,0.0,0.0,0.0,0.0,0.0,0.0,0.0,0.0,0.0,0.0,0.0,0.0,0.0,0.0,0.0,0.0,0.0,0.0,0.0,0.0,0.0,0.0,0.0,0.0,0.0,0.0,0.0,0.0,0.0,0.0,0.0,0.0,0.0,0.0,0.0,0.0,0.0,0.0,0.0,0.0,0.0,0.0,0.0,0.0,0.0,0.0,0.0,0.0,0.0,0,0.0,0.0,0.0,0.0,0.0,0.0
109,0.0,0.0,0.0,0.0,0.0,0.0,0.0,0.0,0.0,0.0,0.0,0.0,0.0,0.0,0.0,0.0,0.0,0.0,0.0,0.0,0.0,0.0,0.0,0.0,0.0,0.0,0.0,0.0,0.0,0.0,0.0,0.0,0.0,0.0,0.0,0.0,0.0,0.0,0.0,0.0,0.0,0.0,0.0,0.0,0.0,0.0,0.0,0.0,0.0,0.0,0.0,0.0,0.0,0.0,0.0,0.0,0.0,0.0,0.0,0.0,0.0,0.0,0.0,0.0,0.0,0.0,0.0,0.0,0.0,0.0,0.0,0.0,0.0,0.0,0.0,0.0,0.0,0.0,0.0,0.0,0.0,0.0,0.0,0.0,0.0,0.0,0.0,0.0,0.0,0.0,0.0,0.0,0.0,0.0,0.0,0.0,0.0,0.0,0.0,0.0,0.0,0.0,0.0,0.0,0.0,0.0,0.0,0.0,0.0,0,0.0,0.0,0.0,0.0,0.0
110,0.0,0.0,0.0,0.0,0.0,0.0,0.0,0.0,0.0,0.0,0.0,0.0,0.0,0.0,0.0,0.0,0.0,0.0,0.0,0.0,0.0,0.0,0.0,0.0,0.0,0.0,0.0,0.0,0.0,0.0,0.0,0.0,0.0,0.0,0.0,0.0,0.0,0.0,0.0,0.0,0.0,0.0,0.0,0.0,0.0,0.0,0.0,0.0,0.0,0.0,0.0,0.0,0.0,0.0,0.0,0.0,0.0,0.0,0.0,0.0,0.0,0.0,0.0,0.0,0.0,0.0,0.0,0.0,0.0,0.0,0.0,0.0,0.0,0.0,0.0,0.0,0.0,0.0,0.0,0.0,0.0,0.0,0.0,0.0,0.0,0.0,0.0,0.0,0.0,0.0,0.0,0.0,0.0,0.0,0.0,0.0,0.0,0.0,0.0,0.0,0.0,0.0,0.0,0.0,0.0,0.0,0.0,0.0,0.0,0.0,0,0.0,0.0,0.0,0.0
111,0.0,0.0,0.0,0.0,0.0,0.0,0.0,0.0,0.0,0.0,0.0,0.0,0.0,0.0,0.0,0.0,0.0,0.0,0.0,0.0,0.0,0.0,0.0,0.0,0.0,0.0,0.0,0.0,0.0,0.0,0.0,0.0,0.0,0.0,0.0,0.0,0.0,0.0,0.0,0.0,0.0,0.0,0.0,0.0,0.0,0.0,0.0,0.0,0.0,0.0,0.0,0.0,0.0,0.0,0.0,0.0,0.0,0.0,0.0,0.0,0.0,0.0,0.0,0.0,0.0,0.0,0.0,0.0,0.0,0.0,0.0,0.0,0.0,0.0,0.0,0.0,0.0,0.0,0.0,0.0,0.0,0.0,0.0,0.0,0.0,0.0,0.0,0.0,0.0,0.0,0.0,0.0,0.0,0.0,0.0,0.0,0.0,0.0,0.0,0.0,0.0,0.0,0.0,0.0,0.0,0.0,0.0,0.0,0.0,0.0,0.0,0,0.0,0.0,0.0
112,0.0,0.0,0.0,0.0,0.0,0.0,0.0,0.0,0.0,0.0,0.0,0.0,0.0,0.0,0.0,0.0,0.0,0.0,0.0,0.0,0.0,0.0,0.0,0.0,0.0,0.0,0.0,0.0,0.0,0.0,0.0,0.0,0.0,0.0,0.0,0.0,0.0,0.0,0.0,0.0,0.0,0.0,0.0,0.0,0.0,0.0,0.0,0.0,0.0,0.0,0.0,0.0,0.0,0.0,0.0,0.0,0.0,0.0,0.0,0.0,0.0,0.0,0.0,0.0,0.0,0.0,0.0,0.0,0.0,0.0,0.0,0.0,0.0,0.0,0.0,0.0,0.0,0.0,0.0,0.0,0.0,0.0,0.0,0.0,0.0,0.0,0.0,0.0,0.0,0.0,0.0,0.0,0.0,0.0,0.0,0.0,0.0,0.0,0.0,0.0,0.0,0.0,0.0,0.0,0.0,0.0,0.0,0.0,0.0,0.0,0.0,0.0,0,0.0,0.0
113,0.0,0.0,0.0,0.0,0.0,0.0,0.0,0.0,0.0,0.0,0.0,0.0,0.0,0.0,0.0,0.0,0.0,0.0,0.0,0.0,0.0,0.0,0.0,0.0,0.0,0.0,0.0,0.0,0.0,0.0,0.0,0.0,0.0,0.0,0.0,0.0,0.0,0.0,0.0,0.0,0.0,0.0,0.0,0.0,0.0,0.0,0.0,0.0,0.0,0.0,0.0,0.0,0.0,0.0,0.0,0.0,0.0,0.0,0.0,0.0,0.0,0.0,0.0,0.0,0.0,0.0,0.0,0.0,0.0,0.0,0.0,0.0,0.0,0.0,0.0,0.0,0.0,0.0,0.0,0.0,0.0,0.0,0.0,0.0,0.0,0.0,0.0,0.0,0.0,0.0,0.0,0.0,0.0,0.0,0.0,0.0,0.0,0.0,0.0,0.0,0.0,0.0,0.0,0.0,0.0,0.0,0.0,0.0,0.0,0.0,0.0,0.0,0.0,0,0.0
114,0.0,0.0,0.0,0.0,0.0,0.0,0.0,0.0,0.0,0.0,0.0,0.0,0.0,0.0,0.0,0.0,0.0,0.0,0.0,0.0,0.0,0.0,0.0,0.0,0.0,0.0,0.0,0.0,0.0,0.0,0.0,0.0,0.0,0.0,0.0,0.0,0.0,0.0,0.0,0.0,0.0,0.0,0.0,0.0,0.0,0.0,0.0,0.0,0.0,0.0,0.0,0.0,0.0,0.0,0.0,0.0,0.0,0.0,0.0,0.0,0.0,0.0,0.0,0.0,0.0,0.0,0.0,0.0,0.0,0.0,0.0,0.0,0.0,0.0,0.0,0.0,0.0,0.0,0.0,0.0,0.0,0.0,0.0,0.0,0.0,0.0,0.0,0.0,0.0,0.0,0.0,0.0,0.0,0.0,0.0,0.0,0.0,0.0,0.0,0.0,0.0,0.0,0.0,0.0,0.0,0.0,0.0,0.0,0.0,0.0,0.0,0.0,0.0,0.0,0
