0 1 35.0
0 4 1.0
0 8 3.0
0 14 111.0
0 15 133.0
0 26 31.0
0 31 1.0
0 34 4.0
0 41 4.0
0 54 1.0
0 65 17.0
0 67 17.0
0 86 14.0
0 87 4.0
0 89 4.0
0 95 7.0
0 103 1.0
1 0 35.0
2 8 2.0
2 49 10.0
2 52 1.0
2 56 4.0
2 58 2.0
2 76 2.0
2 91 1.0
3 4 1.0
3 7 3.0
3 8 3.0
3 18 2.0
3 25 1.0
3 65 1.0
3 70 1.0
3 71 1.0
3 73 2.0
3 87 1.0
3 89 52.0
3 93 2.0
4 0 1.0
4 3 1.0
4 8 2.0
4 14 2.0
4 54 2.0
5 7 1.0
5 8 59.0
5 11 23.0
5 14 18.0
5 15 6.0
5 16 3.0
5 18 1.0
5 24 2.0
5 33 1.0
5 34 4.0
5 36 20.0
5 38 1.0
5 39 3.0
5 41 3.0
5 47 1.0
5 48 15.0
5 49 1.0
5 57 3.0
5 61 1.0
5 65 10.0
5 67 15.0
5 70 6.0
5 71 3.0
5 73 3.0
5 76 3.0
5 81 18.0
5 87 17.0
5 89 1.0
5 93 1.0
5 95 2.0
5 98 1.0
5 102 1.0
5 106 1.0
6 24 42.0
6 55 2.0
6 75 22.0
6 101 1.0
6 104 1.0
7 3 3.0
7 5 1.0
7 8 10.0
7 14 2.0
7 18 5.0
7 26 8.0
7 37 1.0
7 41 20.0
7 43 2.0
7 44 1.0
7 48 1.0
7 49 2.0
7 50 1.0
7 57 3.0
7 65 4.0
7 67 36.0
7 70 5.0
7 71 6.0
7 72 1.0
7 73 1.0
7 78 1.0
7 87 79.0
7 89 2.0
7 93 36.0
7 106 2.0
8 0 3.0
8 2 2.0
8 3 3.0
8 4 2.0
8 5 59.0
8 7 10.0
8 9 4.0
8 11 14.0
8 13 4.0
8 14 729.0
8 15 99.0
8 16 23.0
8 18 106.0
8 19 8.0
8 21 9.0
8 23 5.0
8 24 160.0
8 25 5.0
8 26 171.0
8 28 9.0
8 29 2.0
8 31 12.0
8 32 11.0
8 33 57.0
8 34 105.0
8 35 10.0
8 36 48.0
8 37 8.0
8 38 10.0
8 39 36.0
8 40 54.0
8 41 53.0
8 43 45.0
8 44 25.0
8 45 1.0
8 46 7.0
8 47 2.0
8 48 58.0
8 49 1.0
8 50 1.0
8 51 1.0
8 53 14.0
8 54 1.0
8 55 4.0
8 56 2.0
8 57 57.0
8 59 1.0
8 60 2.0
8 61 48.0
8 64 3.0
8 65 199.0
8 67 619.0
8 69 2.0
8 70 32.0
8 71 105.0
8 72 16.0
8 73 136.0
8 75 42.0
8 76 73.0
8 77 1.0
8 79 3.0
8 80 89.0
8 81 19.0
8 83 3.0
8 86 10.0
8 87 51.0
8 89 130.0
8 90 3.0
8 91 1.0
8 93 7.0
8 94 26.0
8 95 145.0
8 96 16.0
8 97 9.0
8 98 28.0
8 99 39.0
8 101 10.0
8 102 1.0
8 103 29.0
8 104 1.0
8 106 51.0
8 107 2.0
9 8 4.0
9 36 1.0
9 50 3.0
9 52 1.0
9 56 7.0
9 58 3.0
9 72 2.0
9 73 2.0
9 100 5.0
10 12 1.0
10 36 1.0
10 47 13.0
10 67 1.0
10 72 1.0
10 77 3.0
10 78 1.0
10 80 1.0
10 87 2.0
11 5 23.0
11 8 14.0
11 14 3.0
11 15 2.0
11 16 2.0
11 34 1.0
11 36 5.0
11 39 2.0
11 41 1.0
11 44 3.0
11 48 2.0
11 57 5.0
11 67 3.0
11 70 7.0
11 71 7.0
11 73 1.0
11 87 2.0
11 93 1.0
11 98 3.0
11 99 1.0
11 103 1.0
11 106 3.0
12 10 1.0
12 47 2.0
12 52 1.0
12 75 1.0
12 77 2.0
12 92 1.0
13 8 4.0
13 14 6.0
13 33 4.0
13 34 1.0
13 38 2.0
13 40 1.0
13 43 4.0
13 44 1.0
13 76 3.0
13 80 1.0
13 83 3.0
13 98 1.0
13 101 1.0
14 0 111.0
14 4 2.0
14 5 18.0
14 7 2.0
14 8 729.0
14 11 3.0
14 13 6.0
14 15 313.0
14 16 12.0
14 18 103.0
14 19 1.0
14 21 4.0
14 22 1.0
14 23 3.0
14 24 173.0
14 25 7.0
14 26 97.0
14 28 4.0
14 29 1.0
14 31 9.0
14 32 22.0
14 33 6.0
14 34 150.0
14 35 11.0
14 36 17.0
14 37 13.0
14 38 5.0
14 39 10.0
14 40 128.0
14 41 32.0
14 43 121.0
14 44 16.0
14 46 21.0
14 48 6.0
14 49 4.0
14 51 2.0
14 53 49.0
14 54 1.0
14 55 2.0
14 57 154.0
14 59 1.0
14 60 1.0
14 61 20.0
14 62 2.0
14 64 2.0
14 65 274.0
14 67 818.0
14 70 9.0
14 71 223.0
14 72 5.0
14 73 185.0
14 74 5.0
14 75 9.0
14 76 38.0
14 79 1.0
14 80 60.0
14 81 12.0
14 86 40.0
14 87 118.0
14 89 105.0
14 90 31.0
14 94 20.0
14 95 140.0
14 96 13.0
14 97 24.0
14 98 36.0
14 99 74.0
14 100 3.0
14 101 3.0
14 103 7.0
14 106 19.0
15 0 133.0
15 5 6.0
15 8 99.0
15 11 2.0
15 14 313.0
15 16 1.0
15 18 11.0
15 19 6.0
15 26 58.0
15 32 1.0
15 33 21.0
15 34 7.0
15 35 5.0
15 36 12.0
15 37 10.0
15 38 8.0
15 39 10.0
15 40 2.0
15 41 3.0
15 43 2.0
15 44 53.0
15 45 15.0
15 46 2.0
15 48 2.0
15 57 159.0
15 61 24.0
15 65 5.0
15 67 44.0
15 70 2.0
15 71 27.0
15 72 1.0
15 73 6.0
15 74 1.0
15 75 9.0
15 76 560.0
15 79 2.0
15 80 9.0
15 81 12.0
15 86 46.0
15 87 2.0
15 89 12.0
15 94 3.0
15 95 25.0
15 97 7.0
15 98 2.0
15 99 6.0
15 101 21.0
15 103 1.0
15 106 404.0
16 5 3.0
16 8 23.0
16 11 2.0
16 14 12.0
16 15 1.0
16 18 5.0
16 23 2.0
16 24 9.0
16 26 1.0
16 34 10.0
16 35 1.0
16 36 5.0
16 37 10.0
16 38 1.0
16 40 46.0
16 41 2.0
16 43 7.0
16 44 1.0
16 46 2.0
16 48 3.0
16 57 2.0
16 61 1.0
16 65 6.0
16 67 21.0
16 70 3.0
16 71 8.0
16 73 16.0
16 74 1.0
16 75 2.0
16 76 1.0
16 80 3.0
16 82 1.0
16 86 1.0
16 87 1.0
16 93 2.0
16 95 10.0
16 96 2.0
16 99 7.0
16 101 14.0
16 106 4.0
17 49 1.0
17 72 2.0
17 89 2.0
18 3 2.0
18 5 1.0
18 7 5.0
18 8 106.0
18 14 103.0
18 15 11.0
18 16 5.0
18 21 9.0
18 24 232.0
18 26 6.0
18 28 1.0
18 31 7.0
18 32 8.0
18 33 1.0
18 34 29.0
18 36 2.0
18 37 13.0
18 38 1.0
18 39 1.0
18 40 62.0
18 41 9.0
18 43 420.0
18 44 2.0
18 46 13.0
18 49 1.0
18 57 22.0
18 63 1.0
18 64 7.0
18 65 750.0
18 67 207.0
18 69 1.0
18 70 6.0
18 71 179.0
18 73 316.0
18 74 14.0
18 75 1.0
18 76 11.0
18 80 8.0
18 81 1.0
18 86 9.0
18 87 44.0
18 89 334.0
18 90 7.0
18 91 1.0
18 95 30.0
18 96 28.0
18 97 2.0
18 98 1.0
18 99 4.0
18 100 1.0
18 101 2.0
18 102 1.0
18 103 1.0
18 104 8.0
19 8 8.0
19 14 1.0
19 15 6.0
19 21 2.0
19 33 46.0
19 34 1.0
19 44 3.0
19 57 6.0
19 61 6.0
19 67 1.0
19 71 1.0
19 75 4.0
19 76 7.0
19 79 8.0
19 80 4.0
19 89 1.0
19 98 1.0
19 101 3.0
19 106 3.0
20 49 1.0
20 50 3.0
20 70 1.0
20 72 1.0
21 8 9.0
21 14 4.0
21 18 9.0
21 19 2.0
21 24 1.0
21 33 1.0
21 34 1.0
21 35 2.0
21 37 1.0
21 43 1.0
21 65 1.0
21 67 3.0
21 70 4.0
21 71 35.0
21 73 1.0
21 75 1.0
21 98 2.0
21 104 6.0
22 14 1.0
22 34 3.0
23 8 5.0
23 14 3.0
23 16 2.0
23 24 1.0
23 26 155.0
23 34 2.0
23 36 1.0
23 40 9.0
23 43 1.0
23 44 2.0
23 57 6.0
23 63 5.0
23 64 1.0
23 65 2.0
23 71 2.0
23 74 2.0
23 76 1.0
23 97 1.0
23 102 1.0
24 5 2.0
24 6 42.0
24 8 160.0
24 14 173.0
24 16 9.0
24 18 232.0
24 21 1.0
24 23 1.0
24 25 3.0
24 26 1.0
24 29 1.0
24 31 21.0
24 32 10.0
24 34 15.0
24 35 1.0
24 36 1.0
24 37 5.0
24 38 3.0
24 40 62.0
24 41 1.0
24 43 118.0
24 44 8.0
24 46 11.0
24 48 1.0
24 53 4.0
24 57 31.0
24 65 578.0
24 67 310.0
24 70 2.0
24 71 121.0
24 73 162.0
24 74 6.0
24 75 3.0
24 76 12.0
24 80 6.0
24 81 1.0
24 86 5.0
24 87 54.0
24 89 252.0
24 90 4.0
24 94 2.0
24 95 9.0
24 96 85.0
24 97 14.0
24 98 3.0
24 99 3.0
24 106 2.0
25 3 1.0
25 8 5.0
25 14 7.0
25 24 3.0
25 28 1.0
25 31 2.0
25 32 2.0
25 34 2.0
25 37 2.0
25 40 3.0
25 46 2.0
25 61 4.0
25 64 1.0
25 65 3.0
25 67 6.0
25 71 1.0
25 89 1.0
25 95 3.0
25 96 2.0
25 97 1.0
25 101 1.0
26 0 31.0
26 7 8.0
26 8 171.0
26 14 97.0
26 15 58.0
26 16 1.0
26 18 6.0
26 23 155.0
26 24 1.0
26 33 4.0
26 34 19.0
26 35 1.0
26 38 3.0
26 40 42.0
26 41 5.0
26 43 19.0
26 44 3.0
26 53 1.0
26 56 1.0
26 57 112.0
26 61 18.0
26 63 9.0
26 65 32.0
26 67 39.0
26 71 10.0
26 72 2.0
26 73 20.0
26 74 1.0
26 75 6.0
26 76 14.0
26 80 2.0
26 81 1.0
26 86 4.0
26 87 18.0
26 89 1.0
26 90 2.0
26 94 1.0
26 95 4.0
26 96 1.0
26 98 4.0
26 99 4.0
26 101 4.0
26 103 1.0
26 106 7.0
27 41 8.0
27 93 6.0
28 8 9.0
28 14 4.0
28 18 1.0
28 25 1.0
28 32 2.0
28 34 10.0
28 37 3.0
28 39 2.0
28 41 1.0
28 43 4.0
28 46 3.0
28 65 4.0
28 67 7.0
28 70 1.0
28 71 5.0
28 73 3.0
28 74 1.0
28 83 1.0
28 87 10.0
28 89 4.0
28 90 3.0
28 95 2.0
28 97 3.0
28 98 1.0
28 99 1.0
28 101 5.0
29 8 2.0
29 14 1.0
29 24 1.0
29 33 1.0
29 34 2.0
29 70 1.0
29 75 1.0
29 87 1.0
29 89 11.0
29 106 1.0
30 47 1.0
30 49 1.0
30 50 7.0
30 59 1.0
30 62 9.0
30 67 2.0
30 69 2.0
30 72 12.0
31 0 1.0
31 8 12.0
31 14 9.0
31 18 7.0
31 24 21.0
31 25 2.0
31 32 12.0
31 37 2.0
31 39 2.0
31 40 24.0
31 41 1.0
31 43 4.0
31 46 16.0
31 65 9.0
31 67 52.0
31 71 1.0
31 73 4.0
31 89 40.0
31 94 1.0
31 95 4.0
31 98 19.0
31 107 1.0
32 8 11.0
32 14 22.0
32 15 1.0
32 18 8.0
32 24 10.0
32 25 2.0
32 28 2.0
32 31 12.0
32 33 1.0
32 34 4.0
32 37 2.0
32 40 24.0
32 41 1.0
32 43 4.0
32 44 1.0
32 46 35.0
32 53 11.0
32 54 1.0
32 65 9.0
32 67 15.0
32 71 7.0
32 73 7.0
32 76 2.0
32 80 1.0
32 89 9.0
32 90 2.0
32 94 26.0
32 95 39.0
32 96 2.0
32 97 1.0
32 98 1.0
32 99 4.0
33 5 1.0
33 8 57.0
33 13 4.0
33 14 6.0
33 15 21.0
33 18 1.0
33 19 46.0
33 21 1.0
33 26 4.0
33 29 1.0
33 32 1.0
33 34 1.0
33 35 4.0
33 36 3.0
33 37 14.0
33 38 9.0
33 41 5.0
33 44 16.0
33 47 1.0
33 48 1.0
33 53 3.0
33 55 3.0
33 57 25.0
33 61 4.0
33 65 2.0
33 67 4.0
33 71 2.0
33 72 1.0
33 73 1.0
33 74 1.0
33 75 2.0
33 76 22.0
33 79 3.0
33 80 3.0
33 81 1.0
33 86 1.0
33 89 3.0
33 95 4.0
33 96 1.0
33 101 40.0
33 106 27.0
34 0 4.0
34 5 4.0
34 8 105.0
34 11 1.0
34 13 1.0
34 14 150.0
34 15 7.0
34 16 10.0
34 18 29.0
34 19 1.0
34 21 1.0
34 22 3.0
34 23 2.0
34 24 15.0
34 25 2.0
34 26 19.0
34 28 10.0
34 29 2.0
34 32 4.0
34 33 1.0
34 36 1.0
34 37 1.0
34 38 3.0
34 40 28.0
34 41 1.0
34 43 6.0
34 44 18.0
34 46 5.0
34 47 2.0
34 49 3.0
34 53 1.0
34 57 21.0
34 60 1.0
34 61 4.0
34 63 2.0
34 64 1.0
34 65 23.0
34 67 107.0
34 70 1.0
34 71 180.0
34 73 29.0
34 74 2.0
34 76 10.0
34 80 5.0
34 81 4.0
34 86 3.0
34 87 4.0
34 89 7.0
34 90 3.0
34 95 10.0
34 96 2.0
34 97 2.0
34 98 5.0
34 99 17.0
34 101 4.0
34 103 1.0
34 106 2.0
34 107 1.0
35 8 10.0
35 14 11.0
35 15 5.0
35 16 1.0
35 21 2.0
35 24 1.0
35 26 1.0
35 33 4.0
35 36 1.0
35 37 5.0
35 39 1.0
35 40 1.0
35 44 2.0
35 48 1.0
35 55 1.0
35 57 2.0
35 61 7.0
35 65 1.0
35 67 6.0
35 71 2.0
35 75 4.0
35 76 7.0
35 79 1.0
35 80 2.0
35 94 1.0
35 98 2.0
35 99 1.0
35 101 1.0
35 106 4.0
36 5 20.0
36 8 48.0
36 9 1.0
36 10 1.0
36 11 5.0
36 14 17.0
36 15 12.0
36 16 5.0
36 18 2.0
36 23 1.0
36 24 1.0
36 33 3.0
36 34 1.0
36 35 1.0
36 39 4.0
36 43 1.0
36 44 4.0
36 45 1.0
36 48 2.0
36 49 8.0
36 54 1.0
36 57 5.0
36 61 2.0
36 65 4.0
36 67 15.0
36 70 13.0
36 71 6.0
36 72 1.0
36 73 2.0
36 75 1.0
36 76 2.0
36 79 1.0
36 80 1.0
36 81 1.0
36 87 1.0
36 89 2.0
36 99 2.0
36 101 2.0
37 7 1.0
37 8 8.0
37 14 13.0
37 15 10.0
37 16 10.0
37 18 13.0
37 21 1.0
37 24 5.0
37 25 2.0
37 28 3.0
37 31 2.0
37 32 2.0
37 33 14.0
37 34 1.0
37 35 5.0
37 40 5.0
37 41 8.0
37 43 3.0
37 46 4.0
37 57 13.0
37 64 1.0
37 65 12.0
37 67 7.0
37 71 9.0
37 73 15.0
37 74 5.0
37 75 1.0
37 76 2.0
37 86 3.0
37 89 9.0
37 90 22.0
37 93 1.0
37 95 3.0
37 97 4.0
37 99 4.0
37 101 3.0
38 5 1.0
38 8 10.0
38 13 2.0
38 14 5.0
38 15 8.0
38 16 1.0
38 18 1.0
38 24 3.0
38 26 3.0
38 33 9.0
38 34 3.0
38 44 28.0
38 57 16.0
38 65 1.0
38 67 7.0
38 71 1.0
38 73 7.0
38 74 2.0
38 75 1.0
38 79 2.0
38 80 51.0
38 81 5.0
38 95 1.0
38 96 1.0
38 99 4.0
38 101 3.0
38 106 5.0
39 5 3.0
39 8 36.0
39 11 2.0
39 14 10.0
39 15 10.0
39 18 1.0
39 28 2.0
39 31 2.0
39 35 1.0
39 36 4.0
39 46 1.0
39 48 21.0
39 54 1.0
39 57 7.0
39 59 2.0
39 67 4.0
39 70 2.0
39 71 2.0
39 73 2.0
39 75 7.0
39 76 3.0
39 80 1.0
39 81 3.0
39 87 2.0
39 89 1.0
39 93 4.0
39 95 2.0
39 103 2.0
40 8 54.0
40 13 1.0
40 14 128.0
40 15 2.0
40 16 46.0
40 18 62.0
40 23 9.0
40 24 62.0
40 25 3.0
40 26 42.0
40 31 24.0
40 32 24.0
40 34 28.0
40 35 1.0
40 37 5.0
40 41 2.0
40 43 47.0
40 44 17.0
40 46 34.0
40 53 4.0
40 57 15.0
40 60 1.0
40 65 94.0
40 67 136.0
40 71 91.0
40 73 60.0
40 74 6.0
40 76 19.0
40 81 2.0
40 83 1.0
40 86 4.0
40 87 17.0
40 89 62.0
40 90 2.0
40 95 13.0
40 96 1.0
40 97 3.0
40 98 3.0
40 99 3.0
40 102 4.0
40 106 1.0
41 0 4.0
41 5 3.0
41 7 20.0
41 8 53.0
41 11 1.0
41 14 32.0
41 15 3.0
41 16 2.0
41 18 9.0
41 24 1.0
41 26 5.0
41 27 8.0
41 28 1.0
41 31 1.0
41 32 1.0
41 33 5.0
41 34 1.0
41 37 8.0
41 40 2.0
41 43 3.0
41 44 3.0
41 47 2.0
41 48 1.0
41 49 1.0
41 50 1.0
41 57 56.0
41 60 2.0
41 65 19.0
41 67 24.0
41 69 2.0
41 70 2.0
41 71 9.0
41 72 2.0
41 73 17.0
41 74 3.0
41 75 2.0
41 76 6.0
41 80 2.0
41 87 27.0
41 89 24.0
41 90 1.0
41 93 10.0
41 95 6.0
41 96 2.0
41 99 1.0
41 101 8.0
41 102 4.0
41 106 14.0
43 7 2.0
43 8 45.0
43 13 4.0
43 14 121.0
43 15 2.0
43 16 7.0
43 18 420.0
43 21 1.0
43 23 1.0
43 24 118.0
43 26 19.0
43 28 4.0
43 31 4.0
43 32 4.0
43 34 6.0
43 36 1.0
43 37 3.0
43 40 47.0
43 41 3.0
43 44 2.0
43 46 7.0
43 49 6.0
43 57 69.0
43 61 6.0
43 65 1162.0
43 67 136.0
43 70 1.0
43 71 288.0
43 73 483.0
43 74 2.0
43 76 1.0
43 80 2.0
43 81 1.0
43 83 6.0
43 86 15.0
43 87 63.0
43 89 64.0
43 90 6.0
43 96 10.0
43 97 9.0
43 98 2.0
43 99 2.0
43 106 2.0
44 7 1.0
44 8 25.0
44 11 3.0
44 13 1.0
44 14 16.0
44 15 53.0
44 16 1.0
44 18 2.0
44 19 3.0
44 23 2.0
44 24 8.0
44 26 3.0
44 32 1.0
44 33 16.0
44 34 18.0
44 35 2.0
44 36 4.0
44 38 28.0
44 40 17.0
44 41 3.0
44 43 2.0
44 45 3.0
44 48 2.0
44 57 127.0
44 65 1.0
44 67 5.0
44 71 3.0
44 73 2.0
44 76 41.0
44 80 16.0
44 81 3.0
44 86 2.0
44 95 1.0
44 97 1.0
44 101 1.0
44 106 8.0
45 8 1.0
45 15 15.0
45 36 1.0
45 44 3.0
45 57 3.0
45 72 1.0
45 76 9.0
46 8 7.0
46 14 21.0
46 15 2.0
46 16 2.0
46 18 13.0
46 24 11.0
46 25 2.0
46 28 3.0
46 31 16.0
46 32 35.0
46 34 5.0
46 37 4.0
46 39 1.0
46 40 34.0
46 43 7.0
46 57 6.0
46 64 4.0
46 65 7.0
46 67 6.0
46 71 7.0
46 73 5.0
46 75 1.0
46 86 1.0
46 89 14.0
46 90 2.0
46 94 1.0
46 95 11.0
46 97 1.0
46 98 1.0
46 99 3.0
46 101 1.0
47 5 1.0
47 8 2.0
47 10 13.0
47 12 2.0
47 30 1.0
47 33 1.0
47 34 2.0
47 41 2.0
47 49 2.0
47 52 1.0
47 57 2.0
47 69 2.0
47 71 1.0
47 72 3.0
47 77 2.0
47 78 1.0
47 86 1.0
47 87 7.0
47 101 5.0
47 106 1.0
48 5 15.0
48 7 1.0
48 8 58.0
48 11 2.0
48 14 6.0
48 15 2.0
48 16 3.0
48 24 1.0
48 33 1.0
48 35 1.0
48 36 2.0
48 39 21.0
48 41 1.0
48 44 2.0
48 49 1.0
48 53 1.0
48 54 1.0
48 65 1.0
48 67 2.0
48 70 1.0
48 71 1.0
48 73 1.0
48 76 1.0
48 80 1.0
48 95 18.0
48 98 1.0
48 99 1.0
48 101 2.0
48 103 1.0
49 2 10.0
49 5 1.0
49 7 2.0
49 8 1.0
49 14 4.0
49 17 1.0
49 18 1.0
49 20 1.0
49 30 1.0
49 34 3.0
49 36 8.0
49 41 1.0
49 43 6.0
49 47 2.0
49 48 1.0
49 57 6.0
49 59 14.0
49 60 1.0
49 62 2.0
49 65 2.0
49 67 2.0
49 69 10.0
49 70 6.0
49 71 4.0
49 72 47.0
49 73 1.0
49 80 1.0
49 89 1.0
49 95 2.0
49 97 1.0
49 99 1.0
49 106 1.0
50 7 1.0
50 8 1.0
50 9 3.0
50 20 3.0
50 30 7.0
50 41 1.0
50 56 3.0
50 58 1.0
50 72 4.0
50 87 4.0
50 93 1.0
51 8 1.0
51 14 2.0
52 2 1.0
52 9 1.0
52 12 1.0
52 47 1.0
52 56 14.0
52 58 4.0
52 67 3.0
52 77 1.0
53 8 14.0
53 14 49.0
53 24 4.0
53 26 1.0
53 32 11.0
53 33 3.0
53 34 1.0
53 40 4.0
53 48 1.0
53 54 2.0
53 67 1.0
53 71 1.0
53 72 1.0
53 80 1.0
53 81 1.0
53 86 2.0
53 95 2.0
53 97 2.0
53 98 2.0
53 99 1.0
53 101 3.0
54 0 1.0
54 4 2.0
54 8 1.0
54 14 1.0
54 32 1.0
54 36 1.0
54 39 1.0
54 48 1.0
54 53 2.0
54 57 1.0
54 76 1.0
55 6 2.0
55 8 4.0
55 14 2.0
55 33 3.0
55 35 1.0
55 67 1.0
55 79 2.0
55 80 1.0
55 81 3.0
55 101 1.0
55 104 1.0
55 106 10.0
56 2 4.0
56 8 2.0
56 9 7.0
56 26 1.0
56 50 3.0
56 52 14.0
56 58 23.0
56 66 1.0
56 71 1.0
56 76 2.0
56 89 6.0
56 91 3.0
56 94 1.0
56 100 2.0
56 105 1.0
57 5 3.0
57 7 3.0
57 8 57.0
57 11 5.0
57 14 154.0
57 15 159.0
57 16 2.0
57 18 22.0
57 19 6.0
57 23 6.0
57 24 31.0
57 26 112.0
57 33 25.0
57 34 21.0
57 35 2.0
57 36 5.0
57 37 13.0
57 38 16.0
57 39 7.0
57 40 15.0
57 41 56.0
57 43 69.0
57 44 127.0
57 45 3.0
57 46 6.0
57 47 2.0
57 49 6.0
57 54 1.0
57 61 168.0
57 63 1.0
57 65 69.0
57 67 63.0
57 70 3.0
57 71 342.0
57 73 65.0
57 74 2.0
57 75 82.0
57 76 111.0
57 79 7.0
57 80 60.0
57 81 12.0
57 83 2.0
57 86 6.0
57 87 9.0
57 89 21.0
57 93 2.0
57 95 2.0
57 96 2.0
57 97 17.0
57 98 2.0
57 99 1.0
57 101 15.0
57 102 2.0
57 103 2.0
57 106 74.0
58 2 2.0
58 9 3.0
58 50 1.0
58 52 4.0
58 56 23.0
58 61 1.0
58 67 1.0
58 71 1.0
58 72 3.0
58 76 1.0
58 91 3.0
59 8 1.0
59 14 1.0
59 30 1.0
59 39 2.0
59 49 14.0
59 62 4.0
59 69 13.0
59 72 11.0
59 75 1.0
59 94 1.0
60 8 2.0
60 14 1.0
60 34 1.0
60 40 1.0
60 41 2.0
60 49 1.0
60 65 2.0
60 70 18.0
60 76 2.0
60 93 5.0
60 95 1.0
60 102 10.0
61 5 1.0
61 8 48.0
61 14 20.0
61 15 24.0
61 16 1.0
61 19 6.0
61 25 4.0
61 26 18.0
61 33 4.0
61 34 4.0
61 35 7.0
61 36 2.0
61 43 6.0
61 57 168.0
61 58 1.0
61 65 2.0
61 67 21.0
61 70 6.0
61 73 1.0
61 75 27.0
61 76 28.0
61 80 3.0
61 89 7.0
61 95 6.0
61 96 2.0
61 99 1.0
61 101 3.0
61 106 53.0
62 14 2.0
62 30 9.0
62 49 2.0
62 59 4.0
62 72 13.0
63 18 1.0
63 23 5.0
63 26 9.0
63 34 2.0
63 57 1.0
63 67 1.0
63 80 4.0
63 81 2.0
63 83 6.0
64 8 3.0
64 14 2.0
64 18 7.0
64 23 1.0
64 25 1.0
64 34 1.0
64 37 1.0
64 46 4.0
64 65 1.0
64 67 2.0
64 71 2.0
64 73 3.0
64 86 1.0
64 89 2.0
64 95 1.0
65 0 17.0
65 3 1.0
65 5 10.0
65 7 4.0
65 8 199.0
65 14 274.0
65 15 5.0
65 16 6.0
65 18 750.0
65 21 1.0
65 23 2.0
65 24 578.0
65 25 3.0
65 26 32.0
65 28 4.0
65 31 9.0
65 32 9.0
65 33 2.0
65 34 23.0
65 35 1.0
65 36 4.0
65 37 12.0
65 38 1.0
65 40 94.0
65 41 19.0
65 43 1162.0
65 44 1.0
65 46 7.0
65 48 1.0
65 49 2.0
65 57 69.0
65 60 2.0
65 61 2.0
65 64 1.0
65 67 313.0
65 70 1.0
65 71 295.0
65 72 26.0
65 73 712.0
65 74 12.0
65 75 3.0
65 76 6.0
65 80 11.0
65 83 1.0
65 86 10.0
65 87 156.0
65 89 287.0
65 90 9.0
65 94 1.0
65 95 11.0
65 96 44.0
65 97 9.0
65 98 9.0
65 99 18.0
65 101 1.0
65 102 2.0
65 106 4.0
65 107 2.0
66 56 1.0
66 72 1.0
67 0 17.0
67 5 15.0
67 7 36.0
67 8 619.0
67 10 1.0
67 11 3.0
67 14 818.0
67 15 44.0
67 16 21.0
67 18 207.0
67 19 1.0
67 21 3.0
67 24 310.0
67 25 6.0
67 26 39.0
67 28 7.0
67 30 2.0
67 31 52.0
67 32 15.0
67 33 4.0
67 34 107.0
67 35 6.0
67 36 15.0
67 37 7.0
67 38 7.0
67 39 4.0
67 40 136.0
67 41 24.0
67 43 136.0
67 44 5.0
67 46 6.0
67 48 2.0
67 49 2.0
67 52 3.0
67 53 1.0
67 55 1.0
67 57 63.0
67 58 1.0
67 61 21.0
67 63 1.0
67 64 2.0
67 65 313.0
67 70 5.0
67 71 213.0
67 72 23.0
67 73 165.0
67 74 4.0
67 75 10.0
67 76 31.0
67 79 1.0
67 80 12.0
67 81 7.0
67 83 1.0
67 86 13.0
67 87 50.0
67 89 515.0
67 90 17.0
67 94 6.0
67 95 101.0
67 96 13.0
67 97 24.0
67 98 60.0
67 99 55.0
67 100 1.0
67 101 5.0
67 102 3.0
67 103 1.0
67 104 1.0
67 106 18.0
67 107 4.0
69 8 2.0
69 18 1.0
69 30 2.0
69 41 2.0
69 47 2.0
69 49 10.0
69 59 13.0
69 71 1.0
69 72 7.0
69 75 2.0
69 93 1.0
69 95 1.0
70 3 1.0
70 5 6.0
70 7 5.0
70 8 32.0
70 11 7.0
70 14 9.0
70 15 2.0
70 16 3.0
70 18 6.0
70 20 1.0
70 21 4.0
70 24 2.0
70 28 1.0
70 29 1.0
70 34 1.0
70 36 13.0
70 39 2.0
70 41 2.0
70 43 1.0
70 48 1.0
70 49 6.0
70 57 3.0
70 60 18.0
70 61 6.0
70 65 1.0
70 67 5.0
70 71 12.0
70 73 7.0
70 74 1.0
70 76 3.0
70 87 15.0
70 89 6.0
70 90 1.0
70 93 2.0
70 95 2.0
70 102 13.0
70 103 1.0
70 106 3.0
71 3 1.0
71 5 3.0
71 7 6.0
71 8 105.0
71 11 7.0
71 14 223.0
71 15 27.0
71 16 8.0
71 18 179.0
71 19 1.0
71 21 35.0
71 23 2.0
71 24 121.0
71 25 1.0
71 26 10.0
71 28 5.0
71 31 1.0
71 32 7.0
71 33 2.0
71 34 180.0
71 35 2.0
71 36 6.0
71 37 9.0
71 38 1.0
71 39 2.0
71 40 91.0
71 41 9.0
71 43 288.0
71 44 3.0
71 46 7.0
71 47 1.0
71 48 1.0
71 49 4.0
71 53 1.0
71 56 1.0
71 57 342.0
71 58 1.0
71 64 2.0
71 65 295.0
71 67 213.0
71 69 1.0
71 70 12.0
71 72 3.0
71 73 171.0
71 74 5.0
71 75 2.0
71 76 13.0
71 79 1.0
71 80 6.0
71 81 3.0
71 86 5.0
71 87 34.0
71 89 74.0
71 90 1.0
71 94 2.0
71 95 10.0
71 96 18.0
71 97 24.0
71 98 4.0
71 99 7.0
71 101 11.0
71 102 2.0
71 106 4.0
72 7 1.0
72 8 16.0
72 9 2.0
72 10 1.0
72 14 5.0
72 15 1.0
72 17 2.0
72 20 1.0
72 26 2.0
72 30 12.0
72 33 1.0
72 36 1.0
72 41 2.0
72 45 1.0
72 47 3.0
72 49 47.0
72 50 4.0
72 53 1.0
72 58 3.0
72 59 11.0
72 62 13.0
72 65 26.0
72 66 1.0
72 67 23.0
72 69 7.0
72 71 3.0
72 89 5.0
72 95 2.0
72 98 1.0
72 103 1.0
72 104 4.0
73 3 2.0
73 5 3.0
73 7 1.0
73 8 136.0
73 9 2.0
73 11 1.0
73 14 185.0
73 15 6.0
73 16 16.0
73 18 316.0
73 21 1.0
73 24 162.0
73 26 20.0
73 28 3.0
73 31 4.0
73 32 7.0
73 33 1.0
73 34 29.0
73 36 2.0
73 37 15.0
73 38 7.0
73 39 2.0
73 40 60.0
73 41 17.0
73 43 483.0
73 44 2.0
73 46 5.0
73 48 1.0
73 49 1.0
73 57 65.0
73 61 1.0
73 64 3.0
73 65 712.0
73 67 165.0
73 70 7.0
73 71 171.0
73 74 13.0
73 76 15.0
73 79 2.0
73 80 61.0
73 81 2.0
73 83 12.0
73 86 15.0
73 87 51.0
73 89 100.0
73 90 5.0
73 94 1.0
73 95 10.0
73 96 25.0
73 97 7.0
73 98 4.0
73 99 2.0
73 100 1.0
73 101 2.0
73 103 1.0
73 106 4.0
74 14 5.0
74 15 1.0
74 16 1.0
74 18 14.0
74 23 2.0
74 24 6.0
74 26 1.0
74 28 1.0
74 33 1.0
74 34 2.0
74 37 5.0
74 38 2.0
74 40 6.0
74 41 3.0
74 43 2.0
74 57 2.0
74 65 12.0
74 67 4.0
74 70 1.0
74 71 5.0
74 73 13.0
74 86 2.0
74 87 6.0
74 90 4.0
74 99 1.0
75 6 22.0
75 8 42.0
75 12 1.0
75 14 9.0
75 15 9.0
75 16 2.0
75 18 1.0
75 19 4.0
75 21 1.0
75 24 3.0
75 26 6.0
75 29 1.0
75 33 2.0
75 35 4.0
75 36 1.0
75 37 1.0
75 38 1.0
75 39 7.0
75 41 2.0
75 46 1.0
75 57 82.0
75 59 1.0
75 61 27.0
75 65 3.0
75 67 10.0
75 69 2.0
75 71 2.0
75 76 4.0
75 80 5.0
75 81 1.0
75 86 4.0
75 87 5.0
75 89 2.0
75 95 1.0
75 101 28.0
75 106 8.0
76 2 2.0
76 5 3.0
76 8 73.0
76 13 3.0
76 14 38.0
76 15 560.0
76 16 1.0
76 18 11.0
76 19 7.0
76 23 1.0
76 24 12.0
76 26 14.0
76 32 2.0
76 33 22.0
76 34 10.0
76 35 7.0
76 36 2.0
76 37 2.0
76 39 3.0
76 40 19.0
76 41 6.0
76 43 1.0
76 44 41.0
76 45 9.0
76 48 1.0
76 54 1.0
76 56 2.0
76 57 111.0
76 58 1.0
76 60 2.0
76 61 28.0
76 65 6.0
76 67 31.0
76 70 3.0
76 71 13.0
76 73 15.0
76 75 4.0
76 79 2.0
76 80 11.0
76 81 7.0
76 83 2.0
76 86 5.0
76 87 5.0
76 88 1.0
76 89 2.0
76 94 3.0
76 95 7.0
76 96 1.0
76 97 1.0
76 98 1.0
76 99 1.0
76 101 31.0
76 106 38.0
77 8 1.0
77 10 3.0
77 12 2.0
77 47 2.0
77 52 1.0
77 87 6.0
77 92 1.0
78 7 1.0
78 10 1.0
78 47 1.0
79 8 3.0
79 14 1.0
79 15 2.0
79 19 8.0
79 33 3.0
79 35 1.0
79 36 1.0
79 38 2.0
79 55 2.0
79 57 7.0
79 67 1.0
79 71 1.0
79 73 2.0
79 76 2.0
79 80 2.0
79 87 1.0
79 99 1.0
79 101 2.0
79 106 10.0
80 8 89.0
80 10 1.0
80 13 1.0
80 14 60.0
80 15 9.0
80 16 3.0
80 18 8.0
80 19 4.0
80 24 6.0
80 26 2.0
80 32 1.0
80 33 3.0
80 34 5.0
80 35 2.0
80 36 1.0
80 38 51.0
80 39 1.0
80 41 2.0
80 43 2.0
80 44 16.0
80 48 1.0
80 49 1.0
80 53 1.0
80 55 1.0
80 57 60.0
80 61 3.0
80 63 4.0
80 65 11.0
80 67 12.0
80 71 6.0
80 73 61.0
80 75 5.0
80 76 11.0
80 79 2.0
80 81 7.0
80 86 2.0
80 89 1.0
80 95 9.0
80 96 2.0
80 98 3.0
80 99 1.0
81 5 18.0
81 8 19.0
81 14 12.0
81 15 12.0
81 18 1.0
81 24 1.0
81 26 1.0
81 33 1.0
81 34 4.0
81 36 1.0
81 38 5.0
81 39 3.0
81 40 2.0
81 43 1.0
81 44 3.0
81 53 1.0
81 55 3.0
81 57 12.0
81 63 2.0
81 67 7.0
81 71 3.0
81 73 2.0
81 75 1.0
81 76 7.0
81 80 7.0
81 83 15.0
81 87 2.0
81 95 1.0
81 101 2.0
81 106 4.0
82 16 1.0
83 8 3.0
83 13 3.0
83 28 1.0
83 40 1.0
83 43 6.0
83 57 2.0
83 63 6.0
83 65 1.0
83 67 1.0
83 73 12.0
83 76 2.0
83 81 15.0
83 98 5.0
84 89 1.0
86 0 14.0
86 8 10.0
86 14 40.0
86 15 46.0
86 16 1.0
86 18 9.0
86 24 5.0
86 26 4.0
86 33 1.0
86 34 3.0
86 37 3.0
86 40 4.0
86 43 15.0
86 44 2.0
86 46 1.0
86 47 1.0
86 53 2.0
86 57 6.0
86 64 1.0
86 65 10.0
86 67 13.0
86 71 5.0
86 73 15.0
86 74 2.0
86 75 4.0
86 76 5.0
86 80 2.0
86 87 12.0
86 89 2.0
86 95 2.0
86 96 2.0
86 97 1.0
86 101 3.0
87 0 4.0
87 3 1.0
87 5 17.0
87 7 79.0
87 8 51.0
87 10 2.0
87 11 2.0
87 14 118.0
87 15 2.0
87 16 1.0
87 18 44.0
87 24 54.0
87 26 18.0
87 28 10.0
87 29 1.0
87 34 4.0
87 36 1.0
87 39 2.0
87 40 17.0
87 41 27.0
87 43 63.0
87 47 7.0
87 50 4.0
87 57 9.0
87 65 156.0
87 67 50.0
87 70 15.0
87 71 34.0
87 73 51.0
87 74 6.0
87 75 5.0
87 76 5.0
87 77 6.0
87 79 1.0
87 81 2.0
87 86 12.0
87 89 207.0
87 90 3.0
87 93 26.0
87 97 4.0
87 102 9.0
87 103 4.0
87 106 5.0
88 76 1.0
89 0 4.0
89 3 52.0
89 5 1.0
89 7 2.0
89 8 130.0
89 14 105.0
89 15 12.0
89 17 2.0
89 18 334.0
89 19 1.0
89 24 252.0
89 25 1.0
89 26 1.0
89 28 4.0
89 29 11.0
89 31 40.0
89 32 9.0
89 33 3.0
89 34 7.0
89 36 2.0
89 37 9.0
89 39 1.0
89 40 62.0
89 41 24.0
89 43 64.0
89 46 14.0
89 49 1.0
89 56 6.0
89 57 21.0
89 61 7.0
89 64 2.0
89 65 287.0
89 67 515.0
89 70 6.0
89 71 74.0
89 72 5.0
89 73 100.0
89 75 2.0
89 76 2.0
89 80 1.0
89 84 1.0
89 86 2.0
89 87 207.0
89 93 6.0
89 95 10.0
89 98 2.0
89 99 8.0
89 102 1.0
89 106 13.0
90 8 3.0
90 14 31.0
90 18 7.0
90 24 4.0
90 26 2.0
90 28 3.0
90 32 2.0
90 34 3.0
90 37 22.0
90 40 2.0
90 41 1.0
90 43 6.0
90 46 2.0
90 65 9.0
90 67 17.0
90 70 1.0
90 71 1.0
90 73 5.0
90 74 4.0
90 87 3.0
90 95 1.0
90 98 3.0
90 99 2.0
90 106 2.0
91 2 1.0
91 8 1.0
91 18 1.0
91 56 3.0
91 58 3.0
91 95 1.0
92 12 1.0
92 77 1.0
93 3 2.0
93 5 1.0
93 7 36.0
93 8 7.0
93 11 1.0
93 16 2.0
93 27 6.0
93 37 1.0
93 39 4.0
93 41 10.0
93 50 1.0
93 57 2.0
93 60 5.0
93 69 1.0
93 70 2.0
93 87 26.0
93 89 6.0
93 95 1.0
93 102 14.0
94 8 26.0
94 14 20.0
94 15 3.0
94 24 2.0
94 26 1.0
94 31 1.0
94 32 26.0
94 35 1.0
94 46 1.0
94 56 1.0
94 59 1.0
94 65 1.0
94 67 6.0
94 71 2.0
94 73 1.0
94 76 3.0
94 95 67.0
94 98 4.0
94 99 4.0
94 106 2.0
95 0 7.0
95 5 2.0
95 8 145.0
95 14 140.0
95 15 25.0
95 16 10.0
95 18 30.0
95 24 9.0
95 25 3.0
95 26 4.0
95 28 2.0
95 31 4.0
95 32 39.0
95 33 4.0
95 34 10.0
95 37 3.0
95 38 1.0
95 39 2.0
95 40 13.0
95 41 6.0
95 44 1.0
95 46 11.0
95 48 18.0
95 49 2.0
95 53 2.0
95 57 2.0
95 60 1.0
95 61 6.0
95 64 1.0
95 65 11.0
95 67 101.0
95 69 1.0
95 70 2.0
95 71 10.0
95 72 2.0
95 73 10.0
95 75 1.0
95 76 7.0
95 80 9.0
95 81 1.0
95 86 2.0
95 89 10.0
95 90 1.0
95 91 1.0
95 93 1.0
95 94 67.0
95 96 2.0
95 97 3.0
95 98 4.0
95 99 34.0
95 101 1.0
95 103 1.0
95 106 2.0
96 8 16.0
96 14 13.0
96 16 2.0
96 18 28.0
96 24 85.0
96 25 2.0
96 26 1.0
96 32 2.0
96 33 1.0
96 34 2.0
96 38 1.0
96 40 1.0
96 41 2.0
96 43 10.0
96 57 2.0
96 61 2.0
96 65 44.0
96 67 13.0
96 71 18.0
96 73 25.0
96 76 1.0
96 80 2.0
96 86 2.0
96 95 2.0
96 97 18.0
96 98 1.0
97 8 9.0
97 14 24.0
97 15 7.0
97 18 2.0
97 23 1.0
97 24 14.0
97 25 1.0
97 28 3.0
97 32 1.0
97 34 2.0
97 37 4.0
97 40 3.0
97 43 9.0
97 44 1.0
97 46 1.0
97 49 1.0
97 53 2.0
97 57 17.0
97 65 9.0
97 67 24.0
97 71 24.0
97 73 7.0
97 76 1.0
97 86 1.0
97 87 4.0
97 95 3.0
97 96 18.0
97 100 1.0
97 101 1.0
97 102 1.0
98 5 1.0
98 8 28.0
98 11 3.0
98 13 1.0
98 14 36.0
98 15 2.0
98 18 1.0
98 19 1.0
98 21 2.0
98 24 3.0
98 26 4.0
98 28 1.0
98 31 19.0
98 32 1.0
98 34 5.0
98 35 2.0
98 40 3.0
98 43 2.0
98 46 1.0
98 48 1.0
98 53 2.0
98 57 2.0
98 65 9.0
98 67 60.0
98 71 4.0
98 72 1.0
98 73 4.0
98 76 1.0
98 80 3.0
98 83 5.0
98 89 2.0
98 90 3.0
98 94 4.0
98 95 4.0
98 96 1.0
98 99 6.0
98 107 7.0
99 8 39.0
99 11 1.0
99 14 74.0
99 15 6.0
99 16 7.0
99 18 4.0
99 24 3.0
99 26 4.0
99 28 1.0
99 32 4.0
99 34 17.0
99 35 1.0
99 36 2.0
99 37 4.0
99 38 4.0
99 40 3.0
99 41 1.0
99 43 2.0
99 46 3.0
99 48 1.0
99 49 1.0
99 53 1.0
99 57 1.0
99 61 1.0
99 65 18.0
99 67 55.0
99 71 7.0
99 73 2.0
99 74 1.0
99 76 1.0
99 79 1.0
99 80 1.0
99 89 8.0
99 90 2.0
99 94 4.0
99 95 34.0
99 98 6.0
99 103 1.0
99 106 1.0
100 9 5.0
100 14 3.0
100 18 1.0
100 56 2.0
100 67 1.0
100 73 1.0
100 97 1.0
101 6 1.0
101 8 10.0
101 13 1.0
101 14 3.0
101 15 21.0
101 16 14.0
101 18 2.0
101 19 3.0
101 25 1.0
101 26 4.0
101 28 5.0
101 33 40.0
101 34 4.0
101 35 1.0
101 36 2.0
101 37 3.0
101 38 3.0
101 41 8.0
101 44 1.0
101 46 1.0
101 47 5.0
101 48 2.0
101 53 3.0
101 55 1.0
101 57 15.0
101 61 3.0
101 65 1.0
101 67 5.0
101 71 11.0
101 73 2.0
101 75 28.0
101 76 31.0
101 79 2.0
101 81 2.0
101 86 3.0
101 95 1.0
101 97 1.0
101 106 2.0
102 5 1.0
102 8 1.0
102 18 1.0
102 23 1.0
102 40 4.0
102 41 4.0
102 57 2.0
102 60 10.0
102 65 2.0
102 67 3.0
102 70 13.0
102 71 2.0
102 87 9.0
102 89 1.0
102 93 14.0
102 97 1.0
103 0 1.0
103 8 29.0
103 11 1.0
103 14 7.0
103 15 1.0
103 18 1.0
103 26 1.0
103 34 1.0
103 39 2.0
103 48 1.0
103 57 2.0
103 67 1.0
103 70 1.0
103 72 1.0
103 73 1.0
103 87 4.0
103 95 1.0
103 99 1.0
103 106 5.0
104 6 1.0
104 8 1.0
104 18 8.0
104 21 6.0
104 55 1.0
104 67 1.0
104 72 4.0
105 56 1.0
106 5 1.0
106 7 2.0
106 8 51.0
106 11 3.0
106 14 19.0
106 15 404.0
106 16 4.0
106 19 3.0
106 24 2.0
106 26 7.0
106 29 1.0
106 33 27.0
106 34 2.0
106 35 4.0
106 38 5.0
106 40 1.0
106 41 14.0
106 43 2.0
106 44 8.0
106 47 1.0
106 49 1.0
106 55 10.0
106 57 74.0
106 61 53.0
106 65 4.0
106 67 18.0
106 70 3.0
106 71 4.0
106 73 4.0
106 75 8.0
106 76 38.0
106 79 10.0
106 81 4.0
106 87 5.0
106 89 13.0
106 90 2.0
106 94 2.0
106 95 2.0
106 99 1.0
106 101 2.0
106 103 5.0
107 8 2.0
107 31 1.0
107 34 1.0
107 65 2.0
107 67 4.0
107 98 7.0
