0 1 7.0
0 4 1.0
0 8 1.0
0 14 4.0
0 26 3.0
0 31 1.0
0 34 2.0
0 41 1.0
0 54 1.0
0 65 1.0
0 67 1.0
0 87 3.0
0 89 3.0
1 0 7.0
2 8 1.0
2 49 1.0
2 52 1.0
2 56 2.0
2 91 1.0
3 4 1.0
3 7 1.0
3 8 3.0
3 18 1.0
3 65 1.0
3 70 1.0
3 71 1.0
3 87 1.0
3 89 17.0
4 0 1.0
4 3 1.0
4 8 2.0
4 14 2.0
4 54 2.0
5 7 1.0
5 8 31.0
5 11 19.0
5 14 10.0
5 15 1.0
5 16 2.0
5 33 1.0
5 34 2.0
5 36 14.0
5 38 1.0
5 39 2.0
5 41 2.0
5 47 1.0
5 48 10.0
5 57 1.0
5 61 1.0
5 65 1.0
5 67 6.0
5 70 5.0
5 71 1.0
5 73 2.0
5 76 1.0
5 81 1.0
5 87 1.0
5 89 1.0
5 93 1.0
5 95 2.0
5 102 1.0
5 106 1.0
6 24 2.0
6 55 2.0
6 75 3.0
6 101 1.0
7 3 1.0
7 5 1.0
7 8 6.0
7 14 1.0
7 18 1.0
7 37 1.0
7 41 10.0
7 43 1.0
7 48 1.0
7 67 6.0
7 70 4.0
7 71 2.0
7 72 1.0
7 78 1.0
7 87 38.0
7 89 1.0
7 93 16.0
8 0 1.0
8 2 1.0
8 3 3.0
8 4 2.0
8 5 31.0
8 7 6.0
8 9 2.0
8 11 9.0
8 13 2.0
8 14 335.0
8 15 37.0
8 16 8.0
8 18 26.0
8 19 6.0
8 21 3.0
8 23 4.0
8 24 33.0
8 26 31.0
8 28 5.0
8 29 2.0
8 31 2.0
8 32 6.0
8 33 14.0
8 34 44.0
8 35 6.0
8 36 27.0
8 37 5.0
8 38 7.0
8 39 24.0
8 40 16.0
8 41 16.0
8 43 14.0
8 44 17.0
8 45 1.0
8 46 4.0
8 47 1.0
8 48 31.0
8 50 1.0
8 51 1.0
8 53 10.0
8 55 3.0
8 56 2.0
8 57 31.0
8 59 1.0
8 60 2.0
8 61 19.0
8 64 1.0
8 65 73.0
8 67 248.0
8 69 2.0
8 70 17.0
8 71 48.0
8 72 7.0
8 73 36.0
8 75 14.0
8 76 30.0
8 77 1.0
8 79 3.0
8 80 12.0
8 81 11.0
8 83 2.0
8 86 3.0
8 87 20.0
8 89 38.0
8 90 2.0
8 91 1.0
8 93 5.0
8 94 12.0
8 95 71.0
8 96 3.0
8 97 5.0
8 98 6.0
8 99 26.0
8 101 7.0
8 103 15.0
8 104 1.0
8 106 21.0
8 107 1.0
9 8 2.0
9 36 1.0
9 50 3.0
9 52 1.0
9 56 5.0
9 58 3.0
9 72 1.0
9 73 1.0
9 100 3.0
10 12 1.0
10 36 1.0
10 47 9.0
10 67 1.0
10 72 1.0
10 77 2.0
10 78 1.0
10 80 1.0
10 87 2.0
11 5 19.0
11 8 9.0
11 14 2.0
11 16 2.0
11 34 1.0
11 36 4.0
11 39 1.0
11 41 1.0
11 44 2.0
11 48 2.0
11 57 2.0
11 67 2.0
11 70 1.0
11 71 2.0
11 73 1.0
11 87 1.0
11 98 1.0
11 99 1.0
11 106 1.0
12 10 1.0
12 47 2.0
12 75 1.0
12 77 1.0
12 92 1.0
13 8 2.0
13 14 3.0
13 34 1.0
13 38 1.0
13 40 1.0
13 43 1.0
13 44 1.0
13 76 1.0
13 80 1.0
13 83 1.0
13 98 1.0
13 101 1.0
14 0 4.0
14 4 2.0
14 5 10.0
14 7 1.0
14 8 335.0
14 11 2.0
14 13 3.0
14 15 24.0
14 16 5.0
14 18 40.0
14 19 1.0
14 21 4.0
14 22 1.0
14 23 2.0
14 24 76.0
14 25 3.0
14 26 47.0
14 28 2.0
14 31 2.0
14 32 9.0
14 33 5.0
14 34 88.0
14 35 8.0
14 36 10.0
14 37 8.0
14 38 3.0
14 39 7.0
14 40 28.0
14 41 17.0
14 43 34.0
14 44 9.0
14 46 10.0
14 48 2.0
14 49 4.0
14 51 1.0
14 53 26.0
14 54 1.0
14 55 1.0
14 57 40.0
14 59 1.0
14 60 1.0
14 61 9.0
14 62 1.0
14 64 2.0
14 65 125.0
14 67 396.0
14 70 3.0
14 71 83.0
14 72 5.0
14 73 60.0
14 74 3.0
14 75 3.0
14 76 20.0
14 79 1.0
14 80 13.0
14 81 6.0
14 86 7.0
14 87 30.0
14 89 21.0
14 90 8.0
14 94 13.0
14 95 57.0
14 96 5.0
14 97 8.0
14 98 11.0
14 99 48.0
14 101 3.0
14 103 6.0
14 106 9.0
15 5 1.0
15 8 37.0
15 14 24.0
15 16 1.0
15 18 3.0
15 19 3.0
15 26 7.0
15 32 1.0
15 33 9.0
15 34 4.0
15 35 3.0
15 36 6.0
15 37 2.0
15 38 2.0
15 39 3.0
15 40 2.0
15 43 1.0
15 44 10.0
15 45 9.0
15 57 38.0
15 61 7.0
15 65 1.0
15 67 15.0
15 71 2.0
15 72 1.0
15 73 1.0
15 74 1.0
15 75 3.0
15 76 193.0
15 79 1.0
15 80 4.0
15 86 1.0
15 87 2.0
15 89 2.0
15 94 1.0
15 95 4.0
15 97 3.0
15 98 1.0
15 99 2.0
15 101 7.0
15 103 1.0
15 106 48.0
16 5 2.0
16 8 8.0
16 11 2.0
16 14 5.0
16 15 1.0
16 18 3.0
16 23 1.0
16 24 6.0
16 34 6.0
16 35 1.0
16 36 1.0
16 37 1.0
16 38 1.0
16 40 21.0
16 41 2.0
16 43 1.0
16 46 1.0
16 48 1.0
16 57 2.0
16 61 1.0
16 67 6.0
16 70 2.0
16 71 6.0
16 73 11.0
16 74 1.0
16 75 1.0
16 76 1.0
16 80 1.0
16 82 1.0
16 93 1.0
16 95 3.0
16 96 1.0
16 99 2.0
16 101 1.0
16 106 1.0
17 49 1.0
17 72 2.0
17 89 1.0
18 3 1.0
18 7 1.0
18 8 26.0
18 14 40.0
18 15 3.0
18 16 3.0
18 21 1.0
18 24 16.0
18 26 1.0
18 32 1.0
18 34 17.0
18 36 2.0
18 37 3.0
18 38 1.0
18 39 1.0
18 40 38.0
18 41 1.0
18 43 16.0
18 44 2.0
18 46 1.0
18 49 1.0
18 57 4.0
18 63 1.0
18 64 2.0
18 65 63.0
18 67 34.0
18 70 3.0
18 71 50.0
18 73 49.0
18 74 8.0
18 75 1.0
18 76 4.0
18 86 4.0
18 87 14.0
18 89 7.0
18 90 4.0
18 91 1.0
18 95 4.0
18 96 3.0
18 97 1.0
18 98 1.0
18 99 2.0
18 101 1.0
18 103 1.0
18 104 1.0
19 8 6.0
19 14 1.0
19 15 3.0
19 21 1.0
19 33 23.0
19 34 1.0
19 44 3.0
19 57 4.0
19 61 3.0
19 67 1.0
19 71 1.0
19 75 4.0
19 76 4.0
19 79 6.0
19 80 3.0
19 98 1.0
19 101 3.0
19 106 3.0
20 49 1.0
20 50 3.0
20 70 1.0
20 72 1.0
21 8 3.0
21 14 4.0
21 18 1.0
21 19 1.0
21 33 1.0
21 34 1.0
21 35 1.0
21 37 1.0
21 67 1.0
21 70 1.0
21 71 7.0
21 98 1.0
21 104 5.0
22 14 1.0
22 34 2.0
23 8 4.0
23 14 2.0
23 16 1.0
23 24 1.0
23 26 32.0
23 34 2.0
23 36 1.0
23 40 1.0
23 44 1.0
23 57 5.0
23 63 4.0
23 64 1.0
23 65 2.0
23 74 1.0
23 76 1.0
23 102 1.0
24 6 2.0
24 8 33.0
24 14 76.0
24 16 6.0
24 18 16.0
24 23 1.0
24 25 1.0
24 26 1.0
24 29 1.0
24 31 1.0
24 32 4.0
24 34 6.0
24 35 1.0
24 38 2.0
24 40 20.0
24 43 47.0
24 44 2.0
24 46 2.0
24 48 1.0
24 53 1.0
24 57 5.0
24 65 150.0
24 67 61.0
24 71 24.0
24 73 11.0
24 75 1.0
24 76 1.0
24 81 1.0
24 86 1.0
24 87 5.0
24 89 11.0
24 90 4.0
24 95 6.0
24 96 2.0
24 97 8.0
24 98 3.0
24 99 2.0
25 14 3.0
25 24 1.0
25 31 1.0
25 34 1.0
25 46 1.0
25 61 1.0
25 64 1.0
25 67 4.0
25 71 1.0
25 89 1.0
25 95 2.0
25 96 1.0
25 101 1.0
26 0 3.0
26 8 31.0
26 14 47.0
26 15 7.0
26 18 1.0
26 23 32.0
26 24 1.0
26 33 2.0
26 34 9.0
26 35 1.0
26 38 2.0
26 40 6.0
26 41 2.0
26 43 3.0
26 44 2.0
26 53 1.0
26 56 1.0
26 57 18.0
26 61 1.0
26 63 4.0
26 65 8.0
26 67 14.0
26 71 4.0
26 72 2.0
26 73 11.0
26 76 7.0
26 80 2.0
26 81 1.0
26 87 2.0
26 89 1.0
26 90 1.0
26 94 1.0
26 95 2.0
26 96 1.0
26 98 1.0
26 99 3.0
26 101 3.0
26 103 1.0
26 106 3.0
27 41 1.0
27 93 3.0
28 8 5.0
28 14 2.0
28 34 6.0
28 37 3.0
28 39 2.0
28 43 3.0
28 65 1.0
28 67 4.0
28 70 1.0
28 71 2.0
28 83 1.0
28 87 1.0
28 89 1.0
28 90 3.0
28 95 1.0
28 98 1.0
28 99 1.0
28 101 1.0
29 8 2.0
29 24 1.0
29 33 1.0
29 34 1.0
29 70 1.0
29 75 1.0
29 87 1.0
29 89 7.0
30 47 1.0
30 49 1.0
30 50 2.0
30 59 1.0
30 62 4.0
30 67 2.0
30 69 2.0
30 72 4.0
31 0 1.0
31 8 2.0
31 14 2.0
31 24 1.0
31 25 1.0
31 32 1.0
31 39 1.0
31 40 2.0
31 41 1.0
31 43 2.0
31 46 1.0
31 65 1.0
31 67 14.0
31 73 2.0
31 94 1.0
31 98 11.0
31 107 1.0
32 8 6.0
32 14 9.0
32 15 1.0
32 18 1.0
32 24 4.0
32 31 1.0
32 37 1.0
32 40 3.0
32 43 2.0
32 44 1.0
32 46 19.0
32 53 3.0
32 54 1.0
32 65 1.0
32 67 9.0
32 71 2.0
32 73 4.0
32 89 2.0
32 90 1.0
32 94 3.0
32 95 12.0
32 97 1.0
32 99 3.0
33 5 1.0
33 8 14.0
33 14 5.0
33 15 9.0
33 19 23.0
33 21 1.0
33 26 2.0
33 29 1.0
33 34 1.0
33 35 1.0
33 36 1.0
33 37 1.0
33 38 2.0
33 41 2.0
33 44 6.0
33 48 1.0
33 53 1.0
33 55 2.0
33 57 15.0
33 61 3.0
33 65 2.0
33 67 3.0
33 71 2.0
33 72 1.0
33 73 1.0
33 74 1.0
33 75 2.0
33 76 11.0
33 79 2.0
33 80 2.0
33 81 1.0
33 89 3.0
33 95 1.0
33 96 1.0
33 101 21.0
33 106 8.0
34 0 2.0
34 5 2.0
34 8 44.0
34 11 1.0
34 13 1.0
34 14 88.0
34 15 4.0
34 16 6.0
34 18 17.0
34 19 1.0
34 21 1.0
34 22 2.0
34 23 2.0
34 24 6.0
34 25 1.0
34 26 9.0
34 28 6.0
34 29 1.0
34 33 1.0
34 36 1.0
34 38 1.0
34 40 14.0
34 41 1.0
34 43 1.0
34 44 4.0
34 46 2.0
34 47 1.0
34 49 2.0
34 57 9.0
34 60 1.0
34 61 3.0
34 63 2.0
34 65 7.0
34 67 45.0
34 71 100.0
34 73 13.0
34 74 1.0
34 76 5.0
34 80 5.0
34 86 1.0
34 87 2.0
34 89 2.0
34 90 1.0
34 95 8.0
34 96 1.0
34 97 1.0
34 98 4.0
34 99 6.0
34 101 2.0
34 103 1.0
34 106 2.0
34 107 1.0
35 8 6.0
35 14 8.0
35 15 3.0
35 16 1.0
35 21 1.0
35 24 1.0
35 26 1.0
35 33 1.0
35 36 1.0
35 37 2.0
35 39 1.0
35 40 1.0
35 44 1.0
35 48 1.0
35 55 1.0
35 57 1.0
35 61 6.0
35 67 4.0
35 71 2.0
35 76 4.0
35 79 1.0
35 80 1.0
35 94 1.0
35 98 1.0
35 99 1.0
35 101 1.0
35 106 1.0
36 5 14.0
36 8 27.0
36 9 1.0
36 10 1.0
36 11 4.0
36 14 10.0
36 15 6.0
36 16 1.0
36 18 2.0
36 23 1.0
36 33 1.0
36 34 1.0
36 35 1.0
36 39 2.0
36 44 2.0
36 48 1.0
36 49 8.0
36 54 1.0
36 57 1.0
36 61 2.0
36 65 3.0
36 67 9.0
36 70 9.0
36 71 1.0
36 72 1.0
36 73 1.0
36 76 1.0
36 79 1.0
36 80 1.0
36 81 1.0
36 89 2.0
36 99 2.0
36 101 1.0
37 7 1.0
37 8 5.0
37 14 8.0
37 15 2.0
37 16 1.0
37 18 3.0
37 21 1.0
37 28 3.0
37 32 1.0
37 33 1.0
37 35 2.0
37 40 1.0
37 43 2.0
37 46 3.0
37 57 2.0
37 64 1.0
37 67 4.0
37 71 2.0
37 73 5.0
37 74 1.0
37 76 1.0
37 86 3.0
37 89 1.0
37 90 10.0
37 95 2.0
37 97 1.0
37 99 1.0
37 101 1.0
38 5 1.0
38 8 7.0
38 13 1.0
38 14 3.0
38 15 2.0
38 16 1.0
38 18 1.0
38 24 2.0
38 26 2.0
38 33 2.0
38 34 1.0
38 44 15.0
38 57 6.0
38 65 1.0
38 67 5.0
38 71 1.0
38 73 1.0
38 75 1.0
38 79 2.0
38 80 22.0
38 81 2.0
38 95 1.0
38 96 1.0
38 99 1.0
38 101 1.0
38 106 2.0
39 5 2.0
39 8 24.0
39 11 1.0
39 14 7.0
39 15 3.0
39 18 1.0
39 28 2.0
39 31 1.0
39 35 1.0
39 36 2.0
39 46 1.0
39 48 12.0
39 57 4.0
39 59 1.0
39 67 4.0
39 70 1.0
39 71 2.0
39 73 1.0
39 75 2.0
39 80 1.0
39 87 1.0
39 89 1.0
39 93 1.0
39 95 2.0
39 103 1.0
40 8 16.0
40 13 1.0
40 14 28.0
40 15 2.0
40 16 21.0
40 18 38.0
40 23 1.0
40 24 20.0
40 26 6.0
40 31 2.0
40 32 3.0
40 34 14.0
40 35 1.0
40 37 1.0
40 41 1.0
40 43 5.0
40 44 4.0
40 46 5.0
40 53 2.0
40 57 2.0
40 65 23.0
40 67 27.0
40 71 30.0
40 73 28.0
40 74 1.0
40 76 3.0
40 81 1.0
40 83 1.0
40 86 1.0
40 87 9.0
40 89 6.0
40 90 2.0
40 95 5.0
40 96 1.0
40 97 2.0
40 98 3.0
40 102 1.0
40 106 1.0
41 0 1.0
41 5 2.0
41 7 10.0
41 8 16.0
41 11 1.0
41 14 17.0
41 16 2.0
41 18 1.0
41 26 2.0
41 27 1.0
41 31 1.0
41 33 2.0
41 34 1.0
41 40 1.0
41 43 1.0
41 44 2.0
41 47 2.0
41 48 1.0
41 57 7.0
41 60 1.0
41 65 5.0
41 67 8.0
41 69 2.0
41 70 1.0
41 71 3.0
41 72 1.0
41 73 3.0
41 74 1.0
41 75 1.0
41 76 3.0
41 80 2.0
41 87 6.0
41 89 9.0
41 93 6.0
41 95 3.0
41 96 1.0
41 99 1.0
41 101 1.0
41 106 4.0
43 7 1.0
43 8 14.0
43 13 1.0
43 14 34.0
43 15 1.0
43 16 1.0
43 18 16.0
43 24 47.0
43 26 3.0
43 28 3.0
43 31 2.0
43 32 2.0
43 34 1.0
43 37 2.0
43 40 5.0
43 41 1.0
43 46 3.0
43 49 1.0
43 57 2.0
43 61 1.0
43 65 94.0
43 67 39.0
43 70 1.0
43 71 16.0
43 73 29.0
43 76 1.0
43 80 1.0
43 81 1.0
43 83 1.0
43 86 7.0
43 87 12.0
43 89 8.0
43 90 2.0
43 96 5.0
43 97 3.0
43 98 1.0
43 99 2.0
43 106 1.0
44 8 17.0
44 11 2.0
44 13 1.0
44 14 9.0
44 15 10.0
44 18 2.0
44 19 3.0
44 23 1.0
44 24 2.0
44 26 2.0
44 32 1.0
44 33 6.0
44 34 4.0
44 35 1.0
44 36 2.0
44 38 15.0
44 40 4.0
44 41 2.0
44 48 1.0
44 57 81.0
44 65 1.0
44 67 4.0
44 71 1.0
44 73 2.0
44 76 20.0
44 80 10.0
44 81 2.0
44 95 1.0
44 101 1.0
44 106 4.0
45 8 1.0
45 15 9.0
45 57 1.0
45 76 6.0
46 8 4.0
46 14 10.0
46 16 1.0
46 18 1.0
46 24 2.0
46 25 1.0
46 31 1.0
46 32 19.0
46 34 2.0
46 37 3.0
46 39 1.0
46 40 5.0
46 43 3.0
46 57 1.0
46 64 3.0
46 67 4.0
46 73 2.0
46 75 1.0
46 90 1.0
46 94 1.0
46 95 7.0
46 98 1.0
46 99 2.0
46 101 1.0
47 5 1.0
47 8 1.0
47 10 9.0
47 12 2.0
47 30 1.0
47 34 1.0
47 41 2.0
47 49 2.0
47 57 1.0
47 69 2.0
47 71 1.0
47 72 2.0
47 77 2.0
47 78 1.0
47 86 1.0
47 87 2.0
47 101 1.0
47 106 1.0
48 5 10.0
48 7 1.0
48 8 31.0
48 11 2.0
48 14 2.0
48 16 1.0
48 24 1.0
48 33 1.0
48 35 1.0
48 36 1.0
48 39 12.0
48 41 1.0
48 44 1.0
48 49 1.0
48 53 1.0
48 54 1.0
48 65 1.0
48 67 2.0
48 70 1.0
48 71 1.0
48 73 1.0
48 76 1.0
48 95 2.0
48 98 1.0
48 99 1.0
48 101 2.0
49 2 1.0
49 14 4.0
49 17 1.0
49 18 1.0
49 20 1.0
49 30 1.0
49 34 2.0
49 36 8.0
49 43 1.0
49 47 2.0
49 48 1.0
49 57 3.0
49 59 8.0
49 60 1.0
49 62 2.0
49 67 1.0
49 69 7.0
49 70 4.0
49 71 1.0
49 72 29.0
49 80 1.0
49 89 1.0
49 95 1.0
49 97 1.0
49 99 1.0
49 106 1.0
50 8 1.0
50 9 3.0
50 20 3.0
50 30 2.0
50 56 1.0
50 58 1.0
50 72 1.0
50 87 1.0
50 93 1.0
51 8 1.0
51 14 1.0
52 2 1.0
52 9 1.0
52 56 10.0
52 58 3.0
52 67 1.0
52 77 1.0
53 8 10.0
53 14 26.0
53 24 1.0
53 26 1.0
53 32 3.0
53 33 1.0
53 40 2.0
53 48 1.0
53 54 1.0
53 67 1.0
53 71 1.0
53 72 1.0
53 80 1.0
53 81 1.0
53 86 2.0
53 95 2.0
53 97 1.0
53 98 1.0
53 99 1.0
53 101 1.0
54 0 1.0
54 4 2.0
54 14 1.0
54 32 1.0
54 36 1.0
54 48 1.0
54 53 1.0
54 57 1.0
54 76 1.0
55 6 2.0
55 8 3.0
55 14 1.0
55 33 2.0
55 35 1.0
55 67 1.0
55 79 2.0
55 80 1.0
55 81 3.0
55 101 1.0
55 104 1.0
55 106 1.0
56 2 2.0
56 8 2.0
56 9 5.0
56 26 1.0
56 50 1.0
56 52 10.0
56 58 11.0
56 66 1.0
56 71 1.0
56 76 1.0
56 89 1.0
56 91 2.0
56 94 1.0
56 100 1.0
56 105 1.0
57 5 1.0
57 8 31.0
57 11 2.0
57 14 40.0
57 15 38.0
57 16 2.0
57 18 4.0
57 19 4.0
57 23 5.0
57 24 5.0
57 26 18.0
57 33 15.0
57 34 9.0
57 35 1.0
57 36 1.0
57 37 2.0
57 38 6.0
57 39 4.0
57 40 2.0
57 41 7.0
57 43 2.0
57 44 81.0
57 45 1.0
57 46 1.0
57 47 1.0
57 49 3.0
57 54 1.0
57 61 34.0
57 63 1.0
57 65 9.0
57 67 21.0
57 71 11.0
57 73 11.0
57 74 1.0
57 75 13.0
57 76 46.0
57 79 5.0
57 80 24.0
57 81 1.0
57 83 1.0
57 86 2.0
57 87 3.0
57 89 6.0
57 93 2.0
57 95 2.0
57 97 2.0
57 98 1.0
57 101 5.0
57 103 2.0
57 106 17.0
58 9 3.0
58 50 1.0
58 52 3.0
58 56 11.0
58 61 1.0
58 67 1.0
58 71 1.0
58 72 2.0
58 91 1.0
59 8 1.0
59 14 1.0
59 30 1.0
59 39 1.0
59 49 8.0
59 62 3.0
59 69 7.0
59 72 9.0
59 75 1.0
59 94 1.0
60 8 2.0
60 14 1.0
60 34 1.0
60 41 1.0
60 49 1.0
60 65 2.0
60 70 16.0
60 76 1.0
60 93 3.0
60 102 7.0
61 5 1.0
61 8 19.0
61 14 9.0
61 15 7.0
61 16 1.0
61 19 3.0
61 25 1.0
61 26 1.0
61 33 3.0
61 34 3.0
61 35 6.0
61 36 2.0
61 43 1.0
61 57 34.0
61 58 1.0
61 65 1.0
61 67 12.0
61 70 3.0
61 73 1.0
61 75 3.0
61 76 17.0
61 80 2.0
61 89 4.0
61 95 3.0
61 96 1.0
61 99 1.0
61 101 2.0
61 106 14.0
62 14 1.0
62 30 4.0
62 49 2.0
62 59 3.0
62 72 11.0
63 18 1.0
63 23 4.0
63 26 4.0
63 34 2.0
63 57 1.0
63 67 1.0
63 80 2.0
63 81 1.0
63 83 3.0
64 8 1.0
64 14 2.0
64 18 2.0
64 23 1.0
64 25 1.0
64 37 1.0
64 46 3.0
64 73 1.0
64 89 1.0
64 95 1.0
65 0 1.0
65 3 1.0
65 5 1.0
65 8 73.0
65 14 125.0
65 15 1.0
65 18 63.0
65 23 2.0
65 24 150.0
65 26 8.0
65 28 1.0
65 31 1.0
65 32 1.0
65 33 2.0
65 34 7.0
65 36 3.0
65 38 1.0
65 40 23.0
65 41 5.0
65 43 94.0
65 44 1.0
65 48 1.0
65 57 9.0
65 60 2.0
65 61 1.0
65 67 78.0
65 71 43.0
65 72 2.0
65 73 70.0
65 74 3.0
65 75 2.0
65 76 3.0
65 80 3.0
65 83 1.0
65 86 7.0
65 87 30.0
65 89 17.0
65 90 1.0
65 94 1.0
65 95 6.0
65 96 4.0
65 97 4.0
65 98 6.0
65 99 4.0
65 101 1.0
65 102 1.0
65 106 1.0
65 107 2.0
66 56 1.0
66 72 1.0
67 0 1.0
67 5 6.0
67 7 6.0
67 8 248.0
67 10 1.0
67 11 2.0
67 14 396.0
67 15 15.0
67 16 6.0
67 18 34.0
67 19 1.0
67 21 1.0
67 24 61.0
67 25 4.0
67 26 14.0
67 28 4.0
67 30 2.0
67 31 14.0
67 32 9.0
67 33 3.0
67 34 45.0
67 35 4.0
67 36 9.0
67 37 4.0
67 38 5.0
67 39 4.0
67 40 27.0
67 41 8.0
67 43 39.0
67 44 4.0
67 46 4.0
67 48 2.0
67 49 1.0
67 52 1.0
67 53 1.0
67 55 1.0
67 57 21.0
67 58 1.0
67 61 12.0
67 63 1.0
67 65 78.0
67 70 1.0
67 71 71.0
67 72 5.0
67 73 44.0
67 75 3.0
67 76 12.0
67 79 1.0
67 80 6.0
67 81 4.0
67 83 1.0
67 86 3.0
67 87 10.0
67 89 24.0
67 90 9.0
67 94 5.0
67 95 56.0
67 96 5.0
67 97 6.0
67 98 42.0
67 99 31.0
67 100 1.0
67 101 4.0
67 102 1.0
67 103 1.0
67 104 1.0
67 106 12.0
67 107 3.0
69 8 2.0
69 30 2.0
69 41 2.0
69 47 2.0
69 49 7.0
69 59 7.0
69 71 1.0
69 72 7.0
69 75 1.0
69 93 1.0
69 95 1.0
70 3 1.0
70 5 5.0
70 7 4.0
70 8 17.0
70 11 1.0
70 14 3.0
70 16 2.0
70 18 3.0
70 20 1.0
70 21 1.0
70 28 1.0
70 29 1.0
70 36 9.0
70 39 1.0
70 41 1.0
70 43 1.0
70 48 1.0
70 49 4.0
70 60 16.0
70 61 3.0
70 67 1.0
70 71 5.0
70 73 2.0
70 87 5.0
70 89 1.0
70 93 1.0
70 102 9.0
70 103 1.0
70 106 1.0
71 3 1.0
71 5 1.0
71 7 2.0
71 8 48.0
71 11 2.0
71 14 83.0
71 15 2.0
71 16 6.0
71 18 50.0
71 19 1.0
71 21 7.0
71 24 24.0
71 25 1.0
71 26 4.0
71 28 2.0
71 32 2.0
71 33 2.0
71 34 100.0
71 35 2.0
71 36 1.0
71 37 2.0
71 38 1.0
71 39 2.0
71 40 30.0
71 41 3.0
71 43 16.0
71 44 1.0
71 47 1.0
71 48 1.0
71 49 1.0
71 53 1.0
71 56 1.0
71 57 11.0
71 58 1.0
71 65 43.0
71 67 71.0
71 69 1.0
71 70 5.0
71 72 2.0
71 73 40.0
71 74 4.0
71 75 1.0
71 76 5.0
71 80 4.0
71 81 2.0
71 87 8.0
71 89 6.0
71 90 1.0
71 94 1.0
71 95 6.0
71 96 4.0
71 97 4.0
71 98 2.0
71 99 4.0
71 101 5.0
71 106 2.0
72 7 1.0
72 8 7.0
72 9 1.0
72 10 1.0
72 14 5.0
72 15 1.0
72 17 2.0
72 20 1.0
72 26 2.0
72 30 4.0
72 33 1.0
72 36 1.0
72 41 1.0
72 47 2.0
72 49 29.0
72 50 1.0
72 53 1.0
72 58 2.0
72 59 9.0
72 62 11.0
72 65 2.0
72 66 1.0
72 67 5.0
72 69 7.0
72 71 2.0
72 89 2.0
72 95 2.0
72 98 1.0
72 103 1.0
72 104 1.0
73 5 2.0
73 8 36.0
73 9 1.0
73 11 1.0
73 14 60.0
73 15 1.0
73 16 11.0
73 18 49.0
73 24 11.0
73 26 11.0
73 31 2.0
73 32 4.0
73 33 1.0
73 34 13.0
73 36 1.0
73 37 5.0
73 38 1.0
73 39 1.0
73 40 28.0
73 41 3.0
73 43 29.0
73 44 2.0
73 46 2.0
73 48 1.0
73 57 11.0
73 61 1.0
73 64 1.0
73 65 70.0
73 67 44.0
73 70 2.0
73 71 40.0
73 74 10.0
73 76 5.0
73 79 1.0
73 80 3.0
73 81 2.0
73 83 1.0
73 86 11.0
73 87 13.0
73 89 7.0
73 90 2.0
73 95 4.0
73 96 5.0
73 97 4.0
73 98 2.0
73 99 2.0
73 101 1.0
73 103 1.0
73 106 1.0
74 14 3.0
74 15 1.0
74 16 1.0
74 18 8.0
74 23 1.0
74 33 1.0
74 34 1.0
74 37 1.0
74 40 1.0
74 41 1.0
74 57 1.0
74 65 3.0
74 71 4.0
74 73 10.0
74 87 4.0
74 90 2.0
74 99 1.0
75 6 3.0
75 8 14.0
75 12 1.0
75 14 3.0
75 15 3.0
75 16 1.0
75 18 1.0
75 19 4.0
75 24 1.0
75 29 1.0
75 33 2.0
75 38 1.0
75 39 2.0
75 41 1.0
75 46 1.0
75 57 13.0
75 59 1.0
75 61 3.0
75 65 2.0
75 67 3.0
75 69 1.0
75 71 1.0
75 80 2.0
75 81 1.0
75 86 1.0
75 87 1.0
75 89 1.0
75 95 1.0
75 101 15.0
75 106 4.0
76 5 1.0
76 8 30.0
76 13 1.0
76 14 20.0
76 15 193.0
76 16 1.0
76 18 4.0
76 19 4.0
76 23 1.0
76 24 1.0
76 26 7.0
76 33 11.0
76 34 5.0
76 35 4.0
76 36 1.0
76 37 1.0
76 40 3.0
76 41 3.0
76 43 1.0
76 44 20.0
76 45 6.0
76 48 1.0
76 54 1.0
76 56 1.0
76 57 46.0
76 60 1.0
76 61 17.0
76 65 3.0
76 67 12.0
76 71 5.0
76 73 5.0
76 79 2.0
76 80 6.0
76 81 1.0
76 83 1.0
76 86 1.0
76 87 1.0
76 88 1.0
76 89 1.0
76 94 2.0
76 95 7.0
76 97 1.0
76 98 1.0
76 99 1.0
76 101 18.0
76 106 18.0
77 8 1.0
77 10 2.0
77 12 1.0
77 47 2.0
77 52 1.0
78 7 1.0
78 10 1.0
78 47 1.0
79 8 3.0
79 14 1.0
79 15 1.0
79 19 6.0
79 33 2.0
79 35 1.0
79 36 1.0
79 38 2.0
79 55 2.0
79 57 5.0
79 67 1.0
79 73 1.0
79 76 2.0
79 80 2.0
79 99 1.0
79 101 1.0
79 106 4.0
80 8 12.0
80 10 1.0
80 13 1.0
80 14 13.0
80 15 4.0
80 16 1.0
80 19 3.0
80 26 2.0
80 33 2.0
80 34 5.0
80 35 1.0
80 36 1.0
80 38 22.0
80 39 1.0
80 41 2.0
80 43 1.0
80 44 10.0
80 49 1.0
80 53 1.0
80 55 1.0
80 57 24.0
80 61 2.0
80 63 2.0
80 65 3.0
80 67 6.0
80 71 4.0
80 73 3.0
80 75 2.0
80 76 6.0
80 79 2.0
80 81 4.0
80 86 2.0
80 89 1.0
80 95 2.0
80 96 1.0
80 98 3.0
80 99 1.0
81 5 1.0
81 8 11.0
81 14 6.0
81 24 1.0
81 26 1.0
81 33 1.0
81 36 1.0
81 38 2.0
81 40 1.0
81 43 1.0
81 44 2.0
81 53 1.0
81 55 3.0
81 57 1.0
81 63 1.0
81 67 4.0
81 71 2.0
81 73 2.0
81 75 1.0
81 76 1.0
81 80 4.0
81 83 3.0
81 87 1.0
81 95 1.0
81 101 2.0
81 106 1.0
82 16 1.0
83 8 2.0
83 13 1.0
83 28 1.0
83 40 1.0
83 43 1.0
83 57 1.0
83 63 3.0
83 65 1.0
83 67 1.0
83 73 1.0
83 76 1.0
83 81 3.0
83 98 1.0
84 89 1.0
86 8 3.0
86 14 7.0
86 15 1.0
86 18 4.0
86 24 1.0
86 34 1.0
86 37 3.0
86 40 1.0
86 43 7.0
86 47 1.0
86 53 2.0
86 57 2.0
86 65 7.0
86 67 3.0
86 73 11.0
86 75 1.0
86 76 1.0
86 80 2.0
86 87 2.0
86 89 2.0
86 96 1.0
86 97 1.0
86 101 1.0
87 0 3.0
87 3 1.0
87 5 1.0
87 7 38.0
87 8 20.0
87 10 2.0
87 11 1.0
87 14 30.0
87 15 2.0
87 18 14.0
87 24 5.0
87 26 2.0
87 28 1.0
87 29 1.0
87 34 2.0
87 39 1.0
87 40 9.0
87 41 6.0
87 43 12.0
87 47 2.0
87 50 1.0
87 57 3.0
87 65 30.0
87 67 10.0
87 70 5.0
87 71 8.0
87 73 13.0
87 74 4.0
87 75 1.0
87 76 1.0
87 81 1.0
87 86 2.0
87 89 62.0
87 93 10.0
87 97 2.0
87 102 3.0
87 103 2.0
87 106 2.0
88 76 1.0
89 0 3.0
89 3 17.0
89 5 1.0
89 7 1.0
89 8 38.0
89 14 21.0
89 15 2.0
89 17 1.0
89 18 7.0
89 24 11.0
89 25 1.0
89 26 1.0
89 28 1.0
89 29 7.0
89 32 2.0
89 33 3.0
89 34 2.0
89 36 2.0
89 37 1.0
89 39 1.0
89 40 6.0
89 41 9.0
89 43 8.0
89 49 1.0
89 56 1.0
89 57 6.0
89 61 4.0
89 64 1.0
89 65 17.0
89 67 24.0
89 70 1.0
89 71 6.0
89 72 2.0
89 73 7.0
89 75 1.0
89 76 1.0
89 80 1.0
89 84 1.0
89 86 2.0
89 87 62.0
89 93 2.0
89 95 1.0
89 98 2.0
89 99 4.0
89 102 1.0
89 106 6.0
90 8 2.0
90 14 8.0
90 18 4.0
90 24 4.0
90 26 1.0
90 28 3.0
90 32 1.0
90 34 1.0
90 37 10.0
90 40 2.0
90 43 2.0
90 46 1.0
90 65 1.0
90 67 9.0
90 71 1.0
90 73 2.0
90 74 2.0
90 95 1.0
90 98 2.0
90 99 1.0
90 106 1.0
91 2 1.0
91 8 1.0
91 18 1.0
91 56 2.0
91 58 1.0
91 95 1.0
92 12 1.0
93 5 1.0
93 7 16.0
93 8 5.0
93 16 1.0
93 27 3.0
93 39 1.0
93 41 6.0
93 50 1.0
93 57 2.0
93 60 3.0
93 69 1.0
93 70 1.0
93 87 10.0
93 89 2.0
93 95 1.0
93 102 5.0
94 8 12.0
94 14 13.0
94 15 1.0
94 26 1.0
94 31 1.0
94 32 3.0
94 35 1.0
94 46 1.0
94 56 1.0
94 59 1.0
94 65 1.0
94 67 5.0
94 71 1.0
94 76 2.0
94 95 16.0
94 98 3.0
94 99 3.0
94 106 1.0
95 5 2.0
95 8 71.0
95 14 57.0
95 15 4.0
95 16 3.0
95 18 4.0
95 24 6.0
95 25 2.0
95 26 2.0
95 28 1.0
95 32 12.0
95 33 1.0
95 34 8.0
95 37 2.0
95 38 1.0
95 39 2.0
95 40 5.0
95 41 3.0
95 44 1.0
95 46 7.0
95 48 2.0
95 49 1.0
95 53 2.0
95 57 2.0
95 61 3.0
95 64 1.0
95 65 6.0
95 67 56.0
95 69 1.0
95 71 6.0
95 72 2.0
95 73 4.0
95 75 1.0
95 76 7.0
95 80 2.0
95 81 1.0
95 89 1.0
95 90 1.0
95 91 1.0
95 93 1.0
95 94 16.0
95 96 2.0
95 97 2.0
95 98 2.0
95 99 13.0
95 101 1.0
95 106 1.0
96 8 3.0
96 14 5.0
96 16 1.0
96 18 3.0
96 24 2.0
96 25 1.0
96 26 1.0
96 33 1.0
96 34 1.0
96 38 1.0
96 40 1.0
96 41 1.0
96 43 5.0
96 61 1.0
96 65 4.0
96 67 5.0
96 71 4.0
96 73 5.0
96 80 1.0
96 86 1.0
96 95 2.0
96 97 8.0
96 98 1.0
97 8 5.0
97 14 8.0
97 15 3.0
97 18 1.0
97 24 8.0
97 32 1.0
97 34 1.0
97 37 1.0
97 40 2.0
97 43 3.0
97 49 1.0
97 53 1.0
97 57 2.0
97 65 4.0
97 67 6.0
97 71 4.0
97 73 4.0
97 76 1.0
97 86 1.0
97 87 2.0
97 95 2.0
97 96 8.0
97 100 1.0
97 101 1.0
97 102 1.0
98 8 6.0
98 11 1.0
98 13 1.0
98 14 11.0
98 15 1.0
98 18 1.0
98 19 1.0
98 21 1.0
98 24 3.0
98 26 1.0
98 28 1.0
98 31 11.0
98 34 4.0
98 35 1.0
98 40 3.0
98 43 1.0
98 46 1.0
98 48 1.0
98 53 1.0
98 57 1.0
98 65 6.0
98 67 42.0
98 71 2.0
98 72 1.0
98 73 2.0
98 76 1.0
98 80 3.0
98 83 1.0
98 89 2.0
98 90 2.0
98 94 3.0
98 95 2.0
98 96 1.0
98 99 4.0
98 107 6.0
99 8 26.0
99 11 1.0
99 14 48.0
99 15 2.0
99 16 2.0
99 18 2.0
99 24 2.0
99 26 3.0
99 28 1.0
99 32 3.0
99 34 6.0
99 35 1.0
99 36 2.0
99 37 1.0
99 38 1.0
99 41 1.0
99 43 2.0
99 46 2.0
99 48 1.0
99 49 1.0
99 53 1.0
99 61 1.0
99 65 4.0
99 67 31.0
99 71 4.0
99 73 2.0
99 74 1.0
99 76 1.0
99 79 1.0
99 80 1.0
99 89 4.0
99 90 1.0
99 94 3.0
99 95 13.0
99 98 4.0
99 103 1.0
100 9 3.0
100 56 1.0
100 67 1.0
100 97 1.0
101 6 1.0
101 8 7.0
101 13 1.0
101 14 3.0
101 15 7.0
101 16 1.0
101 18 1.0
101 19 3.0
101 25 1.0
101 26 3.0
101 28 1.0
101 33 21.0
101 34 2.0
101 35 1.0
101 36 1.0
101 37 1.0
101 38 1.0
101 41 1.0
101 44 1.0
101 46 1.0
101 47 1.0
101 48 2.0
101 53 1.0
101 55 1.0
101 57 5.0
101 61 2.0
101 65 1.0
101 67 4.0
101 71 5.0
101 73 1.0
101 75 15.0
101 76 18.0
101 79 1.0
101 81 2.0
101 86 1.0
101 95 1.0
101 97 1.0
101 106 2.0
102 5 1.0
102 23 1.0
102 40 1.0
102 60 7.0
102 65 1.0
102 67 1.0
102 70 9.0
102 87 3.0
102 89 1.0
102 93 5.0
102 97 1.0
103 8 15.0
103 14 6.0
103 15 1.0
103 18 1.0
103 26 1.0
103 34 1.0
103 39 1.0
103 57 2.0
103 67 1.0
103 70 1.0
103 72 1.0
103 73 1.0
103 87 2.0
103 99 1.0
103 106 3.0
104 8 1.0
104 18 1.0
104 21 5.0
104 55 1.0
104 67 1.0
104 72 1.0
105 56 1.0
106 5 1.0
106 8 21.0
106 11 1.0
106 14 9.0
106 15 48.0
106 16 1.0
106 19 3.0
106 26 3.0
106 33 8.0
106 34 2.0
106 35 1.0
106 38 2.0
106 40 1.0
106 41 4.0
106 43 1.0
106 44 4.0
106 47 1.0
106 49 1.0
106 55 1.0
106 57 17.0
106 61 14.0
106 65 1.0
106 67 12.0
106 70 1.0
106 71 2.0
106 73 1.0
106 75 4.0
106 76 18.0
106 79 4.0
106 81 1.0
106 87 2.0
106 89 6.0
106 90 1.0
106 94 1.0
106 95 1.0
106 101 2.0
106 103 3.0
107 8 1.0
107 31 1.0
107 34 1.0
107 65 2.0
107 67 3.0
107 98 6.0
