0 1 76.0
0 4 1.0
0 5 1.0
0 8 94.0
0 14 237.0
0 15 100.0
0 16 1.0
0 24 16.0
0 26 34.0
0 28 2.0
0 31 1.0
0 34 17.0
0 41 34.0
0 43 2.0
0 44 1.0
0 54 3.0
0 57 21.0
0 59 1.0
0 61 1.0
0 65 19.0
0 67 73.0
0 69 1.0
0 70 3.0
0 71 6.0
0 72 141.0
0 73 1.0
0 76 7.0
0 80 4.0
0 87 12.0
0 89 19.0
0 90 2.0
0 95 6.0
0 99 2.0
0 101 2.0
0 103 1.0
1 0 76.0
1 3 2.0
1 8 1.0
1 84 1.0
2 8 32.0
2 13 1.0
2 14 6.0
2 18 1.0
2 26 5.0
2 49 11.0
2 52 1.0
2 56 12.0
2 58 10.0
2 62 1.0
2 66 2.0
2 68 1.0
2 72 6.0
2 91 6.0
2 99 1.0
3 1 2.0
3 4 1.0
3 7 3.0
3 8 15.0
3 14 11.0
3 18 2.0
3 25 1.0
3 26 1.0
3 34 2.0
3 40 1.0
3 57 2.0
3 65 2.0
3 67 4.0
3 70 1.0
3 71 2.0
3 73 1.0
3 75 1.0
3 76 1.0
3 87 7.0
3 89 99.0
3 93 2.0
3 106 2.0
4 0 1.0
4 3 1.0
4 8 14.0
4 14 50.0
4 24 1.0
4 34 3.0
4 41 1.0
4 54 2.0
4 57 9.0
4 65 1.0
4 67 5.0
4 71 1.0
4 81 1.0
4 87 11.0
4 89 4.0
4 90 1.0
4 95 1.0
4 98 1.0
4 99 6.0
4 103 1.0
5 0 1.0
5 7 4.0
5 8 6503.0
5 9 1.0
5 13 1.0
5 14 4000.0
5 15 197.0
5 16 7.0
5 18 18.0
5 19 15.0
5 22 1.0
5 24 109.0
5 25 4.0
5 26 44.0
5 27 3.0
5 28 2.0
5 33 20.0
5 34 1233.0
5 35 8.0
5 36 1319.0
5 37 1.0
5 38 9.0
5 39 246.0
5 40 3.0
5 41 45.0
5 43 43.0
5 44 12.0
5 45 1.0
5 47 4.0
5 48 148.0
5 49 20.0
5 50 2.0
5 51 1.0
5 53 3.0
5 55 59.0
5 56 1.0
5 57 274.0
5 59 1.0
5 60 1.0
5 61 41.0
5 63 4.0
5 65 109.0
5 67 748.0
5 69 5.0
5 70 434.0
5 71 271.0
5 72 52.0
5 73 40.0
5 75 11.0
5 76 82.0
5 77 1.0
5 79 4.0
5 80 6.0
5 81 145.0
5 86 7.0
5 87 58.0
5 89 132.0
5 90 503.0
5 91 1.0
5 93 10.0
5 94 4.0
5 95 498.0
5 96 8.0
5 97 7.0
5 98 13.0
5 99 738.0
5 101 7.0
5 102 1.0
5 103 9.0
5 106 111.0
6 8 29.0
6 14 55.0
6 24 46.0
6 34 4.0
6 53 1.0
6 55 2.0
6 57 29.0
6 65 4.0
6 67 5.0
6 70 1.0
6 71 1.0
6 73 2.0
6 75 28.0
6 76 4.0
6 89 1.0
6 95 170.0
6 98 1.0
6 101 3.0
6 104 1.0
6 106 8.0
7 3 3.0
7 5 4.0
7 8 139.0
7 13 1.0
7 14 97.0
7 15 9.0
7 16 4.0
7 18 6.0
7 23 1.0
7 24 6.0
7 26 13.0
7 29 4.0
7 33 31.0
7 34 9.0
7 36 3.0
7 37 2.0
7 38 2.0
7 40 30.0
7 41 33.0
7 43 4.0
7 44 1.0
7 46 6.0
7 47 1.0
7 48 4.0
7 49 2.0
7 50 1.0
7 54 2.0
7 57 21.0
7 60 3.0
7 61 2.0
7 65 11.0
7 67 81.0
7 70 21.0
7 71 51.0
7 72 2.0
7 73 8.0
7 76 6.0
7 78 1.0
7 80 4.0
7 81 1.0
7 82 3.0
7 83 2.0
7 87 349.0
7 89 5.0
7 90 3.0
7 93 198.0
7 94 1.0
7 95 2.0
7 98 1.0
7 99 8.0
7 101 8.0
7 102 3.0
7 103 3.0
7 106 33.0
8 0 94.0
8 1 1.0
8 2 32.0
8 3 15.0
8 4 14.0
8 5 6503.0
8 6 29.0
8 7 139.0
8 9 23.0
8 10 11.0
8 12 2.0
8 13 91.0
8 14 111337.0
8 15 4062.0
8 16 377.0
8 17 5.0
8 18 877.0
8 19 265.0
8 20 14.0
8 21 41.0
8 22 23.0
8 23 97.0
8 24 4228.0
8 25 243.0
8 26 1797.0
8 27 7.0
8 28 314.0
8 29 92.0
8 30 52.0
8 31 60.0
8 32 328.0
8 33 482.0
8 34 27133.0
8 35 211.0
8 36 4518.0
8 37 218.0
8 38 315.0
8 39 616.0
8 40 796.0
8 41 1257.0
8 43 2534.0
8 44 381.0
8 45 20.0
8 46 1054.0
8 47 122.0
8 48 852.0
8 49 713.0
8 50 11.0
8 51 9.0
8 52 90.0
8 53 612.0
8 54 22.0
8 55 103.0
8 56 137.0
8 57 5555.0
8 58 212.0
8 59 2533.0
8 60 39.0
8 61 1374.0
8 62 34.0
8 63 45.0
8 64 26.0
8 65 3556.0
8 66 2.0
8 67 33977.0
8 68 130.0
8 69 431.0
8 70 3440.0
8 71 10357.0
8 72 2032.0
8 73 1719.0
8 74 43.0
8 75 938.0
8 76 3630.0
8 77 13.0
8 78 1.0
8 79 169.0
8 80 633.0
8 81 701.0
8 82 2.0
8 83 40.0
8 84 4.0
8 85 2.0
8 86 122.0
8 87 1037.0
8 88 4.0
8 89 2644.0
8 90 12526.0
8 91 38.0
8 93 137.0
8 94 373.0
8 95 18160.0
8 96 159.0
8 97 247.0
8 98 877.0
8 99 11440.0
8 100 3.0
8 101 378.0
8 102 38.0
8 103 460.0
8 104 21.0
8 106 3046.0
8 107 44.0
9 5 1.0
9 8 23.0
9 14 14.0
9 15 2.0
9 16 1.0
9 24 1.0
9 30 2.0
9 34 5.0
9 36 2.0
9 38 1.0
9 41 4.0
9 49 4.0
9 50 6.0
9 52 1.0
9 56 24.0
9 57 1.0
9 58 4.0
9 62 2.0
9 67 13.0
9 69 2.0
9 70 1.0
9 71 4.0
9 72 26.0
9 73 4.0
9 74 1.0
9 76 3.0
9 81 1.0
9 94 3.0
9 99 1.0
9 100 10.0
10 8 11.0
10 12 2.0
10 14 4.0
10 26 2.0
10 34 8.0
10 41 1.0
10 47 46.0
10 67 3.0
10 70 1.0
10 72 3.0
10 74 1.0
10 77 9.0
10 78 5.0
10 80 5.0
10 87 2.0
10 90 1.0
10 92 1.0
10 95 11.0
12 8 2.0
12 10 2.0
12 14 3.0
12 39 1.0
12 41 3.0
12 47 2.0
12 49 1.0
12 52 1.0
12 60 1.0
12 67 1.0
12 69 1.0
12 70 10.0
12 72 14.0
12 75 1.0
12 77 2.0
12 91 3.0
12 92 2.0
12 93 2.0
12 95 2.0
13 2 1.0
13 5 1.0
13 7 1.0
13 8 91.0
13 14 136.0
13 15 5.0
13 16 1.0
13 18 1.0
13 23 1.0
13 24 4.0
13 26 12.0
13 31 1.0
13 33 31.0
13 34 55.0
13 36 4.0
13 37 1.0
13 38 2.0
13 40 2.0
13 43 8.0
13 44 1.0
13 53 1.0
13 57 13.0
13 63 4.0
13 65 9.0
13 67 30.0
13 71 10.0
13 73 14.0
13 76 9.0
13 80 3.0
13 81 2.0
13 83 26.0
13 90 6.0
13 95 12.0
13 96 6.0
13 98 1.0
13 99 12.0
13 101 5.0
13 103 3.0
13 106 14.0
14 0 237.0
14 2 6.0
14 3 11.0
14 4 50.0
14 5 4000.0
14 6 55.0
14 7 97.0
14 8 111337.0
14 9 14.0
14 10 4.0
14 12 3.0
14 13 136.0
14 15 4274.0
14 16 663.0
14 18 1162.0
14 19 144.0
14 20 8.0
14 21 20.0
14 22 13.0
14 23 149.0
14 24 4085.0
14 25 368.0
14 26 2168.0
14 27 4.0
14 28 373.0
14 29 27.0
14 30 46.0
14 31 158.0
14 32 251.0
14 33 381.0
14 34 46437.0
14 35 124.0
14 36 9842.0
14 37 317.0
14 38 248.0
14 39 223.0
14 40 1476.0
14 41 652.0
14 42 3.0
14 43 3372.0
14 44 365.0
14 45 17.0
14 46 2013.0
14 47 129.0
14 48 201.0
14 49 365.0
14 50 14.0
14 51 7.0
14 52 31.0
14 53 2294.0
14 54 23.0
14 55 31.0
14 56 131.0
14 57 7782.0
14 58 59.0
14 59 335.0
14 60 25.0
14 61 1635.0
14 62 32.0
14 63 116.0
14 64 31.0
14 65 5097.0
14 66 8.0
14 67 42675.0
14 68 2.0
14 69 166.0
14 70 2099.0
14 71 17588.0
14 72 974.0
14 73 1852.0
14 74 86.0
14 75 534.0
14 76 3203.0
14 77 6.0
14 79 33.0
14 80 403.0
14 81 543.0
14 83 49.0
14 84 1.0
14 86 217.0
14 87 1178.0
14 88 13.0
14 89 1773.0
14 90 18268.0
14 91 10.0
14 92 1.0
14 93 110.0
14 94 463.0
14 95 20463.0
14 96 444.0
14 97 592.0
14 98 616.0
14 99 14581.0
14 100 3.0
14 101 499.0
14 102 41.0
14 103 208.0
14 104 23.0
14 106 2138.0
14 107 21.0
15 0 100.0
15 5 197.0
15 7 9.0
15 8 4062.0
15 9 2.0
15 13 5.0
15 14 4274.0
15 16 25.0
15 18 53.0
15 19 11.0
15 23 4.0
15 24 174.0
15 25 6.0
15 26 401.0
15 28 1.0
15 29 8.0
15 32 5.0
15 33 420.0
15 34 1147.0
15 35 106.0
15 36 181.0
15 37 71.0
15 38 55.0
15 39 41.0
15 40 20.0
15 41 84.0
15 43 40.0
15 44 265.0
15 45 45.0
15 46 168.0
15 48 40.0
15 49 14.0
15 53 18.0
15 54 5.0
15 55 1.0
15 56 11.0
15 57 3604.0
15 58 10.0
15 59 6.0
15 61 96.0
15 62 2.0
15 63 55.0
15 64 4.0
15 65 73.0
15 67 1172.0
15 69 7.0
15 70 51.0
15 71 320.0
15 72 100.0
15 73 43.0
15 74 1.0
15 75 53.0
15 76 7104.0
15 79 3.0
15 80 34.0
15 81 123.0
15 83 1.0
15 86 103.0
15 87 47.0
15 89 128.0
15 90 763.0
15 91 4.0
15 93 6.0
15 94 4.0
15 95 361.0
15 96 19.0
15 97 34.0
15 98 13.0
15 99 239.0
15 101 105.0
15 103 19.0
15 106 2028.0
15 107 1.0
16 0 1.0
16 5 7.0
16 7 4.0
16 8 377.0
16 9 1.0
16 13 1.0
16 14 663.0
16 15 25.0
16 18 62.0
16 19 2.0
16 23 36.0
16 24 22.0
16 26 96.0
16 27 7.0
16 28 5.0
16 32 1.0
16 33 3.0
16 34 203.0
16 35 5.0
16 36 6.0
16 37 10.0
16 38 4.0
16 40 230.0
16 41 7.0
16 43 13.0
16 44 2.0
16 46 2.0
16 47 1.0
16 48 3.0
16 53 1.0
16 57 24.0
16 61 2.0
16 65 9.0
16 67 146.0
16 70 2.0
16 71 82.0
16 72 2.0
16 73 37.0
16 74 1.0
16 75 4.0
16 76 16.0
16 79 1.0
16 80 20.0
16 81 1.0
16 82 1.0
16 86 3.0
16 87 2.0
16 89 6.0
16 90 22.0
16 93 12.0
16 95 114.0
16 96 3.0
16 99 38.0
16 101 16.0
16 106 48.0
17 8 5.0
17 34 1.0
17 47 3.0
17 49 1.0
17 59 1.0
17 62 3.0
17 72 45.0
17 89 2.0
17 90 2.0
17 99 1.0
18 2 1.0
18 3 2.0
18 5 18.0
18 7 6.0
18 8 877.0
18 13 1.0
18 14 1162.0
18 15 53.0
18 16 62.0
18 19 1.0
18 20 1.0
18 21 8.0
18 24 286.0
18 26 15.0
18 28 2.0
18 31 11.0
18 32 24.0
18 33 9.0
18 34 413.0
18 35 5.0
18 36 3.0
18 37 58.0
18 38 2.0
18 39 3.0
18 40 105.0
18 41 14.0
18 43 451.0
18 44 2.0
18 46 21.0
18 48 3.0
18 49 1.0
18 53 9.0
18 54 1.0
18 55 6.0
18 57 46.0
18 61 9.0
18 63 6.0
18 64 3.0
18 65 852.0
18 67 453.0
18 69 2.0
18 70 20.0
18 71 388.0
18 72 6.0
18 73 255.0
18 74 27.0
18 75 5.0
18 76 28.0
18 79 1.0
18 80 12.0
18 81 23.0
18 83 2.0
18 86 59.0
18 87 101.0
18 89 386.0
18 90 86.0
18 91 1.0
18 95 199.0
18 96 28.0
18 97 3.0
18 98 17.0
18 99 72.0
18 100 1.0
18 101 19.0
18 102 1.0
18 103 2.0
18 104 8.0
18 106 69.0
18 107 4.0
19 5 15.0
19 8 265.0
19 14 144.0
19 15 11.0
19 16 2.0
19 18 1.0
19 21 2.0
19 23 1.0
19 24 2.0
19 26 6.0
19 27 1.0
19 32 2.0
19 33 149.0
19 34 59.0
19 35 3.0
19 36 2.0
19 38 20.0
19 39 1.0
19 40 1.0
19 43 1.0
19 44 3.0
19 53 1.0
19 57 189.0
19 61 7.0
19 65 2.0
19 67 41.0
19 70 6.0
19 71 17.0
19 72 8.0
19 73 2.0
19 75 10.0
19 76 25.0
19 79 16.0
19 80 17.0
19 81 5.0
19 86 1.0
19 88 1.0
19 89 6.0
19 90 7.0
19 95 12.0
19 98 2.0
19 99 9.0
19 101 16.0
19 103 1.0
19 106 8.0
20 8 14.0
20 14 8.0
20 18 1.0
20 34 1.0
20 49 1.0
20 50 3.0
20 57 1.0
20 59 1.0
20 67 1.0
20 69 1.0
20 70 2.0
20 71 1.0
20 72 6.0
20 81 1.0
20 89 1.0
20 90 1.0
20 95 5.0
20 100 1.0
20 106 3.0
21 8 41.0
21 14 20.0
21 18 8.0
21 19 2.0
21 24 1.0
21 28 1.0
21 33 1.0
21 34 20.0
21 36 1.0
21 37 2.0
21 38 2.0
21 49 4.0
21 57 1.0
21 67 8.0
21 69 8.0
21 70 5.0
21 71 31.0
21 75 1.0
21 87 9.0
21 89 1.0
21 90 4.0
21 95 2.0
21 96 1.0
21 98 2.0
21 99 1.0
21 104 10.0
22 5 1.0
22 8 23.0
22 14 13.0
22 34 6.0
22 57 20.0
22 61 1.0
22 67 4.0
22 70 1.0
22 71 1.0
22 81 2.0
22 87 1.0
22 89 6.0
22 95 1.0
22 99 3.0
23 7 1.0
23 8 97.0
23 13 1.0
23 14 149.0
23 15 4.0
23 16 36.0
23 19 1.0
23 24 3.0
23 26 3903.0
23 28 1.0
23 33 31.0
23 34 56.0
23 35 1.0
23 36 4.0
23 37 1.0
23 38 5.0
23 40 48.0
23 41 2.0
23 43 1.0
23 44 1.0
23 57 93.0
23 63 11.0
23 64 1.0
23 65 2.0
23 67 19.0
23 71 40.0
23 73 2.0
23 74 35.0
23 76 30.0
23 80 4.0
23 87 2.0
23 90 3.0
23 94 3.0
23 95 17.0
23 97 2.0
23 98 1.0
23 99 7.0
23 101 5.0
23 102 1.0
23 103 3.0
23 106 19.0
24 0 16.0
24 4 1.0
24 5 109.0
24 6 46.0
24 7 6.0
24 8 4228.0
24 9 1.0
24 13 4.0
24 14 4085.0
24 15 174.0
24 16 22.0
24 18 286.0
24 19 2.0
24 21 1.0
24 23 3.0
24 25 15.0
24 26 40.0
24 27 7.0
24 28 5.0
24 29 1.0
24 31 32.0
24 32 24.0
24 33 35.0
24 34 716.0
24 35 5.0
24 36 33.0
24 37 9.0
24 38 12.0
24 39 11.0
24 40 142.0
24 41 22.0
24 43 566.0
24 44 14.0
24 45 1.0
24 46 30.0
24 48 16.0
24 49 41.0
24 50 1.0
24 53 14.0
24 55 1.0
24 56 9.0
24 57 160.0
24 58 3.0
24 59 2.0
24 61 41.0
24 62 2.0
24 63 8.0
24 64 8.0
24 65 2349.0
24 67 1820.0
24 69 5.0
24 70 214.0
24 71 438.0
24 72 229.0
24 73 439.0
24 74 9.0
24 75 11.0
24 76 112.0
24 77 1.0
24 79 1.0
24 80 35.0
24 81 16.0
24 83 26.0
24 86 8.0
24 87 184.0
24 89 414.0
24 90 639.0
24 93 7.0
24 94 7.0
24 95 550.0
24 96 99.0
24 97 41.0
24 98 16.0
24 99 291.0
24 101 16.0
24 102 3.0
24 103 6.0
24 106 67.0
25 3 1.0
25 5 4.0
25 8 243.0
25 14 368.0
25 15 6.0
25 24 15.0
25 26 1.0
25 28 1.0
25 31 2.0
25 32 2.0
25 34 57.0
25 37 2.0
25 39 4.0
25 40 9.0
25 43 1.0
25 46 6.0
25 48 4.0
25 53 1.0
25 57 2.0
25 61 34.0
25 64 1.0
25 65 5.0
25 67 74.0
25 71 8.0
25 73 1.0
25 76 1.0
25 80 2.0
25 81 1.0
25 87 10.0
25 89 16.0
25 90 61.0
25 94 4.0
25 95 67.0
25 96 2.0
25 97 1.0
25 98 11.0
25 99 29.0
25 101 1.0
25 103 5.0
25 106 2.0
26 0 34.0
26 2 5.0
26 3 1.0
26 5 44.0
26 7 13.0
26 8 1797.0
26 10 2.0
26 13 12.0
26 14 2168.0
26 15 401.0
26 16 96.0
26 18 15.0
26 19 6.0
26 23 3903.0
26 24 40.0
26 25 1.0
26 28 7.0
26 29 1.0
26 31 8.0
26 32 4.0
26 33 38.0
26 34 842.0
26 35 2.0
26 36 35.0
26 37 4.0
26 38 49.0
26 39 3.0
26 40 234.0
26 41 8.0
26 43 69.0
26 44 28.0
26 46 16.0
26 47 35.0
26 48 7.0
26 49 8.0
26 53 14.0
26 55 4.0
26 56 5.0
26 57 1279.0
26 58 1.0
26 59 11.0
26 61 201.0
26 63 48.0
26 64 6.0
26 65 64.0
26 67 475.0
26 69 7.0
26 70 19.0
26 71 312.0
26 72 42.0
26 73 81.0
26 74 94.0
26 75 57.0
26 76 461.0
26 77 3.0
26 79 1.0
26 80 14.0
26 81 52.0
26 83 2.0
26 86 11.0
26 87 61.0
26 88 2.0
26 89 18.0
26 90 190.0
26 91 1.0
26 93 2.0
26 94 14.0
26 95 217.0
26 96 7.0
26 97 1.0
26 98 11.0
26 99 134.0
26 101 24.0
26 103 6.0
26 104 2.0
26 106 158.0
27 5 3.0
27 8 7.0
27 14 4.0
27 16 7.0
27 19 1.0
27 24 7.0
27 34 3.0
27 36 4.0
27 41 11.0
27 70 49.0
27 71 4.0
27 87 6.0
27 90 1.0
27 93 18.0
27 97 1.0
28 0 2.0
28 5 2.0
28 8 314.0
28 14 373.0
28 15 1.0
28 16 5.0
28 18 2.0
28 21 1.0
28 23 1.0
28 24 5.0
28 25 1.0
28 26 7.0
28 32 7.0
28 34 257.0
28 35 2.0
28 37 4.0
28 39 2.0
28 41 5.0
28 43 14.0
28 44 3.0
28 46 6.0
28 48 1.0
28 53 2.0
28 57 16.0
28 61 1.0
28 65 7.0
28 67 46.0
28 70 1.0
28 71 63.0
28 73 5.0
28 74 1.0
28 76 4.0
28 80 1.0
28 81 10.0
28 83 23.0
28 86 1.0
28 87 11.0
28 89 8.0
28 90 160.0
28 94 2.0
28 95 72.0
28 96 3.0
28 97 1.0
28 98 1.0
28 99 30.0
28 103 1.0
28 106 5.0
29 7 4.0
29 8 92.0
29 14 27.0
29 15 8.0
29 24 1.0
29 26 1.0
29 33 1.0
29 34 11.0
29 43 1.0
29 54 4.0
29 57 3.0
29 59 1.0
29 65 1.0
29 67 5.0
29 70 1.0
29 72 1.0
29 75 5.0
29 87 10.0
29 89 31.0
29 90 2.0
29 95 1.0
29 106 3.0
30 8 52.0
30 9 2.0
30 14 46.0
30 34 42.0
30 47 1.0
30 49 5.0
30 50 21.0
30 59 1.0
30 62 93.0
30 67 19.0
30 69 25.0
30 70 2.0
30 72 217.0
30 86 1.0
30 99 1.0
31 0 1.0
31 8 60.0
31 13 1.0
31 14 158.0
31 18 11.0
31 24 32.0
31 25 2.0
31 26 8.0
31 32 13.0
31 34 39.0
31 37 2.0
31 39 2.0
31 40 27.0
31 41 1.0
31 43 53.0
31 46 16.0
31 49 1.0
31 57 37.0
31 65 30.0
31 67 189.0
31 71 22.0
31 73 4.0
31 76 6.0
31 81 1.0
31 86 1.0
31 87 1.0
31 89 40.0
31 90 5.0
31 94 1.0
31 95 59.0
31 98 23.0
31 99 4.0
32 8 328.0
32 14 251.0
32 15 5.0
32 16 1.0
32 18 24.0
32 19 2.0
32 24 24.0
32 25 2.0
32 26 4.0
32 28 7.0
32 31 13.0
32 33 2.0
32 34 34.0
32 35 1.0
32 37 5.0
32 40 26.0
32 41 5.0
32 43 29.0
32 46 36.0
32 53 22.0
32 54 1.0
32 55 1.0
32 57 22.0
32 58 2.0
32 61 1.0
32 65 26.0
32 67 100.0
32 69 1.0
32 71 20.0
32 72 21.0
32 73 9.0
32 76 8.0
32 80 6.0
32 81 3.0
32 86 1.0
32 89 13.0
32 90 181.0
32 94 83.0
32 95 574.0
32 96 2.0
32 97 11.0
32 98 2.0
32 99 494.0
32 101 1.0
32 106 7.0
32 107 4.0
33 5 20.0
33 7 31.0
33 8 482.0
33 13 31.0
33 14 381.0
33 15 420.0
33 16 3.0
33 18 9.0
33 19 149.0
33 21 1.0
33 23 31.0
33 24 35.0
33 26 38.0
33 29 1.0
33 32 2.0
33 34 87.0
33 35 13.0
33 36 9.0
33 37 48.0
33 38 76.0
33 39 2.0
33 40 3.0
33 41 8.0
33 44 13.0
33 47 4.0
33 48 8.0
33 49 4.0
33 50 1.0
33 53 3.0
33 55 5.0
33 56 7.0
33 57 670.0
33 61 28.0
33 65 27.0
33 67 68.0
33 68 2.0
33 70 12.0
33 71 45.0
33 72 4.0
33 73 4.0
33 74 1.0
33 75 20.0
33 76 281.0
33 79 5.0
33 80 57.0
33 81 9.0
33 86 4.0
33 87 3.0
33 89 8.0
33 90 18.0
33 93 1.0
33 95 36.0
33 98 4.0
33 99 145.0
33 101 345.0
33 103 93.0
33 106 477.0
34 0 17.0
34 3 2.0
34 4 3.0
34 5 1233.0
34 6 4.0
34 7 9.0
34 8 27133.0
34 9 5.0
34 10 8.0
34 13 55.0
34 14 46437.0
34 15 1147.0
34 16 203.0
34 17 1.0
34 18 413.0
34 19 59.0
34 20 1.0
34 21 20.0
34 22 6.0
34 23 56.0
34 24 716.0
34 25 57.0
34 26 842.0
34 27 3.0
34 28 257.0
34 29 11.0
34 30 42.0
34 31 39.0
34 32 34.0
34 33 87.0
34 35 47.0
34 36 327.0
34 37 70.0
34 38 78.0
34 39 43.0
34 40 646.0
34 41 74.0
34 43 518.0
34 44 111.0
34 45 4.0
34 46 430.0
34 47 30.0
34 48 46.0
34 49 55.0
34 53 483.0
34 54 5.0
34 55 16.0
34 56 75.0
34 57 2131.0
34 58 9.0
34 59 33.0
34 60 12.0
34 61 92.0
34 62 2.0
34 63 90.0
34 64 8.0
34 65 496.0
34 66 1.0
34 67 6159.0
34 69 33.0
34 70 488.0
34 71 19175.0
34 72 110.0
34 73 524.0
34 74 19.0
34 75 59.0
34 76 800.0
34 77 7.0
34 79 13.0
34 80 135.0
34 81 376.0
34 83 26.0
34 84 1.0
34 86 53.0
34 87 188.0
34 89 455.0
34 90 5614.0
34 93 12.0
34 94 69.0
34 95 4761.0
34 96 119.0
34 97 93.0
34 98 166.0
34 99 7170.0
34 101 152.0
34 102 14.0
34 103 37.0
34 104 2.0
34 106 399.0
34 107 3.0
35 5 8.0
35 8 211.0
35 14 124.0
35 15 106.0
35 16 5.0
35 18 5.0
35 19 3.0
35 23 1.0
35 24 5.0
35 26 2.0
35 28 2.0
35 32 1.0
35 33 13.0
35 34 47.0
35 36 7.0
35 37 5.0
35 39 2.0
35 40 6.0
35 41 1.0
35 43 2.0
35 44 3.0
35 48 2.0
35 55 1.0
35 57 15.0
35 58 2.0
35 61 5.0
35 65 8.0
35 67 33.0
35 68 4.0
35 71 42.0
35 73 1.0
35 75 6.0
35 76 39.0
35 79 1.0
35 80 16.0
35 86 4.0
35 89 2.0
35 90 24.0
35 91 1.0
35 95 18.0
35 96 1.0
35 98 4.0
35 99 22.0
35 101 1.0
35 103 4.0
35 106 26.0
36 5 1319.0
36 7 3.0
36 8 4518.0
36 9 2.0
36 13 4.0
36 14 9842.0
36 15 181.0
36 16 6.0
36 18 3.0
36 19 2.0
36 21 1.0
36 23 4.0
36 24 33.0
36 26 35.0
36 27 4.0
36 33 9.0
36 34 327.0
36 35 7.0
36 37 1.0
36 38 6.0
36 39 8.0
36 40 4.0
36 41 9.0
36 43 24.0
36 44 8.0
36 45 2.0
36 47 8.0
36 48 7.0
36 49 33.0
36 51 1.0
36 53 3.0
36 54 1.0
36 57 200.0
36 59 14.0
36 61 13.0
36 62 1.0
36 65 18.0
36 67 270.0
36 69 11.0
36 70 735.0
36 71 103.0
36 72 48.0
36 73 10.0
36 75 7.0
36 76 82.0
36 78 2.0
36 79 6.0
36 80 28.0
36 81 68.0
36 86 1.0
36 87 39.0
36 89 12.0
36 90 1869.0
36 95 167.0
36 96 1.0
36 97 1.0
36 98 5.0
36 99 975.0
36 101 4.0
36 102 3.0
36 103 7.0
36 104 2.0
36 106 1031.0
37 5 1.0
37 7 2.0
37 8 218.0
37 13 1.0
37 14 317.0
37 15 71.0
37 16 10.0
37 18 58.0
37 21 2.0
37 23 1.0
37 24 9.0
37 25 2.0
37 26 4.0
37 28 4.0
37 31 2.0
37 32 5.0
37 33 48.0
37 34 70.0
37 35 5.0
37 36 1.0
37 38 2.0
37 40 6.0
37 41 9.0
37 43 5.0
37 46 10.0
37 48 4.0
37 49 1.0
37 53 4.0
37 57 32.0
37 58 2.0
37 61 1.0
37 64 1.0
37 65 16.0
37 67 75.0
37 69 3.0
37 70 3.0
37 71 20.0
37 73 13.0
37 74 5.0
37 75 1.0
37 76 13.0
37 80 3.0
37 86 4.0
37 89 17.0
37 90 5033.0
37 93 1.0
37 95 186.0
37 96 1.0
37 97 2.0
37 98 1.0
37 99 33.0
37 101 9.0
37 103 3.0
37 106 24.0
37 107 2.0
38 5 9.0
38 7 2.0
38 8 315.0
38 9 1.0
38 13 2.0
38 14 248.0
38 15 55.0
38 16 4.0
38 18 2.0
38 19 20.0
38 21 2.0
38 23 5.0
38 24 12.0
38 26 49.0
38 33 76.0
38 34 78.0
38 36 6.0
38 37 2.0
38 40 2.0
38 41 1.0
38 43 1.0
38 44 11.0
38 45 1.0
38 48 3.0
38 49 10.0
38 55 2.0
38 57 134.0
38 59 6.0
38 63 1.0
38 65 4.0
38 67 86.0
38 71 24.0
38 72 6.0
38 73 48.0
38 74 6.0
38 75 8.0
38 76 26.0
38 79 4.0
38 80 177.0
38 81 59.0
38 83 1.0
38 86 2.0
38 87 4.0
38 89 2.0
38 90 14.0
38 94 3.0
38 95 71.0
38 96 1.0
38 97 1.0
38 98 4.0
38 99 31.0
38 101 15.0
38 102 1.0
38 103 6.0
38 106 36.0
39 5 246.0
39 8 616.0
39 12 1.0
39 14 223.0
39 15 41.0
39 18 3.0
39 19 1.0
39 24 11.0
39 25 4.0
39 26 3.0
39 28 2.0
39 31 2.0
39 33 2.0
39 34 43.0
39 35 2.0
39 36 8.0
39 41 17.0
39 44 4.0
39 45 1.0
39 46 1.0
39 48 58.0
39 49 1.0
39 53 5.0
39 54 1.0
39 55 2.0
39 57 27.0
39 59 3.0
39 60 2.0
39 61 20.0
39 63 1.0
39 65 8.0
39 67 60.0
39 69 1.0
39 70 25.0
39 71 14.0
39 72 6.0
39 73 6.0
39 75 59.0
39 76 21.0
39 79 1.0
39 80 4.0
39 81 3.0
39 87 2.0
39 89 5.0
39 90 20.0
39 91 2.0
39 93 14.0
39 95 42.0
39 96 1.0
39 97 1.0
39 98 6.0
39 99 14.0
39 101 3.0
39 103 4.0
39 106 3.0
40 3 1.0
40 5 3.0
40 7 30.0
40 8 796.0
40 13 2.0
40 14 1476.0
40 15 20.0
40 16 230.0
40 18 105.0
40 19 1.0
40 23 48.0
40 24 142.0
40 25 9.0
40 26 234.0
40 31 27.0
40 32 26.0
40 33 3.0
40 34 646.0
40 35 6.0
40 36 4.0
40 37 6.0
40 38 2.0
40 41 5.0
40 43 110.0
40 44 7.0
40 46 42.0
40 53 12.0
40 56 2.0
40 57 88.0
40 60 6.0
40 61 8.0
40 63 9.0
40 65 163.0
40 67 445.0
40 71 436.0
40 72 3.0
40 73 106.0
40 74 6.0
40 75 2.0
40 76 117.0
40 79 1.0
40 80 38.0
40 81 15.0
40 83 1.0
40 86 7.0
40 87 56.0
40 89 76.0
40 90 74.0
40 93 77.0
40 95 119.0
40 96 1.0
40 97 7.0
40 98 11.0
40 99 82.0
40 102 4.0
40 103 12.0
40 106 9.0
41 0 34.0
41 4 1.0
41 5 45.0
41 7 33.0
41 8 1257.0
41 9 4.0
41 10 1.0
41 12 3.0
41 14 652.0
41 15 84.0
41 16 7.0
41 18 14.0
41 23 2.0
41 24 22.0
41 26 8.0
41 27 11.0
41 28 5.0
41 31 1.0
41 32 5.0
41 33 8.0
41 34 74.0
41 35 1.0
41 36 9.0
41 37 9.0
41 38 1.0
41 39 17.0
41 40 5.0
41 43 9.0
41 44 14.0
41 46 6.0
41 47 2.0
41 48 6.0
41 49 8.0
41 50 1.0
41 55 2.0
41 57 189.0
41 59 2.0
41 60 5.0
41 61 2.0
41 65 50.0
41 67 177.0
41 69 11.0
41 70 227.0
41 71 83.0
41 72 24.0
41 73 24.0
41 74 3.0
41 75 4.0
41 76 31.0
41 78 1.0
41 79 1.0
41 80 5.0
41 81 1.0
41 86 9.0
41 87 132.0
41 89 39.0
41 90 52.0
41 93 23.0
41 95 55.0
41 96 1.0
41 98 2.0
41 99 62.0
41 101 23.0
41 102 8.0
41 103 1.0
41 106 41.0
42 14 3.0
42 49 2.0
43 0 2.0
43 5 43.0
43 7 4.0
43 8 2534.0
43 13 8.0
43 14 3372.0
43 15 40.0
43 16 13.0
43 18 451.0
43 19 1.0
43 23 1.0
43 24 566.0
43 25 1.0
43 26 69.0
43 28 14.0
43 29 1.0
43 31 53.0
43 32 29.0
43 34 518.0
43 35 2.0
43 36 24.0
43 37 5.0
43 38 1.0
43 40 110.0
43 41 9.0
43 44 2.0
43 46 34.0
43 47 4.0
43 49 10.0
43 51 1.0
43 53 7.0
43 55 1.0
43 56 2.0
43 57 275.0
43 59 2.0
43 61 14.0
43 62 1.0
43 65 1536.0
43 67 2052.0
43 69 1.0
43 70 210.0
43 71 1002.0
43 72 33.0
43 73 408.0
43 74 3.0
43 75 3.0
43 76 25.0
43 79 1.0
43 80 8.0
43 81 6.0
43 83 64.0
43 86 22.0
43 87 177.0
43 89 121.0
43 90 242.0
43 93 2.0
43 94 1.0
43 95 152.0
43 96 30.0
43 97 76.0
43 98 12.0
43 99 124.0
43 101 1.0
43 102 3.0
43 103 5.0
43 106 186.0
44 0 1.0
44 5 12.0
44 7 1.0
44 8 381.0
44 13 1.0
44 14 365.0
44 15 265.0
44 16 2.0
44 18 2.0
44 19 3.0
44 23 1.0
44 24 14.0
44 26 28.0
44 28 3.0
44 33 13.0
44 34 111.0
44 35 3.0
44 36 8.0
44 38 11.0
44 39 4.0
44 40 7.0
44 41 14.0
44 43 2.0
44 45 2.0
44 46 1.0
44 48 4.0
44 49 2.0
44 55 1.0
44 57 583.0
44 61 19.0
44 65 13.0
44 67 64.0
44 70 1.0
44 71 46.0
44 72 2.0
44 73 6.0
44 75 14.0
44 76 260.0
44 79 2.0
44 80 33.0
44 81 3.0
44 86 3.0
44 87 3.0
44 89 13.0
44 90 51.0
44 93 1.0
44 95 37.0
44 97 1.0
44 98 3.0
44 99 23.0
44 101 12.0
44 106 26.0
45 5 1.0
45 8 20.0
45 14 17.0
45 15 45.0
45 24 1.0
45 34 4.0
45 36 2.0
45 38 1.0
45 39 1.0
45 44 2.0
45 57 10.0
45 61 1.0
45 67 12.0
45 71 1.0
45 72 1.0
45 75 1.0
45 76 31.0
45 79 1.0
45 90 3.0
45 106 9.0
46 7 6.0
46 8 1054.0
46 14 2013.0
46 15 168.0
46 16 2.0
46 18 21.0
46 24 30.0
46 25 6.0
46 26 16.0
46 28 6.0
46 31 16.0
46 32 36.0
46 34 430.0
46 37 10.0
46 39 1.0
46 40 42.0
46 41 6.0
46 43 34.0
46 44 1.0
46 49 3.0
46 50 1.0
46 53 3.0
46 57 47.0
46 61 17.0
46 64 41.0
46 65 413.0
46 67 1172.0
46 69 2.0
46 71 354.0
46 73 14.0
46 75 2.0
46 76 5.0
46 80 3.0
46 86 1.0
46 87 14.0
46 89 17.0
46 90 1683.0
46 94 1.0
46 95 4910.0
46 97 1.0
46 98 5.0
46 99 573.0
46 101 1.0
46 106 1.0
47 5 4.0
47 7 1.0
47 8 122.0
47 10 46.0
47 12 2.0
47 14 129.0
47 16 1.0
47 17 3.0
47 26 35.0
47 30 1.0
47 33 4.0
47 34 30.0
47 36 8.0
47 41 2.0
47 43 4.0
47 49 4.0
47 52 1.0
47 57 10.0
47 59 1.0
47 60 1.0
47 65 2.0
47 67 21.0
47 69 3.0
47 70 14.0
47 71 28.0
47 72 9.0
47 76 3.0
47 77 5.0
47 78 1.0
47 86 11.0
47 87 8.0
47 90 3.0
47 91 3.0
47 92 2.0
47 93 2.0
47 95 7.0
47 99 5.0
47 101 19.0
47 106 4.0
48 5 148.0
48 7 4.0
48 8 852.0
48 14 201.0
48 15 40.0
48 16 3.0
48 18 3.0
48 24 16.0
48 25 4.0
48 26 7.0
48 28 1.0
48 33 8.0
48 34 46.0
48 35 2.0
48 36 7.0
48 37 4.0
48 38 3.0
48 39 58.0
48 41 6.0
48 44 4.0
48 49 6.0
48 53 5.0
48 54 1.0
48 57 34.0
48 59 2.0
48 60 1.0
48 61 24.0
48 65 3.0
48 67 52.0
48 70 10.0
48 71 8.0
48 72 6.0
48 73 4.0
48 75 3.0
48 76 20.0
48 80 5.0
48 81 2.0
48 83 2.0
48 87 3.0
48 89 9.0
48 90 37.0
48 95 108.0
48 96 1.0
48 98 1.0
48 99 18.0
48 101 5.0
48 102 1.0
48 103 3.0
48 106 9.0
49 2 11.0
49 5 20.0
49 7 2.0
49 8 713.0
49 9 4.0
49 12 1.0
49 14 365.0
49 15 14.0
49 17 1.0
49 18 1.0
49 20 1.0
49 21 4.0
49 24 41.0
49 26 8.0
49 30 5.0
49 31 1.0
49 33 4.0
49 34 55.0
49 36 33.0
49 37 1.0
49 38 10.0
49 39 1.0
49 41 8.0
49 42 2.0
49 43 10.0
49 44 2.0
49 46 3.0
49 47 4.0
49 48 6.0
49 50 1.0
49 56 2.0
49 57 16.0
49 58 5.0
49 59 247.0
49 60 2.0
49 61 4.0
49 62 13.0
49 65 6.0
49 66 5.0
49 67 82.0
49 69 75.0
49 70 19.0
49 71 107.0
49 72 647.0
49 73 3.0
49 75 30.0
49 76 13.0
49 80 20.0
49 81 28.0
49 86 3.0
49 87 13.0
49 89 1.0
49 90 19.0
49 93 3.0
49 94 1.0
49 95 31.0
49 97 1.0
49 98 1.0
49 99 31.0
49 101 2.0
49 103 1.0
49 106 10.0
50 5 2.0
50 7 1.0
50 8 11.0
50 9 6.0
50 14 14.0
50 20 3.0
50 24 1.0
50 30 21.0
50 33 1.0
50 41 1.0
50 46 1.0
50 49 1.0
50 52 7.0
50 56 691.0
50 58 6.0
50 64 2.0
50 65 2.0
50 67 4.0
50 68 1.0
50 71 1.0
50 72 25.0
50 81 7.0
50 87 4.0
50 93 1.0
50 99 3.0
50 105 9.0
51 5 1.0
51 8 9.0
51 14 7.0
51 36 1.0
51 43 1.0
51 57 1.0
51 67 2.0
51 95 1.0
52 2 1.0
52 8 90.0
52 9 1.0
52 12 1.0
52 14 31.0
52 47 1.0
52 50 7.0
52 56 65.0
52 58 44.0
52 67 8.0
52 72 3.0
52 77 1.0
52 87 2.0
52 91 3.0
52 101 1.0
53 5 3.0
53 6 1.0
53 8 612.0
53 13 1.0
53 14 2294.0
53 15 18.0
53 16 1.0
53 18 9.0
53 19 1.0
53 24 14.0
53 25 1.0
53 26 14.0
53 28 2.0
53 32 22.0
53 33 3.0
53 34 483.0
53 36 3.0
53 37 4.0
53 39 5.0
53 40 12.0
53 43 7.0
53 46 3.0
53 48 5.0
53 54 2.0
53 56 2.0
53 57 6.0
53 61 7.0
53 65 3.0
53 67 230.0
53 70 1.0
53 71 98.0
53 72 13.0
53 73 1.0
53 75 2.0
53 76 4.0
53 80 2.0
53 81 12.0
53 86 16.0
53 89 4.0
53 90 215.0
53 93 4.0
53 95 72.0
53 97 2.0
53 98 8.0
53 99 24.0
53 101 1.0
53 106 8.0
54 0 3.0
54 4 2.0
54 7 2.0
54 8 22.0
54 14 23.0
54 15 5.0
54 18 1.0
54 29 4.0
54 32 1.0
54 34 5.0
54 36 1.0
54 39 1.0
54 48 1.0
54 53 2.0
54 57 2.0
54 65 2.0
54 67 2.0
54 76 3.0
54 87 2.0
54 89 2.0
54 90 18.0
54 93 4.0
54 95 6.0
54 99 5.0
54 101 1.0
54 106 1.0
55 5 59.0
55 6 2.0
55 8 103.0
55 14 31.0
55 15 1.0
55 18 6.0
55 24 1.0
55 26 4.0
55 32 1.0
55 33 5.0
55 34 16.0
55 35 1.0
55 38 2.0
55 39 2.0
55 41 2.0
55 43 1.0
55 44 1.0
55 57 4.0
55 60 1.0
55 61 3.0
55 65 1.0
55 67 34.0
55 70 10.0
55 71 19.0
55 72 1.0
55 73 1.0
55 75 1.0
55 76 1.0
55 79 2.0
55 80 4.0
55 81 91.0
55 89 2.0
55 90 6.0
55 95 12.0
55 96 1.0
55 99 3.0
55 101 4.0
55 104 1.0
55 106 16.0
56 2 12.0
56 5 1.0
56 8 137.0
56 9 24.0
56 14 131.0
56 15 11.0
56 24 9.0
56 26 5.0
56 33 7.0
56 34 75.0
56 40 2.0
56 43 2.0
56 49 2.0
56 50 691.0
56 52 65.0
56 53 2.0
56 57 20.0
56 58 289.0
56 61 2.0
56 62 1.0
56 65 4.0
56 66 5.0
56 67 32.0
56 68 17.0
56 69 3.0
56 70 2.0
56 71 7.0
56 72 28.0
56 73 1.0
56 76 11.0
56 81 2.0
56 87 9.0
56 89 9.0
56 90 36.0
56 91 9.0
56 93 2.0
56 94 1.0
56 95 20.0
56 99 17.0
56 100 7.0
56 105 1.0
56 106 3.0
57 0 21.0
57 3 2.0
57 4 9.0
57 5 274.0
57 6 29.0
57 7 21.0
57 8 5555.0
57 9 1.0
57 13 13.0
57 14 7782.0
57 15 3604.0
57 16 24.0
57 18 46.0
57 19 189.0
57 20 1.0
57 21 1.0
57 22 20.0
57 23 93.0
57 24 160.0
57 25 2.0
57 26 1279.0
57 28 16.0
57 29 3.0
57 31 37.0
57 32 22.0
57 33 670.0
57 34 2131.0
57 35 15.0
57 36 200.0
57 37 32.0
57 38 134.0
57 39 27.0
57 40 88.0
57 41 189.0
57 43 275.0
57 44 583.0
57 45 10.0
57 46 47.0
57 47 10.0
57 48 34.0
57 49 16.0
57 51 1.0
57 53 6.0
57 54 2.0
57 55 4.0
57 56 20.0
57 58 14.0
57 59 20.0
57 61 6482.0
57 63 40.0
57 65 192.0
57 67 1619.0
57 68 2.0
57 69 14.0
57 70 34.0
57 71 1656.0
57 72 50.0
57 73 164.0
57 74 3.0
57 75 939.0
57 76 5677.0
57 79 16.0
57 80 386.0
57 81 169.0
57 83 3.0
57 86 25.0
57 87 55.0
57 89 86.0
57 90 626.0
57 93 2.0
57 94 8.0
57 95 787.0
57 96 9.0
57 97 36.0
57 98 27.0
57 99 371.0
57 101 593.0
57 102 5.0
57 103 44.0
57 105 1.0
57 106 1414.0
58 2 10.0
58 8 212.0
58 9 4.0
58 14 59.0
58 15 10.0
58 24 3.0
58 26 1.0
58 32 2.0
58 34 9.0
58 35 2.0
58 37 2.0
58 49 5.0
58 50 6.0
58 52 44.0
58 56 289.0
58 57 14.0
58 59 1.0
58 61 2.0
58 62 2.0
58 65 1.0
58 66 20.0
58 67 9.0
58 68 8.0
58 69 10.0
58 71 3.0
58 72 44.0
58 73 2.0
58 76 4.0
58 87 3.0
58 90 3.0
58 91 4.0
58 95 9.0
58 96 2.0
58 99 6.0
58 106 6.0
59 0 1.0
59 5 1.0
59 8 2533.0
59 14 335.0
59 15 6.0
59 17 1.0
59 20 1.0
59 24 2.0
59 26 11.0
59 29 1.0
59 30 1.0
59 34 33.0
59 36 14.0
59 38 6.0
59 39 3.0
59 41 2.0
59 43 2.0
59 47 1.0
59 48 2.0
59 49 247.0
59 57 20.0
59 58 1.0
59 62 24.0
59 67 25.0
59 69 298.0
59 70 6.0
59 71 18.0
59 72 432.0
59 73 3.0
59 75 2.0
59 76 1.0
59 80 20.0
59 81 4.0
59 87 12.0
59 89 3.0
59 90 9.0
59 93 8.0
59 94 1.0
59 95 52.0
59 99 93.0
59 101 1.0
59 103 2.0
59 106 2.0
60 5 1.0
60 7 3.0
60 8 39.0
60 12 1.0
60 14 25.0
60 34 12.0
60 39 2.0
60 40 6.0
60 41 5.0
60 47 1.0
60 48 1.0
60 49 2.0
60 55 1.0
60 65 3.0
60 67 1.0
60 69 1.0
60 70 80.0
60 71 18.0
60 72 1.0
60 76 2.0
60 77 1.0
60 87 18.0
60 90 1.0
60 93 17.0
60 95 7.0
60 102 23.0
61 0 1.0
61 5 41.0
61 7 2.0
61 8 1374.0
61 14 1635.0
61 15 96.0
61 16 2.0
61 18 9.0
61 19 7.0
61 22 1.0
61 24 41.0
61 25 34.0
61 26 201.0
61 28 1.0
61 32 1.0
61 33 28.0
61 34 92.0
61 35 5.0
61 36 13.0
61 37 1.0
61 39 20.0
61 40 8.0
61 41 2.0
61 43 14.0
61 44 19.0
61 45 1.0
61 46 17.0
61 48 24.0
61 49 4.0
61 53 7.0
61 55 3.0
61 56 2.0
61 57 6482.0
61 58 2.0
61 64 10.0
61 65 24.0
61 67 722.0
61 69 2.0
61 70 34.0
61 71 307.0
61 72 4.0
61 73 22.0
61 75 213.0
61 76 510.0
61 79 5.0
61 80 9.0
61 81 8.0
61 87 1.0
61 89 35.0
61 90 144.0
61 93 1.0
61 95 287.0
61 96 5.0
61 98 1.0
61 99 114.0
61 101 6.0
61 106 246.0
62 2 1.0
62 8 34.0
62 9 2.0
62 14 32.0
62 15 2.0
62 17 3.0
62 24 2.0
62 30 93.0
62 34 2.0
62 36 1.0
62 43 1.0
62 49 13.0
62 56 1.0
62 58 2.0
62 59 24.0
62 67 1.0
62 69 8.0
62 71 3.0
62 72 270.0
62 75 4.0
62 89 1.0
62 90 2.0
62 95 1.0
62 99 2.0
63 5 4.0
63 8 45.0
63 13 4.0
63 14 116.0
63 15 55.0
63 18 6.0
63 23 11.0
63 24 8.0
63 26 48.0
63 34 90.0
63 38 1.0
63 39 1.0
63 40 9.0
63 57 40.0
63 65 4.0
63 67 29.0
63 71 5.0
63 73 7.0
63 76 6.0
63 80 7.0
63 81 19.0
63 83 104.0
63 90 4.0
63 94 2.0
63 95 9.0
63 98 5.0
63 99 12.0
63 101 1.0
63 106 5.0
64 8 26.0
64 14 31.0
64 15 4.0
64 18 3.0
64 23 1.0
64 24 8.0
64 25 1.0
64 26 6.0
64 34 8.0
64 37 1.0
64 46 41.0
64 50 2.0
64 61 10.0
64 65 1.0
64 67 11.0
64 70 1.0
64 71 7.0
64 72 1.0
64 73 3.0
64 76 1.0
64 86 1.0
64 89 2.0
64 90 4.0
64 95 78.0
64 99 4.0
65 0 19.0
65 3 2.0
65 4 1.0
65 5 109.0
65 6 4.0
65 7 11.0
65 8 3556.0
65 13 9.0
65 14 5097.0
65 15 73.0
65 16 9.0
65 18 852.0
65 19 2.0
65 23 2.0
65 24 2349.0
65 25 5.0
65 26 64.0
65 28 7.0
65 29 1.0
65 31 30.0
65 32 26.0
65 33 27.0
65 34 496.0
65 35 8.0
65 36 18.0
65 37 16.0
65 38 4.0
65 39 8.0
65 40 163.0
65 41 50.0
65 43 1536.0
65 44 13.0
65 46 413.0
65 47 2.0
65 48 3.0
65 49 6.0
65 50 2.0
65 53 3.0
65 54 2.0
65 55 1.0
65 56 4.0
65 57 192.0
65 58 1.0
65 60 3.0
65 61 24.0
65 63 4.0
65 64 1.0
65 67 1983.0
65 68 4.0
65 69 3.0
65 70 409.0
65 71 733.0
65 72 59.0
65 73 612.0
65 74 17.0
65 75 6.0
65 76 80.0
65 79 1.0
65 80 20.0
65 81 5.0
65 83 48.0
65 86 15.0
65 87 242.0
65 89 477.0
65 90 480.0
65 93 2.0
65 94 53.0
65 95 474.0
65 96 49.0
65 97 26.0
65 98 38.0
65 99 238.0
65 101 5.0
65 102 8.0
65 103 4.0
65 104 2.0
65 105 4.0
65 106 76.0
65 107 3.0
66 2 2.0
66 8 2.0
66 14 8.0
66 34 1.0
66 49 5.0
66 56 5.0
66 58 20.0
66 67 2.0
66 69 6.0
66 72 3.0
66 87 9.0
66 99 1.0
67 0 73.0
67 3 4.0
67 4 5.0
67 5 748.0
67 6 5.0
67 7 81.0
67 8 33977.0
67 9 13.0
67 10 3.0
67 12 1.0
67 13 30.0
67 14 42675.0
67 15 1172.0
67 16 146.0
67 18 453.0
67 19 41.0
67 20 1.0
67 21 8.0
67 22 4.0
67 23 19.0
67 24 1820.0
67 25 74.0
67 26 475.0
67 28 46.0
67 29 5.0
67 30 19.0
67 31 189.0
67 32 100.0
67 33 68.0
67 34 6159.0
67 35 33.0
67 36 270.0
67 37 75.0
67 38 86.0
67 39 60.0
67 40 445.0
67 41 177.0
67 43 2052.0
67 44 64.0
67 45 12.0
67 46 1172.0
67 47 21.0
67 48 52.0
67 49 82.0
67 50 4.0
67 51 2.0
67 52 8.0
67 53 230.0
67 54 2.0
67 55 34.0
67 56 32.0
67 57 1619.0
67 58 9.0
67 59 25.0
67 60 1.0
67 61 722.0
67 62 1.0
67 63 29.0
67 64 11.0
67 65 1983.0
67 66 2.0
67 68 5.0
67 69 63.0
67 70 792.0
67 71 3259.0
67 72 503.0
67 73 1193.0
67 74 21.0
67 75 56.0
67 76 711.0
67 77 1.0
67 79 13.0
67 80 152.0
67 81 104.0
67 83 5.0
67 86 66.0
67 87 398.0
67 89 1303.0
67 90 3272.0
67 91 2.0
67 92 1.0
67 93 40.0
67 94 109.0
67 95 5493.0
67 96 111.0
67 97 150.0
67 98 320.0
67 99 3936.0
67 100 3.0
67 101 166.0
67 102 16.0
67 103 31.0
67 104 6.0
67 106 456.0
67 107 8.0
68 2 1.0
68 8 130.0
68 14 2.0
68 33 2.0
68 35 4.0
68 50 1.0
68 56 17.0
68 57 2.0
68 58 8.0
68 65 4.0
68 67 5.0
68 72 5.0
68 90 4.0
68 95 10.0
69 0 1.0
69 5 5.0
69 8 431.0
69 9 2.0
69 12 1.0
69 14 166.0
69 15 7.0
69 18 2.0
69 20 1.0
69 21 8.0
69 24 5.0
69 26 7.0
69 30 25.0
69 32 1.0
69 34 33.0
69 36 11.0
69 37 3.0
69 39 1.0
69 41 11.0
69 43 1.0
69 46 2.0
69 47 3.0
69 49 75.0
69 56 3.0
69 57 14.0
69 58 10.0
69 59 298.0
69 60 1.0
69 61 2.0
69 62 8.0
69 65 3.0
69 66 6.0
69 67 63.0
69 70 17.0
69 71 45.0
69 72 691.0
69 73 7.0
69 75 7.0
69 76 8.0
69 80 1.0
69 81 1.0
69 83 1.0
69 87 2.0
69 89 2.0
69 90 9.0
69 93 6.0
69 95 12.0
69 99 5.0
69 103 2.0
70 0 3.0
70 3 1.0
70 5 434.0
70 6 1.0
70 7 21.0
70 8 3440.0
70 9 1.0
70 10 1.0
70 12 10.0
70 14 2099.0
70 15 51.0
70 16 2.0
70 18 20.0
70 19 6.0
70 20 2.0
70 21 5.0
70 22 1.0
70 24 214.0
70 26 19.0
70 27 49.0
70 28 1.0
70 29 1.0
70 30 2.0
70 33 12.0
70 34 488.0
70 36 735.0
70 37 3.0
70 39 25.0
70 41 227.0
70 43 210.0
70 44 1.0
70 47 14.0
70 48 10.0
70 49 19.0
70 53 1.0
70 55 10.0
70 56 2.0
70 57 34.0
70 59 6.0
70 60 80.0
70 61 34.0
70 64 1.0
70 65 409.0
70 67 792.0
70 69 17.0
70 71 257.0
70 72 20.0
70 73 19.0
70 74 1.0
70 75 15.0
70 76 19.0
70 77 2.0
70 78 3.0
70 80 7.0
70 81 28.0
70 82 3.0
70 86 1.0
70 87 107.0
70 89 45.0
70 90 101.0
70 93 33.0
70 95 58.0
70 98 9.0
70 99 61.0
70 101 5.0
70 102 691.0
70 103 10.0
70 106 25.0
71 0 6.0
71 3 2.0
71 4 1.0
71 5 271.0
71 6 1.0
71 7 51.0
71 8 10357.0
71 9 4.0
71 13 10.0
71 14 17588.0
71 15 320.0
71 16 82.0
71 18 388.0
71 19 17.0
71 20 1.0
71 21 31.0
71 22 1.0
71 23 40.0
71 24 438.0
71 25 8.0
71 26 312.0
71 27 4.0
71 28 63.0
71 31 22.0
71 32 20.0
71 33 45.0
71 34 19175.0
71 35 42.0
71 36 103.0
71 37 20.0
71 38 24.0
71 39 14.0
71 40 436.0
71 41 83.0
71 43 1002.0
71 44 46.0
71 45 1.0
71 46 354.0
71 47 28.0
71 48 8.0
71 49 107.0
71 50 1.0
71 53 98.0
71 55 19.0
71 56 7.0
71 57 1656.0
71 58 3.0
71 59 18.0
71 60 18.0
71 61 307.0
71 62 3.0
71 63 5.0
71 64 7.0
71 65 733.0
71 67 3259.0
71 69 45.0
71 70 257.0
71 72 171.0
71 73 482.0
71 74 12.0
71 75 48.0
71 76 205.0
71 79 5.0
71 80 61.0
71 81 97.0
71 83 12.0
71 85 1.0
71 86 16.0
71 87 291.0
71 89 335.0
71 90 1479.0
71 93 2.0
71 94 26.0
71 95 1266.0
71 96 358.0
71 97 82.0
71 98 114.0
71 99 1148.0
71 101 73.0
71 102 8.0
71 103 12.0
71 106 176.0
71 107 3.0
72 0 141.0
72 2 6.0
72 5 52.0
72 7 2.0
72 8 2032.0
72 9 26.0
72 10 3.0
72 12 14.0
72 14 974.0
72 15 100.0
72 16 2.0
72 17 45.0
72 18 6.0
72 19 8.0
72 20 6.0
72 24 229.0
72 26 42.0
72 29 1.0
72 30 217.0
72 32 21.0
72 33 4.0
72 34 110.0
72 36 48.0
72 38 6.0
72 39 6.0
72 40 3.0
72 41 24.0
72 43 33.0
72 44 2.0
72 45 1.0
72 47 9.0
72 48 6.0
72 49 647.0
72 50 25.0
72 52 3.0
72 53 13.0
72 55 1.0
72 56 28.0
72 57 50.0
72 58 44.0
72 59 432.0
72 60 1.0
72 61 4.0
72 62 270.0
72 64 1.0
72 65 59.0
72 66 3.0
72 67 503.0
72 68 5.0
72 69 691.0
72 70 20.0
72 71 171.0
72 73 5.0
72 75 21.0
72 76 36.0
72 80 2.0
72 81 14.0
72 87 41.0
72 89 16.0
72 90 81.0
72 91 4.0
72 94 1.0
72 95 60.0
72 98 4.0
72 99 243.0
72 101 1.0
72 103 6.0
72 104 4.0
72 105 3.0
72 106 13.0
73 0 1.0
73 3 1.0
73 5 40.0
73 6 2.0
73 7 8.0
73 8 1719.0
73 9 4.0
73 13 14.0
73 14 1852.0
73 15 43.0
73 16 37.0
73 18 255.0
73 19 2.0
73 23 2.0
73 24 439.0
73 25 1.0
73 26 81.0
73 28 5.0
73 31 4.0
73 32 9.0
73 33 4.0
73 34 524.0
73 35 1.0
73 36 10.0
73 37 13.0
73 38 48.0
73 39 6.0
73 40 106.0
73 41 24.0
73 43 408.0
73 44 6.0
73 46 14.0
73 48 4.0
73 49 3.0
73 53 1.0
73 55 1.0
73 56 1.0
73 57 164.0
73 58 2.0
73 59 3.0
73 61 22.0
73 63 7.0
73 64 3.0
73 65 612.0
73 67 1193.0
73 69 7.0
73 70 19.0
73 71 482.0
73 72 5.0
73 74 18.0
73 75 2.0
73 76 50.0
73 79 2.0
73 80 79.0
73 81 8.0
73 83 47.0
73 86 15.0
73 87 132.0
73 89 197.0
73 90 102.0
73 93 5.0
73 94 4.0
73 95 370.0
73 96 42.0
73 97 20.0
73 98 6.0
73 99 63.0
73 100 1.0
73 101 3.0
73 102 2.0
73 103 2.0
73 106 57.0
74 8 43.0
74 9 1.0
74 10 1.0
74 14 86.0
74 15 1.0
74 16 1.0
74 18 27.0
74 23 35.0
74 24 9.0
74 26 94.0
74 28 1.0
74 33 1.0
74 34 19.0
74 37 5.0
74 38 6.0
74 40 6.0
74 41 3.0
74 43 3.0
74 57 3.0
74 65 17.0
74 67 21.0
74 70 1.0
74 71 12.0
74 73 18.0
74 80 1.0
74 81 2.0
74 86 2.0
74 87 9.0
74 89 4.0
74 90 11.0
74 95 3.0
74 98 1.0
74 99 6.0
74 106 2.0
75 3 1.0
75 5 11.0
75 6 28.0
75 8 938.0
75 12 1.0
75 14 534.0
75 15 53.0
75 16 4.0
75 18 5.0
75 19 10.0
75 21 1.0
75 24 11.0
75 26 57.0
75 29 5.0
75 33 20.0
75 34 59.0
75 35 6.0
75 36 7.0
75 37 1.0
75 38 8.0
75 39 59.0
75 40 2.0
75 41 4.0
75 43 3.0
75 44 14.0
75 45 1.0
75 46 2.0
75 48 3.0
75 49 30.0
75 53 2.0
75 55 1.0
75 57 939.0
75 59 2.0
75 61 213.0
75 62 4.0
75 65 6.0
75 67 56.0
75 69 7.0
75 70 15.0
75 71 48.0
75 72 21.0
75 73 2.0
75 76 338.0
75 77 1.0
75 80 6.0
75 81 27.0
75 86 8.0
75 87 9.0
75 89 7.0
75 90 24.0
75 94 1.0
75 95 32.0
75 97 3.0
75 98 1.0
75 99 22.0
75 101 83.0
75 106 42.0
76 0 7.0
76 3 1.0
76 5 82.0
76 6 4.0
76 7 6.0
76 8 3630.0
76 9 3.0
76 13 9.0
76 14 3203.0
76 15 7104.0
76 16 16.0
76 18 28.0
76 19 25.0
76 23 30.0
76 24 112.0
76 25 1.0
76 26 461.0
76 28 4.0
76 31 6.0
76 32 8.0
76 33 281.0
76 34 800.0
76 35 39.0
76 36 82.0
76 37 13.0
76 38 26.0
76 39 21.0
76 40 117.0
76 41 31.0
76 43 25.0
76 44 260.0
76 45 31.0
76 46 5.0
76 47 3.0
76 48 20.0
76 49 13.0
76 53 4.0
76 54 3.0
76 55 1.0
76 56 11.0
76 57 5677.0
76 58 4.0
76 59 1.0
76 60 2.0
76 61 510.0
76 63 6.0
76 64 1.0
76 65 80.0
76 67 711.0
76 69 8.0
76 70 19.0
76 71 205.0
76 72 36.0
76 73 50.0
76 75 338.0
76 79 9.0
76 80 56.0
76 81 128.0
76 83 2.0
76 86 18.0
76 87 93.0
76 88 1.0
76 89 105.0
76 90 340.0
76 93 8.0
76 94 25.0
76 95 397.0
76 96 11.0
76 97 16.0
76 98 11.0
76 99 156.0
76 101 222.0
76 103 9.0
76 106 896.0
77 5 1.0
77 8 13.0
77 10 9.0
77 12 2.0
77 14 6.0
77 24 1.0
77 26 3.0
77 34 7.0
77 47 5.0
77 52 1.0
77 60 1.0
77 67 1.0
77 70 2.0
77 75 1.0
77 87 7.0
77 91 3.0
77 92 1.0
77 95 2.0
77 99 3.0
77 106 1.0
78 7 1.0
78 8 1.0
78 10 5.0
78 36 2.0
78 41 1.0
78 47 1.0
78 70 3.0
78 87 1.0
79 5 4.0
79 8 169.0
79 14 33.0
79 15 3.0
79 16 1.0
79 18 1.0
79 19 16.0
79 24 1.0
79 26 1.0
79 33 5.0
79 34 13.0
79 35 1.0
79 36 6.0
79 38 4.0
79 39 1.0
79 40 1.0
79 41 1.0
79 43 1.0
79 44 2.0
79 45 1.0
79 55 2.0
79 57 16.0
79 61 5.0
79 65 1.0
79 67 13.0
79 71 5.0
79 73 2.0
79 76 9.0
79 80 2.0
79 81 1.0
79 86 1.0
79 87 1.0
79 90 3.0
79 95 3.0
79 99 3.0
79 101 2.0
79 106 26.0
80 0 4.0
80 5 6.0
80 7 4.0
80 8 633.0
80 10 5.0
80 13 3.0
80 14 403.0
80 15 34.0
80 16 20.0
80 18 12.0
80 19 17.0
80 23 4.0
80 24 35.0
80 25 2.0
80 26 14.0
80 28 1.0
80 32 6.0
80 33 57.0
80 34 135.0
80 35 16.0
80 36 28.0
80 37 3.0
80 38 177.0
80 39 4.0
80 40 38.0
80 41 5.0
80 43 8.0
80 44 33.0
80 46 3.0
80 48 5.0
80 49 20.0
80 53 2.0
80 55 4.0
80 57 386.0
80 59 20.0
80 61 9.0
80 63 7.0
80 65 20.0
80 67 152.0
80 69 1.0
80 70 7.0
80 71 61.0
80 72 2.0
80 73 79.0
80 74 1.0
80 75 6.0
80 76 56.0
80 79 2.0
80 81 79.0
80 86 2.0
80 87 16.0
80 89 7.0
80 90 42.0
80 95 86.0
80 96 1.0
80 97 1.0
80 98 10.0
80 99 38.0
80 101 7.0
80 103 15.0
80 104 1.0
80 106 24.0
81 4 1.0
81 5 145.0
81 7 1.0
81 8 701.0
81 9 1.0
81 13 2.0
81 14 543.0
81 15 123.0
81 16 1.0
81 18 23.0
81 19 5.0
81 20 1.0
81 22 2.0
81 24 16.0
81 25 1.0
81 26 52.0
81 28 10.0
81 31 1.0
81 32 3.0
81 33 9.0
81 34 376.0
81 36 68.0
81 38 59.0
81 39 3.0
81 40 15.0
81 41 1.0
81 43 6.0
81 44 3.0
81 48 2.0
81 49 28.0
81 50 7.0
81 53 12.0
81 55 91.0
81 56 2.0
81 57 169.0
81 59 4.0
81 61 8.0
81 63 19.0
81 65 5.0
81 67 104.0
81 69 1.0
81 70 28.0
81 71 97.0
81 72 14.0
81 73 8.0
81 74 2.0
81 75 27.0
81 76 128.0
81 79 1.0
81 80 79.0
81 83 60.0
81 86 1.0
81 87 8.0
81 88 1.0
81 89 21.0
81 90 285.0
81 93 1.0
81 94 3.0
81 95 88.0
81 97 3.0
81 98 2.0
81 99 43.0
81 101 7.0
81 102 1.0
81 105 1.0
81 106 57.0
82 7 3.0
82 8 2.0
82 16 1.0
82 70 3.0
83 7 2.0
83 8 40.0
83 13 26.0
83 14 49.0
83 15 1.0
83 18 2.0
83 24 26.0
83 26 2.0
83 28 23.0
83 34 26.0
83 38 1.0
83 40 1.0
83 43 64.0
83 48 2.0
83 57 3.0
83 63 104.0
83 65 48.0
83 67 5.0
83 69 1.0
83 71 12.0
83 73 47.0
83 76 2.0
83 81 60.0
83 90 1.0
83 98 28.0
83 99 2.0
83 106 2.0
84 1 1.0
84 8 4.0
84 14 1.0
84 34 1.0
84 87 1.0
84 89 2.0
85 8 2.0
85 71 1.0
86 5 7.0
86 8 122.0
86 14 217.0
86 15 103.0
86 16 3.0
86 18 59.0
86 19 1.0
86 24 8.0
86 26 11.0
86 28 1.0
86 30 1.0
86 31 1.0
86 32 1.0
86 33 4.0
86 34 53.0
86 35 4.0
86 36 1.0
86 37 4.0
86 38 2.0
86 40 7.0
86 41 9.0
86 43 22.0
86 44 3.0
86 46 1.0
86 47 11.0
86 49 3.0
86 53 16.0
86 57 25.0
86 64 1.0
86 65 15.0
86 67 66.0
86 70 1.0
86 71 16.0
86 73 15.0
86 74 2.0
86 75 8.0
86 76 18.0
86 79 1.0
86 80 2.0
86 81 1.0
86 87 18.0
86 89 2.0
86 90 26.0
86 95 38.0
86 96 2.0
86 97 5.0
86 99 6.0
86 101 9.0
86 106 1.0
87 0 12.0
87 3 7.0
87 4 11.0
87 5 58.0
87 7 349.0
87 8 1037.0
87 10 2.0
87 14 1178.0
87 15 47.0
87 16 2.0
87 18 101.0
87 21 9.0
87 22 1.0
87 23 2.0
87 24 184.0
87 25 10.0
87 26 61.0
87 27 6.0
87 28 11.0
87 29 10.0
87 31 1.0
87 33 3.0
87 34 188.0
87 36 39.0
87 38 4.0
87 39 2.0
87 40 56.0
87 41 132.0
87 43 177.0
87 44 3.0
87 46 14.0
87 47 8.0
87 48 3.0
87 49 13.0
87 50 4.0
87 52 2.0
87 54 2.0
87 56 9.0
87 57 55.0
87 58 3.0
87 59 12.0
87 60 18.0
87 61 1.0
87 65 242.0
87 66 9.0
87 67 398.0
87 69 2.0
87 70 107.0
87 71 291.0
87 72 41.0
87 73 132.0
87 74 9.0
87 75 9.0
87 76 93.0
87 77 7.0
87 78 1.0
87 79 1.0
87 80 16.0
87 81 8.0
87 84 1.0
87 86 18.0
87 89 583.0
87 90 29.0
87 93 85.0
87 94 2.0
87 95 68.0
87 96 3.0
87 97 8.0
87 99 26.0
87 101 6.0
87 102 23.0
87 103 4.0
87 106 51.0
88 8 4.0
88 14 13.0
88 19 1.0
88 26 2.0
88 76 1.0
88 81 1.0
88 95 2.0
89 0 19.0
89 3 99.0
89 4 4.0
89 5 132.0
89 6 1.0
89 7 5.0
89 8 2644.0
89 14 1773.0
89 15 128.0
89 16 6.0
89 17 2.0
89 18 386.0
89 19 6.0
89 20 1.0
89 21 1.0
89 22 6.0
89 24 414.0
89 25 16.0
89 26 18.0
89 28 8.0
89 29 31.0
89 31 40.0
89 32 13.0
89 33 8.0
89 34 455.0
89 35 2.0
89 36 12.0
89 37 17.0
89 38 2.0
89 39 5.0
89 40 76.0
89 41 39.0
89 43 121.0
89 44 13.0
89 46 17.0
89 48 9.0
89 49 1.0
89 53 4.0
89 54 2.0
89 55 2.0
89 56 9.0
89 57 86.0
89 59 3.0
89 61 35.0
89 62 1.0
89 64 2.0
89 65 477.0
89 67 1303.0
89 69 2.0
89 70 45.0
89 71 335.0
89 72 16.0
89 73 197.0
89 74 4.0
89 75 7.0
89 76 105.0
89 80 7.0
89 81 21.0
89 84 2.0
89 86 2.0
89 87 583.0
89 90 221.0
89 92 1.0
89 93 8.0
89 94 4.0
89 95 469.0
89 96 6.0
89 97 3.0
89 98 8.0
89 99 91.0
89 101 1.0
89 102 1.0
89 106 62.0
90 0 2.0
90 4 1.0
90 5 503.0
90 7 3.0
90 8 12526.0
90 10 1.0
90 13 6.0
90 14 18268.0
90 15 763.0
90 16 22.0
90 17 2.0
90 18 86.0
90 19 7.0
90 20 1.0
90 21 4.0
90 23 3.0
90 24 639.0
90 25 61.0
90 26 190.0
90 27 1.0
90 28 160.0
90 29 2.0
90 31 5.0
90 32 181.0
90 33 18.0
90 34 5614.0
90 35 24.0
90 36 1869.0
90 37 5033.0
90 38 14.0
90 39 20.0
90 40 74.0
90 41 52.0
90 43 242.0
90 44 51.0
90 45 3.0
90 46 1683.0
90 47 3.0
90 48 37.0
90 49 19.0
90 53 215.0
90 54 18.0
90 55 6.0
90 56 36.0
90 57 626.0
90 58 3.0
90 59 9.0
90 60 1.0
90 61 144.0
90 62 2.0
90 63 4.0
90 64 4.0
90 65 480.0
90 67 3272.0
90 68 4.0
90 69 9.0
90 70 101.0
90 71 1479.0
90 72 81.0
90 73 102.0
90 74 11.0
90 75 24.0
90 76 340.0
90 79 3.0
90 80 42.0
90 81 285.0
90 83 1.0
90 86 26.0
90 87 29.0
90 89 221.0
90 93 5.0
90 94 52.0
90 95 2814.0
90 96 16.0
90 97 22.0
90 98 64.0
90 99 1763.0
90 101 28.0
90 102 3.0
90 103 10.0
90 104 1.0
90 106 310.0
90 107 1.0
91 2 6.0
91 5 1.0
91 8 38.0
91 12 3.0
91 14 10.0
91 15 4.0
91 18 1.0
91 26 1.0
91 35 1.0
91 39 2.0
91 47 3.0
91 52 3.0
91 56 9.0
91 58 4.0
91 67 2.0
91 72 4.0
91 77 3.0
91 95 5.0
91 99 2.0
92 10 1.0
92 12 2.0
92 14 1.0
92 47 2.0
92 67 1.0
92 77 1.0
92 89 1.0
92 95 2.0
93 3 2.0
93 5 10.0
93 7 198.0
93 8 137.0
93 12 2.0
93 14 110.0
93 15 6.0
93 16 12.0
93 24 7.0
93 26 2.0
93 27 18.0
93 33 1.0
93 34 12.0
93 37 1.0
93 39 14.0
93 40 77.0
93 41 23.0
93 43 2.0
93 44 1.0
93 47 2.0
93 49 3.0
93 50 1.0
93 53 4.0
93 54 4.0
93 56 2.0
93 57 2.0
93 59 8.0
93 60 17.0
93 61 1.0
93 65 2.0
93 67 40.0
93 69 6.0
93 70 33.0
93 71 2.0
93 73 5.0
93 76 8.0
93 81 1.0
93 87 85.0
93 89 8.0
93 90 5.0
93 95 13.0
93 98 3.0
93 99 2.0
93 102 30.0
93 106 19.0
94 5 4.0
94 7 1.0
94 8 373.0
94 9 3.0
94 14 463.0
94 15 4.0
94 23 3.0
94 24 7.0
94 25 4.0
94 26 14.0
94 28 2.0
94 31 1.0
94 32 83.0
94 34 69.0
94 38 3.0
94 43 1.0
94 46 1.0
94 49 1.0
94 56 1.0
94 57 8.0
94 59 1.0
94 63 2.0
94 65 53.0
94 67 109.0
94 71 26.0
94 72 1.0
94 73 4.0
94 75 1.0
94 76 25.0
94 81 3.0
94 87 2.0
94 89 4.0
94 90 52.0
94 95 414.0
94 96 1.0
94 98 3.0
94 99 331.0
94 103 3.0
94 106 7.0
95 0 6.0
95 4 1.0
95 5 498.0
95 6 170.0
95 7 2.0
95 8 18160.0
95 10 11.0
95 12 2.0
95 13 12.0
95 14 20463.0
95 15 361.0
95 16 114.0
95 18 199.0
95 19 12.0
95 20 5.0
95 21 2.0
95 22 1.0
95 23 17.0
95 24 550.0
95 25 67.0
95 26 217.0
95 28 72.0
95 29 1.0
95 31 59.0
95 32 574.0
95 33 36.0
95 34 4761.0
95 35 18.0
95 36 167.0
95 37 186.0
95 38 71.0
95 39 42.0
95 40 119.0
95 41 55.0
95 43 152.0
95 44 37.0
95 46 4910.0
95 47 7.0
95 48 108.0
95 49 31.0
95 51 1.0
95 53 72.0
95 54 6.0
95 55 12.0
95 56 20.0
95 57 787.0
95 58 9.0
95 59 52.0
95 60 7.0
95 61 287.0
95 62 1.0
95 63 9.0
95 64 78.0
95 65 474.0
95 67 5493.0
95 68 10.0
95 69 12.0
95 70 58.0
95 71 1266.0
95 72 60.0
95 73 370.0
95 74 3.0
95 75 32.0
95 76 397.0
95 77 2.0
95 79 3.0
95 80 86.0
95 81 88.0
95 86 38.0
95 87 68.0
95 88 2.0
95 89 469.0
95 90 2814.0
95 91 5.0
95 92 2.0
95 93 13.0
95 94 414.0
95 96 12.0
95 97 29.0
95 98 60.0
95 99 6147.0
95 101 63.0
95 102 2.0
95 103 14.0
95 104 6.0
95 106 242.0
95 107 1.0
96 5 8.0
96 8 159.0
96 13 6.0
96 14 444.0
96 15 19.0
96 16 3.0
96 18 28.0
96 21 1.0
96 24 99.0
96 25 2.0
96 26 7.0
96 28 3.0
96 32 2.0
96 34 119.0
96 35 1.0
96 36 1.0
96 37 1.0
96 38 1.0
96 39 1.0
96 40 1.0
96 41 1.0
96 43 30.0
96 48 1.0
96 55 1.0
96 57 9.0
96 58 2.0
96 61 5.0
96 65 49.0
96 67 111.0
96 71 358.0
96 73 42.0
96 76 11.0
96 80 1.0
96 86 2.0
96 87 3.0
96 89 6.0
96 90 16.0
96 94 1.0
96 95 12.0
96 97 40.0
96 98 1.0
96 99 10.0
96 106 11.0
97 5 7.0
97 8 247.0
97 14 592.0
97 15 34.0
97 18 3.0
97 23 2.0
97 24 41.0
97 25 1.0
97 26 1.0
97 27 1.0
97 28 1.0
97 32 11.0
97 34 93.0
97 36 1.0
97 37 2.0
97 38 1.0
97 39 1.0
97 40 7.0
97 43 76.0
97 44 1.0
97 46 1.0
97 49 1.0
97 53 2.0
97 57 36.0
97 65 26.0
97 67 150.0
97 71 82.0
97 73 20.0
97 75 3.0
97 76 16.0
97 80 1.0
97 81 3.0
97 86 5.0
97 87 8.0
97 89 3.0
97 90 22.0
97 95 29.0
97 96 40.0
97 98 2.0
97 99 17.0
97 100 1.0
97 101 1.0
98 4 1.0
98 5 13.0
98 6 1.0
98 7 1.0
98 8 877.0
98 13 1.0
98 14 616.0
98 15 13.0
98 18 17.0
98 19 2.0
98 21 2.0
98 23 1.0
98 24 16.0
98 25 11.0
98 26 11.0
98 28 1.0
98 31 23.0
98 32 2.0
98 33 4.0
98 34 166.0
98 35 4.0
98 36 5.0
98 37 1.0
98 38 4.0
98 39 6.0
98 40 11.0
98 41 2.0
98 43 12.0
98 44 3.0
98 46 5.0
98 48 1.0
98 49 1.0
98 53 8.0
98 57 27.0
98 61 1.0
98 63 5.0
98 65 38.0
98 67 320.0
98 70 9.0
98 71 114.0
98 72 4.0
98 73 6.0
98 74 1.0
98 75 1.0
98 76 11.0
98 80 10.0
98 81 2.0
98 83 28.0
98 89 8.0
98 90 64.0
98 93 3.0
98 94 3.0
98 95 60.0
98 96 1.0
98 97 2.0
98 99 50.0
98 106 8.0
98 107 6.0
99 0 2.0
99 2 1.0
99 4 6.0
99 5 738.0
99 7 8.0
99 8 11440.0
99 9 1.0
99 13 12.0
99 14 14581.0
99 15 239.0
99 16 38.0
99 17 1.0
99 18 72.0
99 19 9.0
99 21 1.0
99 22 3.0
99 23 7.0
99 24 291.0
99 25 29.0
99 26 134.0
99 28 30.0
99 30 1.0
99 31 4.0
99 32 494.0
99 33 145.0
99 34 7170.0
99 35 22.0
99 36 975.0
99 37 33.0
99 38 31.0
99 39 14.0
99 40 82.0
99 41 62.0
99 43 124.0
99 44 23.0
99 46 573.0
99 47 5.0
99 48 18.0
99 49 31.0
99 50 3.0
99 53 24.0
99 54 5.0
99 55 3.0
99 56 17.0
99 57 371.0
99 58 6.0
99 59 93.0
99 61 114.0
99 62 2.0
99 63 12.0
99 64 4.0
99 65 238.0
99 66 1.0
99 67 3936.0
99 69 5.0
99 70 61.0
99 71 1148.0
99 72 243.0
99 73 63.0
99 74 6.0
99 75 22.0
99 76 156.0
99 77 3.0
99 79 3.0
99 80 38.0
99 81 43.0
99 83 2.0
99 86 6.0
99 87 26.0
99 89 91.0
99 90 1763.0
99 91 2.0
99 93 2.0
99 94 331.0
99 95 6147.0
99 96 10.0
99 97 17.0
99 98 50.0
99 100 2.0
99 101 50.0
99 103 26.0
99 104 3.0
99 106 196.0
99 107 1.0
100 8 3.0
100 9 10.0
100 14 3.0
100 18 1.0
100 20 1.0
100 56 7.0
100 67 3.0
100 73 1.0
100 97 1.0
100 99 2.0
101 0 2.0
101 5 7.0
101 6 3.0
101 7 8.0
101 8 378.0
101 13 5.0
101 14 499.0
101 15 105.0
101 16 16.0
101 18 19.0
101 19 16.0
101 23 5.0
101 24 16.0
101 25 1.0
101 26 24.0
101 32 1.0
101 33 345.0
101 34 152.0
101 35 1.0
101 36 4.0
101 37 9.0
101 38 15.0
101 39 3.0
101 41 23.0
101 43 1.0
101 44 12.0
101 46 1.0
101 47 19.0
101 48 5.0
101 49 2.0
101 52 1.0
101 53 1.0
101 54 1.0
101 55 4.0
101 57 593.0
101 59 1.0
101 61 6.0
101 63 1.0
101 65 5.0
101 67 166.0
101 70 5.0
101 71 73.0
101 72 1.0
101 73 3.0
101 75 83.0
101 76 222.0
101 79 2.0
101 80 7.0
101 81 7.0
101 86 9.0
101 87 6.0
101 89 1.0
101 90 28.0
101 95 63.0
101 97 1.0
101 99 50.0
101 103 15.0
101 106 100.0
102 5 1.0
102 7 3.0
102 8 38.0
102 14 41.0
102 18 1.0
102 23 1.0
102 24 3.0
102 34 14.0
102 36 3.0
102 38 1.0
102 40 4.0
102 41 8.0
102 43 3.0
102 48 1.0
102 57 5.0
102 60 23.0
102 65 8.0
102 67 16.0
102 70 691.0
102 71 8.0
102 73 2.0
102 81 1.0
102 87 23.0
102 89 1.0
102 90 3.0
102 93 30.0
102 95 2.0
103 0 1.0
103 4 1.0
103 5 9.0
103 7 3.0
103 8 460.0
103 13 3.0
103 14 208.0
103 15 19.0
103 18 2.0
103 19 1.0
103 23 3.0
103 24 6.0
103 25 5.0
103 26 6.0
103 28 1.0
103 33 93.0
103 34 37.0
103 35 4.0
103 36 7.0
103 37 3.0
103 38 6.0
103 39 4.0
103 40 12.0
103 41 1.0
103 43 5.0
103 48 3.0
103 49 1.0
103 57 44.0
103 59 2.0
103 65 4.0
103 67 31.0
103 69 2.0
103 70 10.0
103 71 12.0
103 72 6.0
103 73 2.0
103 76 9.0
103 80 15.0
103 87 4.0
103 90 10.0
103 94 3.0
103 95 14.0
103 99 26.0
103 101 15.0
103 106 53.0
104 6 1.0
104 8 21.0
104 14 23.0
104 18 8.0
104 21 10.0
104 26 2.0
104 34 2.0
104 36 2.0
104 55 1.0
104 65 2.0
104 67 6.0
104 72 4.0
104 80 1.0
104 90 1.0
104 95 6.0
104 99 3.0
104 106 5.0
105 50 9.0
105 56 1.0
105 57 1.0
105 65 4.0
105 72 3.0
105 81 1.0
106 3 2.0
106 5 111.0
106 6 8.0
106 7 33.0
106 8 3046.0
106 13 14.0
106 14 2138.0
106 15 2028.0
106 16 48.0
106 18 69.0
106 19 8.0
106 20 3.0
106 23 19.0
106 24 67.0
106 25 2.0
106 26 158.0
106 28 5.0
106 29 3.0
106 32 7.0
106 33 477.0
106 34 399.0
106 35 26.0
106 36 1031.0
106 37 24.0
106 38 36.0
106 39 3.0
106 40 9.0
106 41 41.0
106 43 186.0
106 44 26.0
106 45 9.0
106 46 1.0
106 47 4.0
106 48 9.0
106 49 10.0
106 53 8.0
106 54 1.0
106 55 16.0
106 56 3.0
106 57 1414.0
106 58 6.0
106 59 2.0
106 61 246.0
106 63 5.0
106 65 76.0
106 67 456.0
106 70 25.0
106 71 176.0
106 72 13.0
106 73 57.0
106 74 2.0
106 75 42.0
106 76 896.0
106 77 1.0
106 79 26.0
106 80 24.0
106 81 57.0
106 83 2.0
106 86 1.0
106 87 51.0
106 89 62.0
106 90 310.0
106 93 19.0
106 94 7.0
106 95 242.0
106 96 11.0
106 98 8.0
106 99 196.0
106 101 100.0
106 103 53.0
106 104 5.0
107 8 44.0
107 14 21.0
107 15 1.0
107 18 4.0
107 32 4.0
107 34 3.0
107 37 2.0
107 65 3.0
107 67 8.0
107 71 3.0
107 90 1.0
107 95 1.0
107 98 6.0
107 99 1.0
