,0,1,2,3,4,5,6,7,8,9,10,11,12,13,14,15,16,17,18,19,20,21,22,23,24,25,26,27,28,29,30,31,32,33,34,35,36,37,38,39,40,41,42,43,44,45,46,47,48,49,50,51,52,53,54,55,56,57,58,59,60,61,62,63,64,65,66,67,68,69,70,71,72,73,74,75,76,77,78,79,80,81,82,83,84,85,86,87,88,89,90,91,92,93,94,95,96,97,98,99,100,101,102,103,104,105,106,107,108,109,110,111,112,113,114
0,0,76.0,0.0,0.0,1.0,1.0,0.0,0.0,94.0,0.0,0.0,0.0,0.0,0.0,237.0,100.0,1.0,0.0,0.0,0.0,0.0,0.0,0.0,0.0,16.0,0.0,34.0,0.0,2.0,0.0,0.0,1.0,0.0,0.0,17.0,0.0,0.0,0.0,0.0,0.0,0.0,34.0,0.0,2.0,1.0,0.0,0.0,0.0,0.0,0.0,0.0,0.0,0.0,0.0,3.0,0.0,0.0,21.0,0.0,1.0,0.0,1.0,0.0,0.0,0.0,19.0,0.0,73.0,0.0,1.0,3.0,6.0,141.0,1.0,0.0,0.0,7.0,0.0,0.0,0.0,4.0,0.0,0.0,0.0,0.0,0.0,0.0,12.0,0.0,19.0,2.0,0.0,0.0,0.0,0.0,6.0,0.0,0.0,0.0,2.0,0.0,2.0,0.0,1.0,0.0,0.0,0.0,0.0,0.0,0.0,0.0,0.0,0.0,0.0,0.0
1,76.0,0,0.0,2.0,0.0,0.0,0.0,0.0,1.0,0.0,0.0,0.0,0.0,0.0,0.0,0.0,0.0,0.0,0.0,0.0,0.0,0.0,0.0,0.0,0.0,0.0,0.0,0.0,0.0,0.0,0.0,0.0,0.0,0.0,0.0,0.0,0.0,0.0,0.0,0.0,0.0,0.0,0.0,0.0,0.0,0.0,0.0,0.0,0.0,0.0,0.0,0.0,0.0,0.0,0.0,0.0,0.0,0.0,0.0,0.0,0.0,0.0,0.0,0.0,0.0,0.0,0.0,0.0,0.0,0.0,0.0,0.0,0.0,0.0,0.0,0.0,0.0,0.0,0.0,0.0,0.0,0.0,0.0,0.0,1.0,0.0,0.0,0.0,0.0,0.0,0.0,0.0,0.0,0.0,0.0,0.0,0.0,0.0,0.0,0.0,0.0,0.0,0.0,0.0,0.0,0.0,0.0,0.0,0.0,0.0,0.0,0.0,0.0,0.0,0.0
2,0.0,0.0,0,0.0,0.0,0.0,0.0,0.0,32.0,0.0,0.0,0.0,0.0,1.0,6.0,0.0,0.0,0.0,1.0,0.0,0.0,0.0,0.0,0.0,0.0,0.0,5.0,0.0,0.0,0.0,0.0,0.0,0.0,0.0,0.0,0.0,0.0,0.0,0.0,0.0,0.0,0.0,0.0,0.0,0.0,0.0,0.0,0.0,0.0,11.0,0.0,0.0,1.0,0.0,0.0,0.0,12.0,0.0,10.0,0.0,0.0,0.0,1.0,0.0,0.0,0.0,2.0,0.0,1.0,0.0,0.0,0.0,6.0,0.0,0.0,0.0,0.0,0.0,0.0,0.0,0.0,0.0,0.0,0.0,0.0,0.0,0.0,0.0,0.0,0.0,0.0,6.0,0.0,0.0,0.0,0.0,0.0,0.0,0.0,1.0,0.0,0.0,0.0,0.0,0.0,0.0,0.0,0.0,0.0,0.0,0.0,0.0,0.0,0.0,0.0
3,0.0,2.0,0.0,0,1.0,0.0,0.0,3.0,15.0,0.0,0.0,0.0,0.0,0.0,11.0,0.0,0.0,0.0,2.0,0.0,0.0,0.0,0.0,0.0,0.0,1.0,1.0,0.0,0.0,0.0,0.0,0.0,0.0,0.0,2.0,0.0,0.0,0.0,0.0,0.0,1.0,0.0,0.0,0.0,0.0,0.0,0.0,0.0,0.0,0.0,0.0,0.0,0.0,0.0,0.0,0.0,0.0,2.0,0.0,0.0,0.0,0.0,0.0,0.0,0.0,2.0,0.0,4.0,0.0,0.0,1.0,2.0,0.0,1.0,0.0,1.0,1.0,0.0,0.0,0.0,0.0,0.0,0.0,0.0,0.0,0.0,0.0,7.0,0.0,99.0,0.0,0.0,0.0,2.0,0.0,0.0,0.0,0.0,0.0,0.0,0.0,0.0,0.0,0.0,0.0,0.0,2.0,0.0,0.0,0.0,0.0,0.0,0.0,0.0,0.0
4,1.0,0.0,0.0,1.0,0,0.0,0.0,0.0,14.0,0.0,0.0,0.0,0.0,0.0,50.0,0.0,0.0,0.0,0.0,0.0,0.0,0.0,0.0,0.0,1.0,0.0,0.0,0.0,0.0,0.0,0.0,0.0,0.0,0.0,3.0,0.0,0.0,0.0,0.0,0.0,0.0,1.0,0.0,0.0,0.0,0.0,0.0,0.0,0.0,0.0,0.0,0.0,0.0,0.0,2.0,0.0,0.0,9.0,0.0,0.0,0.0,0.0,0.0,0.0,0.0,1.0,0.0,5.0,0.0,0.0,0.0,1.0,0.0,0.0,0.0,0.0,0.0,0.0,0.0,0.0,0.0,1.0,0.0,0.0,0.0,0.0,0.0,11.0,0.0,4.0,1.0,0.0,0.0,0.0,0.0,1.0,0.0,0.0,1.0,6.0,0.0,0.0,0.0,1.0,0.0,0.0,0.0,0.0,0.0,0.0,0.0,0.0,0.0,0.0,0.0
5,1.0,0.0,0.0,0.0,0.0,0,0.0,4.0,6503.0,1.0,0.0,0.0,0.0,1.0,4000.0,197.0,7.0,0.0,18.0,15.0,0.0,0.0,1.0,0.0,109.0,4.0,44.0,3.0,2.0,0.0,0.0,0.0,0.0,20.0,1233.0,8.0,1319.0,1.0,9.0,246.0,3.0,45.0,0.0,43.0,12.0,1.0,0.0,4.0,148.0,20.0,2.0,1.0,0.0,3.0,0.0,59.0,1.0,274.0,0.0,1.0,1.0,41.0,0.0,4.0,0.0,109.0,0.0,748.0,0.0,5.0,434.0,271.0,52.0,40.0,0.0,11.0,82.0,1.0,0.0,4.0,6.0,145.0,0.0,0.0,0.0,0.0,7.0,58.0,0.0,132.0,503.0,1.0,0.0,10.0,4.0,498.0,8.0,7.0,13.0,738.0,0.0,7.0,1.0,9.0,0.0,0.0,111.0,0.0,0.0,0.0,0.0,0.0,0.0,0.0,0.0
6,0.0,0.0,0.0,0.0,0.0,0.0,0,0.0,29.0,0.0,0.0,0.0,0.0,0.0,55.0,0.0,0.0,0.0,0.0,0.0,0.0,0.0,0.0,0.0,46.0,0.0,0.0,0.0,0.0,0.0,0.0,0.0,0.0,0.0,4.0,0.0,0.0,0.0,0.0,0.0,0.0,0.0,0.0,0.0,0.0,0.0,0.0,0.0,0.0,0.0,0.0,0.0,0.0,1.0,0.0,2.0,0.0,29.0,0.0,0.0,0.0,0.0,0.0,0.0,0.0,4.0,0.0,5.0,0.0,0.0,1.0,1.0,0.0,2.0,0.0,28.0,4.0,0.0,0.0,0.0,0.0,0.0,0.0,0.0,0.0,0.0,0.0,0.0,0.0,1.0,0.0,0.0,0.0,0.0,0.0,170.0,0.0,0.0,1.0,0.0,0.0,3.0,0.0,0.0,1.0,0.0,8.0,0.0,0.0,0.0,0.0,0.0,0.0,0.0,0.0
7,0.0,0.0,0.0,3.0,0.0,4.0,0.0,0,139.0,0.0,0.0,0.0,0.0,1.0,97.0,9.0,4.0,0.0,6.0,0.0,0.0,0.0,0.0,1.0,6.0,0.0,13.0,0.0,0.0,4.0,0.0,0.0,0.0,31.0,9.0,0.0,3.0,2.0,2.0,0.0,30.0,33.0,0.0,4.0,1.0,0.0,6.0,1.0,4.0,2.0,1.0,0.0,0.0,0.0,2.0,0.0,0.0,21.0,0.0,0.0,3.0,2.0,0.0,0.0,0.0,11.0,0.0,81.0,0.0,0.0,21.0,51.0,2.0,8.0,0.0,0.0,6.0,0.0,1.0,0.0,4.0,1.0,3.0,2.0,0.0,0.0,0.0,349.0,0.0,5.0,3.0,0.0,0.0,198.0,1.0,2.0,0.0,0.0,1.0,8.0,0.0,8.0,3.0,3.0,0.0,0.0,33.0,0.0,0.0,0.0,0.0,0.0,0.0,0.0,0.0
8,94.0,1.0,32.0,15.0,14.0,6503.0,29.0,139.0,0,23.0,11.0,0.0,2.0,91.0,111337.0,4062.0,377.0,5.0,877.0,265.0,14.0,41.0,23.0,97.0,4228.0,243.0,1797.0,7.0,314.0,92.0,52.0,60.0,328.0,482.0,27133.0,211.0,4518.0,218.0,315.0,616.0,796.0,1257.0,0.0,2534.0,381.0,20.0,1054.0,122.0,852.0,713.0,11.0,9.0,90.0,612.0,22.0,103.0,137.0,5555.0,212.0,2533.0,39.0,1374.0,34.0,45.0,26.0,3556.0,2.0,33977.0,130.0,431.0,3440.0,10357.0,2032.0,1719.0,43.0,938.0,3630.0,13.0,1.0,169.0,633.0,701.0,2.0,40.0,4.0,2.0,122.0,1037.0,4.0,2644.0,12526.0,38.0,0.0,137.0,373.0,18160.0,159.0,247.0,877.0,11440.0,3.0,378.0,38.0,460.0,21.0,0.0,3046.0,44.0,0.0,0.0,0.0,0.0,0.0,0.0,0.0
9,0.0,0.0,0.0,0.0,0.0,1.0,0.0,0.0,23.0,0,0.0,0.0,0.0,0.0,14.0,2.0,1.0,0.0,0.0,0.0,0.0,0.0,0.0,0.0,1.0,0.0,0.0,0.0,0.0,0.0,2.0,0.0,0.0,0.0,5.0,0.0,2.0,0.0,1.0,0.0,0.0,4.0,0.0,0.0,0.0,0.0,0.0,0.0,0.0,4.0,6.0,0.0,1.0,0.0,0.0,0.0,24.0,1.0,4.0,0.0,0.0,0.0,2.0,0.0,0.0,0.0,0.0,13.0,0.0,2.0,1.0,4.0,26.0,4.0,1.0,0.0,3.0,0.0,0.0,0.0,0.0,1.0,0.0,0.0,0.0,0.0,0.0,0.0,0.0,0.0,0.0,0.0,0.0,0.0,3.0,0.0,0.0,0.0,0.0,1.0,10.0,0.0,0.0,0.0,0.0,0.0,0.0,0.0,0.0,0.0,0.0,0.0,0.0,0.0,0.0
10,0.0,0.0,0.0,0.0,0.0,0.0,0.0,0.0,11.0,0.0,0,0.0,2.0,0.0,4.0,0.0,0.0,0.0,0.0,0.0,0.0,0.0,0.0,0.0,0.0,0.0,2.0,0.0,0.0,0.0,0.0,0.0,0.0,0.0,8.0,0.0,0.0,0.0,0.0,0.0,0.0,1.0,0.0,0.0,0.0,0.0,0.0,46.0,0.0,0.0,0.0,0.0,0.0,0.0,0.0,0.0,0.0,0.0,0.0,0.0,0.0,0.0,0.0,0.0,0.0,0.0,0.0,3.0,0.0,0.0,1.0,0.0,3.0,0.0,1.0,0.0,0.0,9.0,5.0,0.0,5.0,0.0,0.0,0.0,0.0,0.0,0.0,2.0,0.0,0.0,1.0,0.0,1.0,0.0,0.0,11.0,0.0,0.0,0.0,0.0,0.0,0.0,0.0,0.0,0.0,0.0,0.0,0.0,0.0,0.0,0.0,0.0,0.0,0.0,0.0
11,0.0,0.0,0.0,0.0,0.0,0.0,0.0,0.0,0.0,0.0,0.0,0,0.0,0.0,0.0,0.0,0.0,0.0,0.0,0.0,0.0,0.0,0.0,0.0,0.0,0.0,0.0,0.0,0.0,0.0,0.0,0.0,0.0,0.0,0.0,0.0,0.0,0.0,0.0,0.0,0.0,0.0,0.0,0.0,0.0,0.0,0.0,0.0,0.0,0.0,0.0,0.0,0.0,0.0,0.0,0.0,0.0,0.0,0.0,0.0,0.0,0.0,0.0,0.0,0.0,0.0,0.0,0.0,0.0,0.0,0.0,0.0,0.0,0.0,0.0,0.0,0.0,0.0,0.0,0.0,0.0,0.0,0.0,0.0,0.0,0.0,0.0,0.0,0.0,0.0,0.0,0.0,0.0,0.0,0.0,0.0,0.0,0.0,0.0,0.0,0.0,0.0,0.0,0.0,0.0,0.0,0.0,0.0,0.0,0.0,0.0,0.0,0.0,0.0,0.0
12,0.0,0.0,0.0,0.0,0.0,0.0,0.0,0.0,2.0,0.0,2.0,0.0,0,0.0,3.0,0.0,0.0,0.0,0.0,0.0,0.0,0.0,0.0,0.0,0.0,0.0,0.0,0.0,0.0,0.0,0.0,0.0,0.0,0.0,0.0,0.0,0.0,0.0,0.0,1.0,0.0,3.0,0.0,0.0,0.0,0.0,0.0,2.0,0.0,1.0,0.0,0.0,1.0,0.0,0.0,0.0,0.0,0.0,0.0,0.0,1.0,0.0,0.0,0.0,0.0,0.0,0.0,1.0,0.0,1.0,10.0,0.0,14.0,0.0,0.0,1.0,0.0,2.0,0.0,0.0,0.0,0.0,0.0,0.0,0.0,0.0,0.0,0.0,0.0,0.0,0.0,3.0,2.0,2.0,0.0,2.0,0.0,0.0,0.0,0.0,0.0,0.0,0.0,0.0,0.0,0.0,0.0,0.0,0.0,0.0,0.0,0.0,0.0,0.0,0.0
13,0.0,0.0,1.0,0.0,0.0,1.0,0.0,1.0,91.0,0.0,0.0,0.0,0.0,0,136.0,5.0,1.0,0.0,1.0,0.0,0.0,0.0,0.0,1.0,4.0,0.0,12.0,0.0,0.0,0.0,0.0,1.0,0.0,31.0,55.0,0.0,4.0,1.0,2.0,0.0,2.0,0.0,0.0,8.0,1.0,0.0,0.0,0.0,0.0,0.0,0.0,0.0,0.0,1.0,0.0,0.0,0.0,13.0,0.0,0.0,0.0,0.0,0.0,4.0,0.0,9.0,0.0,30.0,0.0,0.0,0.0,10.0,0.0,14.0,0.0,0.0,9.0,0.0,0.0,0.0,3.0,2.0,0.0,26.0,0.0,0.0,0.0,0.0,0.0,0.0,6.0,0.0,0.0,0.0,0.0,12.0,6.0,0.0,1.0,12.0,0.0,5.0,0.0,3.0,0.0,0.0,14.0,0.0,0.0,0.0,0.0,0.0,0.0,0.0,0.0
14,237.0,0.0,6.0,11.0,50.0,4000.0,55.0,97.0,111337.0,14.0,4.0,0.0,3.0,136.0,0,4274.0,663.0,0.0,1162.0,144.0,8.0,20.0,13.0,149.0,4085.0,368.0,2168.0,4.0,373.0,27.0,46.0,158.0,251.0,381.0,46437.0,124.0,9842.0,317.0,248.0,223.0,1476.0,652.0,3.0,3372.0,365.0,17.0,2013.0,129.0,201.0,365.0,14.0,7.0,31.0,2294.0,23.0,31.0,131.0,7782.0,59.0,335.0,25.0,1635.0,32.0,116.0,31.0,5097.0,8.0,42675.0,2.0,166.0,2099.0,17588.0,974.0,1852.0,86.0,534.0,3203.0,6.0,0.0,33.0,403.0,543.0,0.0,49.0,1.0,0.0,217.0,1178.0,13.0,1773.0,18268.0,10.0,1.0,110.0,463.0,20463.0,444.0,592.0,616.0,14581.0,3.0,499.0,41.0,208.0,23.0,0.0,2138.0,21.0,0.0,0.0,0.0,0.0,0.0,0.0,0.0
15,100.0,0.0,0.0,0.0,0.0,197.0,0.0,9.0,4062.0,2.0,0.0,0.0,0.0,5.0,4274.0,0,25.0,0.0,53.0,11.0,0.0,0.0,0.0,4.0,174.0,6.0,401.0,0.0,1.0,8.0,0.0,0.0,5.0,420.0,1147.0,106.0,181.0,71.0,55.0,41.0,20.0,84.0,0.0,40.0,265.0,45.0,168.0,0.0,40.0,14.0,0.0,0.0,0.0,18.0,5.0,1.0,11.0,3604.0,10.0,6.0,0.0,96.0,2.0,55.0,4.0,73.0,0.0,1172.0,0.0,7.0,51.0,320.0,100.0,43.0,1.0,53.0,7104.0,0.0,0.0,3.0,34.0,123.0,0.0,1.0,0.0,0.0,103.0,47.0,0.0,128.0,763.0,4.0,0.0,6.0,4.0,361.0,19.0,34.0,13.0,239.0,0.0,105.0,0.0,19.0,0.0,0.0,2028.0,1.0,0.0,0.0,0.0,0.0,0.0,0.0,0.0
16,1.0,0.0,0.0,0.0,0.0,7.0,0.0,4.0,377.0,1.0,0.0,0.0,0.0,1.0,663.0,25.0,0,0.0,62.0,2.0,0.0,0.0,0.0,36.0,22.0,0.0,96.0,7.0,5.0,0.0,0.0,0.0,1.0,3.0,203.0,5.0,6.0,10.0,4.0,0.0,230.0,7.0,0.0,13.0,2.0,0.0,2.0,1.0,3.0,0.0,0.0,0.0,0.0,1.0,0.0,0.0,0.0,24.0,0.0,0.0,0.0,2.0,0.0,0.0,0.0,9.0,0.0,146.0,0.0,0.0,2.0,82.0,2.0,37.0,1.0,4.0,16.0,0.0,0.0,1.0,20.0,1.0,1.0,0.0,0.0,0.0,3.0,2.0,0.0,6.0,22.0,0.0,0.0,12.0,0.0,114.0,3.0,0.0,0.0,38.0,0.0,16.0,0.0,0.0,0.0,0.0,48.0,0.0,0.0,0.0,0.0,0.0,0.0,0.0,0.0
17,0.0,0.0,0.0,0.0,0.0,0.0,0.0,0.0,5.0,0.0,0.0,0.0,0.0,0.0,0.0,0.0,0.0,0,0.0,0.0,0.0,0.0,0.0,0.0,0.0,0.0,0.0,0.0,0.0,0.0,0.0,0.0,0.0,0.0,1.0,0.0,0.0,0.0,0.0,0.0,0.0,0.0,0.0,0.0,0.0,0.0,0.0,3.0,0.0,1.0,0.0,0.0,0.0,0.0,0.0,0.0,0.0,0.0,0.0,1.0,0.0,0.0,3.0,0.0,0.0,0.0,0.0,0.0,0.0,0.0,0.0,0.0,45.0,0.0,0.0,0.0,0.0,0.0,0.0,0.0,0.0,0.0,0.0,0.0,0.0,0.0,0.0,0.0,0.0,2.0,2.0,0.0,0.0,0.0,0.0,0.0,0.0,0.0,0.0,1.0,0.0,0.0,0.0,0.0,0.0,0.0,0.0,0.0,0.0,0.0,0.0,0.0,0.0,0.0,0.0
18,0.0,0.0,1.0,2.0,0.0,18.0,0.0,6.0,877.0,0.0,0.0,0.0,0.0,1.0,1162.0,53.0,62.0,0.0,0,1.0,1.0,8.0,0.0,0.0,286.0,0.0,15.0,0.0,2.0,0.0,0.0,11.0,24.0,9.0,413.0,5.0,3.0,58.0,2.0,3.0,105.0,14.0,0.0,451.0,2.0,0.0,21.0,0.0,3.0,1.0,0.0,0.0,0.0,9.0,1.0,6.0,0.0,46.0,0.0,0.0,0.0,9.0,0.0,6.0,3.0,852.0,0.0,453.0,0.0,2.0,20.0,388.0,6.0,255.0,27.0,5.0,28.0,0.0,0.0,1.0,12.0,23.0,0.0,2.0,0.0,0.0,59.0,101.0,0.0,386.0,86.0,1.0,0.0,0.0,0.0,199.0,28.0,3.0,17.0,72.0,1.0,19.0,1.0,2.0,8.0,0.0,69.0,4.0,0.0,0.0,0.0,0.0,0.0,0.0,0.0
19,0.0,0.0,0.0,0.0,0.0,15.0,0.0,0.0,265.0,0.0,0.0,0.0,0.0,0.0,144.0,11.0,2.0,0.0,1.0,0,0.0,2.0,0.0,1.0,2.0,0.0,6.0,1.0,0.0,0.0,0.0,0.0,2.0,149.0,59.0,3.0,2.0,0.0,20.0,1.0,1.0,0.0,0.0,1.0,3.0,0.0,0.0,0.0,0.0,0.0,0.0,0.0,0.0,1.0,0.0,0.0,0.0,189.0,0.0,0.0,0.0,7.0,0.0,0.0,0.0,2.0,0.0,41.0,0.0,0.0,6.0,17.0,8.0,2.0,0.0,10.0,25.0,0.0,0.0,16.0,17.0,5.0,0.0,0.0,0.0,0.0,1.0,0.0,1.0,6.0,7.0,0.0,0.0,0.0,0.0,12.0,0.0,0.0,2.0,9.0,0.0,16.0,0.0,1.0,0.0,0.0,8.0,0.0,0.0,0.0,0.0,0.0,0.0,0.0,0.0
20,0.0,0.0,0.0,0.0,0.0,0.0,0.0,0.0,14.0,0.0,0.0,0.0,0.0,0.0,8.0,0.0,0.0,0.0,1.0,0.0,0,0.0,0.0,0.0,0.0,0.0,0.0,0.0,0.0,0.0,0.0,0.0,0.0,0.0,1.0,0.0,0.0,0.0,0.0,0.0,0.0,0.0,0.0,0.0,0.0,0.0,0.0,0.0,0.0,1.0,3.0,0.0,0.0,0.0,0.0,0.0,0.0,1.0,0.0,1.0,0.0,0.0,0.0,0.0,0.0,0.0,0.0,1.0,0.0,1.0,2.0,1.0,6.0,0.0,0.0,0.0,0.0,0.0,0.0,0.0,0.0,1.0,0.0,0.0,0.0,0.0,0.0,0.0,0.0,1.0,1.0,0.0,0.0,0.0,0.0,5.0,0.0,0.0,0.0,0.0,1.0,0.0,0.0,0.0,0.0,0.0,3.0,0.0,0.0,0.0,0.0,0.0,0.0,0.0,0.0
21,0.0,0.0,0.0,0.0,0.0,0.0,0.0,0.0,41.0,0.0,0.0,0.0,0.0,0.0,20.0,0.0,0.0,0.0,8.0,2.0,0.0,0,0.0,0.0,1.0,0.0,0.0,0.0,1.0,0.0,0.0,0.0,0.0,1.0,20.0,0.0,1.0,2.0,2.0,0.0,0.0,0.0,0.0,0.0,0.0,0.0,0.0,0.0,0.0,4.0,0.0,0.0,0.0,0.0,0.0,0.0,0.0,1.0,0.0,0.0,0.0,0.0,0.0,0.0,0.0,0.0,0.0,8.0,0.0,8.0,5.0,31.0,0.0,0.0,0.0,1.0,0.0,0.0,0.0,0.0,0.0,0.0,0.0,0.0,0.0,0.0,0.0,9.0,0.0,1.0,4.0,0.0,0.0,0.0,0.0,2.0,1.0,0.0,2.0,1.0,0.0,0.0,0.0,0.0,10.0,0.0,0.0,0.0,0.0,0.0,0.0,0.0,0.0,0.0,0.0
22,0.0,0.0,0.0,0.0,0.0,1.0,0.0,0.0,23.0,0.0,0.0,0.0,0.0,0.0,13.0,0.0,0.0,0.0,0.0,0.0,0.0,0.0,0,0.0,0.0,0.0,0.0,0.0,0.0,0.0,0.0,0.0,0.0,0.0,6.0,0.0,0.0,0.0,0.0,0.0,0.0,0.0,0.0,0.0,0.0,0.0,0.0,0.0,0.0,0.0,0.0,0.0,0.0,0.0,0.0,0.0,0.0,20.0,0.0,0.0,0.0,1.0,0.0,0.0,0.0,0.0,0.0,4.0,0.0,0.0,1.0,1.0,0.0,0.0,0.0,0.0,0.0,0.0,0.0,0.0,0.0,2.0,0.0,0.0,0.0,0.0,0.0,1.0,0.0,6.0,0.0,0.0,0.0,0.0,0.0,1.0,0.0,0.0,0.0,3.0,0.0,0.0,0.0,0.0,0.0,0.0,0.0,0.0,0.0,0.0,0.0,0.0,0.0,0.0,0.0
23,0.0,0.0,0.0,0.0,0.0,0.0,0.0,1.0,97.0,0.0,0.0,0.0,0.0,1.0,149.0,4.0,36.0,0.0,0.0,1.0,0.0,0.0,0.0,0,3.0,0.0,3903.0,0.0,1.0,0.0,0.0,0.0,0.0,31.0,56.0,1.0,4.0,1.0,5.0,0.0,48.0,2.0,0.0,1.0,1.0,0.0,0.0,0.0,0.0,0.0,0.0,0.0,0.0,0.0,0.0,0.0,0.0,93.0,0.0,0.0,0.0,0.0,0.0,11.0,1.0,2.0,0.0,19.0,0.0,0.0,0.0,40.0,0.0,2.0,35.0,0.0,30.0,0.0,0.0,0.0,4.0,0.0,0.0,0.0,0.0,0.0,0.0,2.0,0.0,0.0,3.0,0.0,0.0,0.0,3.0,17.0,0.0,2.0,1.0,7.0,0.0,5.0,1.0,3.0,0.0,0.0,19.0,0.0,0.0,0.0,0.0,0.0,0.0,0.0,0.0
24,16.0,0.0,0.0,0.0,1.0,109.0,46.0,6.0,4228.0,1.0,0.0,0.0,0.0,4.0,4085.0,174.0,22.0,0.0,286.0,2.0,0.0,1.0,0.0,3.0,0,15.0,40.0,7.0,5.0,1.0,0.0,32.0,24.0,35.0,716.0,5.0,33.0,9.0,12.0,11.0,142.0,22.0,0.0,566.0,14.0,1.0,30.0,0.0,16.0,41.0,1.0,0.0,0.0,14.0,0.0,1.0,9.0,160.0,3.0,2.0,0.0,41.0,2.0,8.0,8.0,2349.0,0.0,1820.0,0.0,5.0,214.0,438.0,229.0,439.0,9.0,11.0,112.0,1.0,0.0,1.0,35.0,16.0,0.0,26.0,0.0,0.0,8.0,184.0,0.0,414.0,639.0,0.0,0.0,7.0,7.0,550.0,99.0,41.0,16.0,291.0,0.0,16.0,3.0,6.0,0.0,0.0,67.0,0.0,0.0,0.0,0.0,0.0,0.0,0.0,0.0
25,0.0,0.0,0.0,1.0,0.0,4.0,0.0,0.0,243.0,0.0,0.0,0.0,0.0,0.0,368.0,6.0,0.0,0.0,0.0,0.0,0.0,0.0,0.0,0.0,15.0,0,1.0,0.0,1.0,0.0,0.0,2.0,2.0,0.0,57.0,0.0,0.0,2.0,0.0,4.0,9.0,0.0,0.0,1.0,0.0,0.0,6.0,0.0,4.0,0.0,0.0,0.0,0.0,1.0,0.0,0.0,0.0,2.0,0.0,0.0,0.0,34.0,0.0,0.0,1.0,5.0,0.0,74.0,0.0,0.0,0.0,8.0,0.0,1.0,0.0,0.0,1.0,0.0,0.0,0.0,2.0,1.0,0.0,0.0,0.0,0.0,0.0,10.0,0.0,16.0,61.0,0.0,0.0,0.0,4.0,67.0,2.0,1.0,11.0,29.0,0.0,1.0,0.0,5.0,0.0,0.0,2.0,0.0,0.0,0.0,0.0,0.0,0.0,0.0,0.0
26,34.0,0.0,5.0,1.0,0.0,44.0,0.0,13.0,1797.0,0.0,2.0,0.0,0.0,12.0,2168.0,401.0,96.0,0.0,15.0,6.0,0.0,0.0,0.0,3903.0,40.0,1.0,0,0.0,7.0,1.0,0.0,8.0,4.0,38.0,842.0,2.0,35.0,4.0,49.0,3.0,234.0,8.0,0.0,69.0,28.0,0.0,16.0,35.0,7.0,8.0,0.0,0.0,0.0,14.0,0.0,4.0,5.0,1279.0,1.0,11.0,0.0,201.0,0.0,48.0,6.0,64.0,0.0,475.0,0.0,7.0,19.0,312.0,42.0,81.0,94.0,57.0,461.0,3.0,0.0,1.0,14.0,52.0,0.0,2.0,0.0,0.0,11.0,61.0,2.0,18.0,190.0,1.0,0.0,2.0,14.0,217.0,7.0,1.0,11.0,134.0,0.0,24.0,0.0,6.0,2.0,0.0,158.0,0.0,0.0,0.0,0.0,0.0,0.0,0.0,0.0
27,0.0,0.0,0.0,0.0,0.0,3.0,0.0,0.0,7.0,0.0,0.0,0.0,0.0,0.0,4.0,0.0,7.0,0.0,0.0,1.0,0.0,0.0,0.0,0.0,7.0,0.0,0.0,0,0.0,0.0,0.0,0.0,0.0,0.0,3.0,0.0,4.0,0.0,0.0,0.0,0.0,11.0,0.0,0.0,0.0,0.0,0.0,0.0,0.0,0.0,0.0,0.0,0.0,0.0,0.0,0.0,0.0,0.0,0.0,0.0,0.0,0.0,0.0,0.0,0.0,0.0,0.0,0.0,0.0,0.0,49.0,4.0,0.0,0.0,0.0,0.0,0.0,0.0,0.0,0.0,0.0,0.0,0.0,0.0,0.0,0.0,0.0,6.0,0.0,0.0,1.0,0.0,0.0,18.0,0.0,0.0,0.0,1.0,0.0,0.0,0.0,0.0,0.0,0.0,0.0,0.0,0.0,0.0,0.0,0.0,0.0,0.0,0.0,0.0,0.0
28,2.0,0.0,0.0,0.0,0.0,2.0,0.0,0.0,314.0,0.0,0.0,0.0,0.0,0.0,373.0,1.0,5.0,0.0,2.0,0.0,0.0,1.0,0.0,1.0,5.0,1.0,7.0,0.0,0,0.0,0.0,0.0,7.0,0.0,257.0,2.0,0.0,4.0,0.0,2.0,0.0,5.0,0.0,14.0,3.0,0.0,6.0,0.0,1.0,0.0,0.0,0.0,0.0,2.0,0.0,0.0,0.0,16.0,0.0,0.0,0.0,1.0,0.0,0.0,0.0,7.0,0.0,46.0,0.0,0.0,1.0,63.0,0.0,5.0,1.0,0.0,4.0,0.0,0.0,0.0,1.0,10.0,0.0,23.0,0.0,0.0,1.0,11.0,0.0,8.0,160.0,0.0,0.0,0.0,2.0,72.0,3.0,1.0,1.0,30.0,0.0,0.0,0.0,1.0,0.0,0.0,5.0,0.0,0.0,0.0,0.0,0.0,0.0,0.0,0.0
29,0.0,0.0,0.0,0.0,0.0,0.0,0.0,4.0,92.0,0.0,0.0,0.0,0.0,0.0,27.0,8.0,0.0,0.0,0.0,0.0,0.0,0.0,0.0,0.0,1.0,0.0,1.0,0.0,0.0,0,0.0,0.0,0.0,1.0,11.0,0.0,0.0,0.0,0.0,0.0,0.0,0.0,0.0,1.0,0.0,0.0,0.0,0.0,0.0,0.0,0.0,0.0,0.0,0.0,4.0,0.0,0.0,3.0,0.0,1.0,0.0,0.0,0.0,0.0,0.0,1.0,0.0,5.0,0.0,0.0,1.0,0.0,1.0,0.0,0.0,5.0,0.0,0.0,0.0,0.0,0.0,0.0,0.0,0.0,0.0,0.0,0.0,10.0,0.0,31.0,2.0,0.0,0.0,0.0,0.0,1.0,0.0,0.0,0.0,0.0,0.0,0.0,0.0,0.0,0.0,0.0,3.0,0.0,0.0,0.0,0.0,0.0,0.0,0.0,0.0
30,0.0,0.0,0.0,0.0,0.0,0.0,0.0,0.0,52.0,2.0,0.0,0.0,0.0,0.0,46.0,0.0,0.0,0.0,0.0,0.0,0.0,0.0,0.0,0.0,0.0,0.0,0.0,0.0,0.0,0.0,0,0.0,0.0,0.0,42.0,0.0,0.0,0.0,0.0,0.0,0.0,0.0,0.0,0.0,0.0,0.0,0.0,1.0,0.0,5.0,21.0,0.0,0.0,0.0,0.0,0.0,0.0,0.0,0.0,1.0,0.0,0.0,93.0,0.0,0.0,0.0,0.0,19.0,0.0,25.0,2.0,0.0,217.0,0.0,0.0,0.0,0.0,0.0,0.0,0.0,0.0,0.0,0.0,0.0,0.0,0.0,1.0,0.0,0.0,0.0,0.0,0.0,0.0,0.0,0.0,0.0,0.0,0.0,0.0,1.0,0.0,0.0,0.0,0.0,0.0,0.0,0.0,0.0,0.0,0.0,0.0,0.0,0.0,0.0,0.0
31,1.0,0.0,0.0,0.0,0.0,0.0,0.0,0.0,60.0,0.0,0.0,0.0,0.0,1.0,158.0,0.0,0.0,0.0,11.0,0.0,0.0,0.0,0.0,0.0,32.0,2.0,8.0,0.0,0.0,0.0,0.0,0,13.0,0.0,39.0,0.0,0.0,2.0,0.0,2.0,27.0,1.0,0.0,53.0,0.0,0.0,16.0,0.0,0.0,1.0,0.0,0.0,0.0,0.0,0.0,0.0,0.0,37.0,0.0,0.0,0.0,0.0,0.0,0.0,0.0,30.0,0.0,189.0,0.0,0.0,0.0,22.0,0.0,4.0,0.0,0.0,6.0,0.0,0.0,0.0,0.0,1.0,0.0,0.0,0.0,0.0,1.0,1.0,0.0,40.0,5.0,0.0,0.0,0.0,1.0,59.0,0.0,0.0,23.0,4.0,0.0,0.0,0.0,0.0,0.0,0.0,0.0,0.0,0.0,0.0,0.0,0.0,0.0,0.0,0.0
32,0.0,0.0,0.0,0.0,0.0,0.0,0.0,0.0,328.0,0.0,0.0,0.0,0.0,0.0,251.0,5.0,1.0,0.0,24.0,2.0,0.0,0.0,0.0,0.0,24.0,2.0,4.0,0.0,7.0,0.0,0.0,13.0,0,2.0,34.0,1.0,0.0,5.0,0.0,0.0,26.0,5.0,0.0,29.0,0.0,0.0,36.0,0.0,0.0,0.0,0.0,0.0,0.0,22.0,1.0,1.0,0.0,22.0,2.0,0.0,0.0,1.0,0.0,0.0,0.0,26.0,0.0,100.0,0.0,1.0,0.0,20.0,21.0,9.0,0.0,0.0,8.0,0.0,0.0,0.0,6.0,3.0,0.0,0.0,0.0,0.0,1.0,0.0,0.0,13.0,181.0,0.0,0.0,0.0,83.0,574.0,2.0,11.0,2.0,494.0,0.0,1.0,0.0,0.0,0.0,0.0,7.0,4.0,0.0,0.0,0.0,0.0,0.0,0.0,0.0
33,0.0,0.0,0.0,0.0,0.0,20.0,0.0,31.0,482.0,0.0,0.0,0.0,0.0,31.0,381.0,420.0,3.0,0.0,9.0,149.0,0.0,1.0,0.0,31.0,35.0,0.0,38.0,0.0,0.0,1.0,0.0,0.0,2.0,0,87.0,13.0,9.0,48.0,76.0,2.0,3.0,8.0,0.0,0.0,13.0,0.0,0.0,4.0,8.0,4.0,1.0,0.0,0.0,3.0,0.0,5.0,7.0,670.0,0.0,0.0,0.0,28.0,0.0,0.0,0.0,27.0,0.0,68.0,2.0,0.0,12.0,45.0,4.0,4.0,1.0,20.0,281.0,0.0,0.0,5.0,57.0,9.0,0.0,0.0,0.0,0.0,4.0,3.0,0.0,8.0,18.0,0.0,0.0,1.0,0.0,36.0,0.0,0.0,4.0,145.0,0.0,345.0,0.0,93.0,0.0,0.0,477.0,0.0,0.0,0.0,0.0,0.0,0.0,0.0,0.0
34,17.0,0.0,0.0,2.0,3.0,1233.0,4.0,9.0,27133.0,5.0,8.0,0.0,0.0,55.0,46437.0,1147.0,203.0,1.0,413.0,59.0,1.0,20.0,6.0,56.0,716.0,57.0,842.0,3.0,257.0,11.0,42.0,39.0,34.0,87.0,0,47.0,327.0,70.0,78.0,43.0,646.0,74.0,0.0,518.0,111.0,4.0,430.0,30.0,46.0,55.0,0.0,0.0,0.0,483.0,5.0,16.0,75.0,2131.0,9.0,33.0,12.0,92.0,2.0,90.0,8.0,496.0,1.0,6159.0,0.0,33.0,488.0,19175.0,110.0,524.0,19.0,59.0,800.0,7.0,0.0,13.0,135.0,376.0,0.0,26.0,1.0,0.0,53.0,188.0,0.0,455.0,5614.0,0.0,0.0,12.0,69.0,4761.0,119.0,93.0,166.0,7170.0,0.0,152.0,14.0,37.0,2.0,0.0,399.0,3.0,0.0,0.0,0.0,0.0,0.0,0.0,0.0
35,0.0,0.0,0.0,0.0,0.0,8.0,0.0,0.0,211.0,0.0,0.0,0.0,0.0,0.0,124.0,106.0,5.0,0.0,5.0,3.0,0.0,0.0,0.0,1.0,5.0,0.0,2.0,0.0,2.0,0.0,0.0,0.0,1.0,13.0,47.0,0,7.0,5.0,0.0,2.0,6.0,1.0,0.0,2.0,3.0,0.0,0.0,0.0,2.0,0.0,0.0,0.0,0.0,0.0,0.0,1.0,0.0,15.0,2.0,0.0,0.0,5.0,0.0,0.0,0.0,8.0,0.0,33.0,4.0,0.0,0.0,42.0,0.0,1.0,0.0,6.0,39.0,0.0,0.0,1.0,16.0,0.0,0.0,0.0,0.0,0.0,4.0,0.0,0.0,2.0,24.0,1.0,0.0,0.0,0.0,18.0,1.0,0.0,4.0,22.0,0.0,1.0,0.0,4.0,0.0,0.0,26.0,0.0,0.0,0.0,0.0,0.0,0.0,0.0,0.0
36,0.0,0.0,0.0,0.0,0.0,1319.0,0.0,3.0,4518.0,2.0,0.0,0.0,0.0,4.0,9842.0,181.0,6.0,0.0,3.0,2.0,0.0,1.0,0.0,4.0,33.0,0.0,35.0,4.0,0.0,0.0,0.0,0.0,0.0,9.0,327.0,7.0,0,1.0,6.0,8.0,4.0,9.0,0.0,24.0,8.0,2.0,0.0,8.0,7.0,33.0,0.0,1.0,0.0,3.0,1.0,0.0,0.0,200.0,0.0,14.0,0.0,13.0,1.0,0.0,0.0,18.0,0.0,270.0,0.0,11.0,735.0,103.0,48.0,10.0,0.0,7.0,82.0,0.0,2.0,6.0,28.0,68.0,0.0,0.0,0.0,0.0,1.0,39.0,0.0,12.0,1869.0,0.0,0.0,0.0,0.0,167.0,1.0,1.0,5.0,975.0,0.0,4.0,3.0,7.0,2.0,0.0,1031.0,0.0,0.0,0.0,0.0,0.0,0.0,0.0,0.0
37,0.0,0.0,0.0,0.0,0.0,1.0,0.0,2.0,218.0,0.0,0.0,0.0,0.0,1.0,317.0,71.0,10.0,0.0,58.0,0.0,0.0,2.0,0.0,1.0,9.0,2.0,4.0,0.0,4.0,0.0,0.0,2.0,5.0,48.0,70.0,5.0,1.0,0,2.0,0.0,6.0,9.0,0.0,5.0,0.0,0.0,10.0,0.0,4.0,1.0,0.0,0.0,0.0,4.0,0.0,0.0,0.0,32.0,2.0,0.0,0.0,1.0,0.0,0.0,1.0,16.0,0.0,75.0,0.0,3.0,3.0,20.0,0.0,13.0,5.0,1.0,13.0,0.0,0.0,0.0,3.0,0.0,0.0,0.0,0.0,0.0,4.0,0.0,0.0,17.0,5033.0,0.0,0.0,1.0,0.0,186.0,1.0,2.0,1.0,33.0,0.0,9.0,0.0,3.0,0.0,0.0,24.0,2.0,0.0,0.0,0.0,0.0,0.0,0.0,0.0
38,0.0,0.0,0.0,0.0,0.0,9.0,0.0,2.0,315.0,1.0,0.0,0.0,0.0,2.0,248.0,55.0,4.0,0.0,2.0,20.0,0.0,2.0,0.0,5.0,12.0,0.0,49.0,0.0,0.0,0.0,0.0,0.0,0.0,76.0,78.0,0.0,6.0,2.0,0,0.0,2.0,1.0,0.0,1.0,11.0,1.0,0.0,0.0,3.0,10.0,0.0,0.0,0.0,0.0,0.0,2.0,0.0,134.0,0.0,6.0,0.0,0.0,0.0,1.0,0.0,4.0,0.0,86.0,0.0,0.0,0.0,24.0,6.0,48.0,6.0,8.0,26.0,0.0,0.0,4.0,177.0,59.0,0.0,1.0,0.0,0.0,2.0,4.0,0.0,2.0,14.0,0.0,0.0,0.0,3.0,71.0,1.0,1.0,4.0,31.0,0.0,15.0,1.0,6.0,0.0,0.0,36.0,0.0,0.0,0.0,0.0,0.0,0.0,0.0,0.0
39,0.0,0.0,0.0,0.0,0.0,246.0,0.0,0.0,616.0,0.0,0.0,0.0,1.0,0.0,223.0,41.0,0.0,0.0,3.0,1.0,0.0,0.0,0.0,0.0,11.0,4.0,3.0,0.0,2.0,0.0,0.0,2.0,0.0,2.0,43.0,2.0,8.0,0.0,0.0,0,0.0,17.0,0.0,0.0,4.0,1.0,1.0,0.0,58.0,1.0,0.0,0.0,0.0,5.0,1.0,2.0,0.0,27.0,0.0,3.0,2.0,20.0,0.0,1.0,0.0,8.0,0.0,60.0,0.0,1.0,25.0,14.0,6.0,6.0,0.0,59.0,21.0,0.0,0.0,1.0,4.0,3.0,0.0,0.0,0.0,0.0,0.0,2.0,0.0,5.0,20.0,2.0,0.0,14.0,0.0,42.0,1.0,1.0,6.0,14.0,0.0,3.0,0.0,4.0,0.0,0.0,3.0,0.0,0.0,0.0,0.0,0.0,0.0,0.0,0.0
40,0.0,0.0,0.0,1.0,0.0,3.0,0.0,30.0,796.0,0.0,0.0,0.0,0.0,2.0,1476.0,20.0,230.0,0.0,105.0,1.0,0.0,0.0,0.0,48.0,142.0,9.0,234.0,0.0,0.0,0.0,0.0,27.0,26.0,3.0,646.0,6.0,4.0,6.0,2.0,0.0,0,5.0,0.0,110.0,7.0,0.0,42.0,0.0,0.0,0.0,0.0,0.0,0.0,12.0,0.0,0.0,2.0,88.0,0.0,0.0,6.0,8.0,0.0,9.0,0.0,163.0,0.0,445.0,0.0,0.0,0.0,436.0,3.0,106.0,6.0,2.0,117.0,0.0,0.0,1.0,38.0,15.0,0.0,1.0,0.0,0.0,7.0,56.0,0.0,76.0,74.0,0.0,0.0,77.0,0.0,119.0,1.0,7.0,11.0,82.0,0.0,0.0,4.0,12.0,0.0,0.0,9.0,0.0,0.0,0.0,0.0,0.0,0.0,0.0,0.0
41,34.0,0.0,0.0,0.0,1.0,45.0,0.0,33.0,1257.0,4.0,1.0,0.0,3.0,0.0,652.0,84.0,7.0,0.0,14.0,0.0,0.0,0.0,0.0,2.0,22.0,0.0,8.0,11.0,5.0,0.0,0.0,1.0,5.0,8.0,74.0,1.0,9.0,9.0,1.0,17.0,5.0,0,0.0,9.0,14.0,0.0,6.0,2.0,6.0,8.0,1.0,0.0,0.0,0.0,0.0,2.0,0.0,189.0,0.0,2.0,5.0,2.0,0.0,0.0,0.0,50.0,0.0,177.0,0.0,11.0,227.0,83.0,24.0,24.0,3.0,4.0,31.0,0.0,1.0,1.0,5.0,1.0,0.0,0.0,0.0,0.0,9.0,132.0,0.0,39.0,52.0,0.0,0.0,23.0,0.0,55.0,1.0,0.0,2.0,62.0,0.0,23.0,8.0,1.0,0.0,0.0,41.0,0.0,0.0,0.0,0.0,0.0,0.0,0.0,0.0
42,0.0,0.0,0.0,0.0,0.0,0.0,0.0,0.0,0.0,0.0,0.0,0.0,0.0,0.0,3.0,0.0,0.0,0.0,0.0,0.0,0.0,0.0,0.0,0.0,0.0,0.0,0.0,0.0,0.0,0.0,0.0,0.0,0.0,0.0,0.0,0.0,0.0,0.0,0.0,0.0,0.0,0.0,0,0.0,0.0,0.0,0.0,0.0,0.0,2.0,0.0,0.0,0.0,0.0,0.0,0.0,0.0,0.0,0.0,0.0,0.0,0.0,0.0,0.0,0.0,0.0,0.0,0.0,0.0,0.0,0.0,0.0,0.0,0.0,0.0,0.0,0.0,0.0,0.0,0.0,0.0,0.0,0.0,0.0,0.0,0.0,0.0,0.0,0.0,0.0,0.0,0.0,0.0,0.0,0.0,0.0,0.0,0.0,0.0,0.0,0.0,0.0,0.0,0.0,0.0,0.0,0.0,0.0,0.0,0.0,0.0,0.0,0.0,0.0,0.0
43,2.0,0.0,0.0,0.0,0.0,43.0,0.0,4.0,2534.0,0.0,0.0,0.0,0.0,8.0,3372.0,40.0,13.0,0.0,451.0,1.0,0.0,0.0,0.0,1.0,566.0,1.0,69.0,0.0,14.0,1.0,0.0,53.0,29.0,0.0,518.0,2.0,24.0,5.0,1.0,0.0,110.0,9.0,0.0,0,2.0,0.0,34.0,4.0,0.0,10.0,0.0,1.0,0.0,7.0,0.0,1.0,2.0,275.0,0.0,2.0,0.0,14.0,1.0,0.0,0.0,1536.0,0.0,2052.0,0.0,1.0,210.0,1002.0,33.0,408.0,3.0,3.0,25.0,0.0,0.0,1.0,8.0,6.0,0.0,64.0,0.0,0.0,22.0,177.0,0.0,121.0,242.0,0.0,0.0,2.0,1.0,152.0,30.0,76.0,12.0,124.0,0.0,1.0,3.0,5.0,0.0,0.0,186.0,0.0,0.0,0.0,0.0,0.0,0.0,0.0,0.0
44,1.0,0.0,0.0,0.0,0.0,12.0,0.0,1.0,381.0,0.0,0.0,0.0,0.0,1.0,365.0,265.0,2.0,0.0,2.0,3.0,0.0,0.0,0.0,1.0,14.0,0.0,28.0,0.0,3.0,0.0,0.0,0.0,0.0,13.0,111.0,3.0,8.0,0.0,11.0,4.0,7.0,14.0,0.0,2.0,0,2.0,1.0,0.0,4.0,2.0,0.0,0.0,0.0,0.0,0.0,1.0,0.0,583.0,0.0,0.0,0.0,19.0,0.0,0.0,0.0,13.0,0.0,64.0,0.0,0.0,1.0,46.0,2.0,6.0,0.0,14.0,260.0,0.0,0.0,2.0,33.0,3.0,0.0,0.0,0.0,0.0,3.0,3.0,0.0,13.0,51.0,0.0,0.0,1.0,0.0,37.0,0.0,1.0,3.0,23.0,0.0,12.0,0.0,0.0,0.0,0.0,26.0,0.0,0.0,0.0,0.0,0.0,0.0,0.0,0.0
45,0.0,0.0,0.0,0.0,0.0,1.0,0.0,0.0,20.0,0.0,0.0,0.0,0.0,0.0,17.0,45.0,0.0,0.0,0.0,0.0,0.0,0.0,0.0,0.0,1.0,0.0,0.0,0.0,0.0,0.0,0.0,0.0,0.0,0.0,4.0,0.0,2.0,0.0,1.0,1.0,0.0,0.0,0.0,0.0,2.0,0,0.0,0.0,0.0,0.0,0.0,0.0,0.0,0.0,0.0,0.0,0.0,10.0,0.0,0.0,0.0,1.0,0.0,0.0,0.0,0.0,0.0,12.0,0.0,0.0,0.0,1.0,1.0,0.0,0.0,1.0,31.0,0.0,0.0,1.0,0.0,0.0,0.0,0.0,0.0,0.0,0.0,0.0,0.0,0.0,3.0,0.0,0.0,0.0,0.0,0.0,0.0,0.0,0.0,0.0,0.0,0.0,0.0,0.0,0.0,0.0,9.0,0.0,0.0,0.0,0.0,0.0,0.0,0.0,0.0
46,0.0,0.0,0.0,0.0,0.0,0.0,0.0,6.0,1054.0,0.0,0.0,0.0,0.0,0.0,2013.0,168.0,2.0,0.0,21.0,0.0,0.0,0.0,0.0,0.0,30.0,6.0,16.0,0.0,6.0,0.0,0.0,16.0,36.0,0.0,430.0,0.0,0.0,10.0,0.0,1.0,42.0,6.0,0.0,34.0,1.0,0.0,0,0.0,0.0,3.0,1.0,0.0,0.0,3.0,0.0,0.0,0.0,47.0,0.0,0.0,0.0,17.0,0.0,0.0,41.0,413.0,0.0,1172.0,0.0,2.0,0.0,354.0,0.0,14.0,0.0,2.0,5.0,0.0,0.0,0.0,3.0,0.0,0.0,0.0,0.0,0.0,1.0,14.0,0.0,17.0,1683.0,0.0,0.0,0.0,1.0,4910.0,0.0,1.0,5.0,573.0,0.0,1.0,0.0,0.0,0.0,0.0,1.0,0.0,0.0,0.0,0.0,0.0,0.0,0.0,0.0
47,0.0,0.0,0.0,0.0,0.0,4.0,0.0,1.0,122.0,0.0,46.0,0.0,2.0,0.0,129.0,0.0,1.0,3.0,0.0,0.0,0.0,0.0,0.0,0.0,0.0,0.0,35.0,0.0,0.0,0.0,1.0,0.0,0.0,4.0,30.0,0.0,8.0,0.0,0.0,0.0,0.0,2.0,0.0,4.0,0.0,0.0,0.0,0,0.0,4.0,0.0,0.0,1.0,0.0,0.0,0.0,0.0,10.0,0.0,1.0,1.0,0.0,0.0,0.0,0.0,2.0,0.0,21.0,0.0,3.0,14.0,28.0,9.0,0.0,0.0,0.0,3.0,5.0,1.0,0.0,0.0,0.0,0.0,0.0,0.0,0.0,11.0,8.0,0.0,0.0,3.0,3.0,2.0,2.0,0.0,7.0,0.0,0.0,0.0,5.0,0.0,19.0,0.0,0.0,0.0,0.0,4.0,0.0,0.0,0.0,0.0,0.0,0.0,0.0,0.0
48,0.0,0.0,0.0,0.0,0.0,148.0,0.0,4.0,852.0,0.0,0.0,0.0,0.0,0.0,201.0,40.0,3.0,0.0,3.0,0.0,0.0,0.0,0.0,0.0,16.0,4.0,7.0,0.0,1.0,0.0,0.0,0.0,0.0,8.0,46.0,2.0,7.0,4.0,3.0,58.0,0.0,6.0,0.0,0.0,4.0,0.0,0.0,0.0,0,6.0,0.0,0.0,0.0,5.0,1.0,0.0,0.0,34.0,0.0,2.0,1.0,24.0,0.0,0.0,0.0,3.0,0.0,52.0,0.0,0.0,10.0,8.0,6.0,4.0,0.0,3.0,20.0,0.0,0.0,0.0,5.0,2.0,0.0,2.0,0.0,0.0,0.0,3.0,0.0,9.0,37.0,0.0,0.0,0.0,0.0,108.0,1.0,0.0,1.0,18.0,0.0,5.0,1.0,3.0,0.0,0.0,9.0,0.0,0.0,0.0,0.0,0.0,0.0,0.0,0.0
49,0.0,0.0,11.0,0.0,0.0,20.0,0.0,2.0,713.0,4.0,0.0,0.0,1.0,0.0,365.0,14.0,0.0,1.0,1.0,0.0,1.0,4.0,0.0,0.0,41.0,0.0,8.0,0.0,0.0,0.0,5.0,1.0,0.0,4.0,55.0,0.0,33.0,1.0,10.0,1.0,0.0,8.0,2.0,10.0,2.0,0.0,3.0,4.0,6.0,0,1.0,0.0,0.0,0.0,0.0,0.0,2.0,16.0,5.0,247.0,2.0,4.0,13.0,0.0,0.0,6.0,5.0,82.0,0.0,75.0,19.0,107.0,647.0,3.0,0.0,30.0,13.0,0.0,0.0,0.0,20.0,28.0,0.0,0.0,0.0,0.0,3.0,13.0,0.0,1.0,19.0,0.0,0.0,3.0,1.0,31.0,0.0,1.0,1.0,31.0,0.0,2.0,0.0,1.0,0.0,0.0,10.0,0.0,0.0,0.0,0.0,0.0,0.0,0.0,0.0
50,0.0,0.0,0.0,0.0,0.0,2.0,0.0,1.0,11.0,6.0,0.0,0.0,0.0,0.0,14.0,0.0,0.0,0.0,0.0,0.0,3.0,0.0,0.0,0.0,1.0,0.0,0.0,0.0,0.0,0.0,21.0,0.0,0.0,1.0,0.0,0.0,0.0,0.0,0.0,0.0,0.0,1.0,0.0,0.0,0.0,0.0,1.0,0.0,0.0,1.0,0,0.0,7.0,0.0,0.0,0.0,691.0,0.0,6.0,0.0,0.0,0.0,0.0,0.0,2.0,2.0,0.0,4.0,1.0,0.0,0.0,1.0,25.0,0.0,0.0,0.0,0.0,0.0,0.0,0.0,0.0,7.0,0.0,0.0,0.0,0.0,0.0,4.0,0.0,0.0,0.0,0.0,0.0,1.0,0.0,0.0,0.0,0.0,0.0,3.0,0.0,0.0,0.0,0.0,0.0,9.0,0.0,0.0,0.0,0.0,0.0,0.0,0.0,0.0,0.0
51,0.0,0.0,0.0,0.0,0.0,1.0,0.0,0.0,9.0,0.0,0.0,0.0,0.0,0.0,7.0,0.0,0.0,0.0,0.0,0.0,0.0,0.0,0.0,0.0,0.0,0.0,0.0,0.0,0.0,0.0,0.0,0.0,0.0,0.0,0.0,0.0,1.0,0.0,0.0,0.0,0.0,0.0,0.0,1.0,0.0,0.0,0.0,0.0,0.0,0.0,0.0,0,0.0,0.0,0.0,0.0,0.0,1.0,0.0,0.0,0.0,0.0,0.0,0.0,0.0,0.0,0.0,2.0,0.0,0.0,0.0,0.0,0.0,0.0,0.0,0.0,0.0,0.0,0.0,0.0,0.0,0.0,0.0,0.0,0.0,0.0,0.0,0.0,0.0,0.0,0.0,0.0,0.0,0.0,0.0,1.0,0.0,0.0,0.0,0.0,0.0,0.0,0.0,0.0,0.0,0.0,0.0,0.0,0.0,0.0,0.0,0.0,0.0,0.0,0.0
52,0.0,0.0,1.0,0.0,0.0,0.0,0.0,0.0,90.0,1.0,0.0,0.0,1.0,0.0,31.0,0.0,0.0,0.0,0.0,0.0,0.0,0.0,0.0,0.0,0.0,0.0,0.0,0.0,0.0,0.0,0.0,0.0,0.0,0.0,0.0,0.0,0.0,0.0,0.0,0.0,0.0,0.0,0.0,0.0,0.0,0.0,0.0,1.0,0.0,0.0,7.0,0.0,0,0.0,0.0,0.0,65.0,0.0,44.0,0.0,0.0,0.0,0.0,0.0,0.0,0.0,0.0,8.0,0.0,0.0,0.0,0.0,3.0,0.0,0.0,0.0,0.0,1.0,0.0,0.0,0.0,0.0,0.0,0.0,0.0,0.0,0.0,2.0,0.0,0.0,0.0,3.0,0.0,0.0,0.0,0.0,0.0,0.0,0.0,0.0,0.0,1.0,0.0,0.0,0.0,0.0,0.0,0.0,0.0,0.0,0.0,0.0,0.0,0.0,0.0
53,0.0,0.0,0.0,0.0,0.0,3.0,1.0,0.0,612.0,0.0,0.0,0.0,0.0,1.0,2294.0,18.0,1.0,0.0,9.0,1.0,0.0,0.0,0.0,0.0,14.0,1.0,14.0,0.0,2.0,0.0,0.0,0.0,22.0,3.0,483.0,0.0,3.0,4.0,0.0,5.0,12.0,0.0,0.0,7.0,0.0,0.0,3.0,0.0,5.0,0.0,0.0,0.0,0.0,0,2.0,0.0,2.0,6.0,0.0,0.0,0.0,7.0,0.0,0.0,0.0,3.0,0.0,230.0,0.0,0.0,1.0,98.0,13.0,1.0,0.0,2.0,4.0,0.0,0.0,0.0,2.0,12.0,0.0,0.0,0.0,0.0,16.0,0.0,0.0,4.0,215.0,0.0,0.0,4.0,0.0,72.0,0.0,2.0,8.0,24.0,0.0,1.0,0.0,0.0,0.0,0.0,8.0,0.0,0.0,0.0,0.0,0.0,0.0,0.0,0.0
54,3.0,0.0,0.0,0.0,2.0,0.0,0.0,2.0,22.0,0.0,0.0,0.0,0.0,0.0,23.0,5.0,0.0,0.0,1.0,0.0,0.0,0.0,0.0,0.0,0.0,0.0,0.0,0.0,0.0,4.0,0.0,0.0,1.0,0.0,5.0,0.0,1.0,0.0,0.0,1.0,0.0,0.0,0.0,0.0,0.0,0.0,0.0,0.0,1.0,0.0,0.0,0.0,0.0,2.0,0,0.0,0.0,2.0,0.0,0.0,0.0,0.0,0.0,0.0,0.0,2.0,0.0,2.0,0.0,0.0,0.0,0.0,0.0,0.0,0.0,0.0,3.0,0.0,0.0,0.0,0.0,0.0,0.0,0.0,0.0,0.0,0.0,2.0,0.0,2.0,18.0,0.0,0.0,4.0,0.0,6.0,0.0,0.0,0.0,5.0,0.0,1.0,0.0,0.0,0.0,0.0,1.0,0.0,0.0,0.0,0.0,0.0,0.0,0.0,0.0
55,0.0,0.0,0.0,0.0,0.0,59.0,2.0,0.0,103.0,0.0,0.0,0.0,0.0,0.0,31.0,1.0,0.0,0.0,6.0,0.0,0.0,0.0,0.0,0.0,1.0,0.0,4.0,0.0,0.0,0.0,0.0,0.0,1.0,5.0,16.0,1.0,0.0,0.0,2.0,2.0,0.0,2.0,0.0,1.0,1.0,0.0,0.0,0.0,0.0,0.0,0.0,0.0,0.0,0.0,0.0,0,0.0,4.0,0.0,0.0,1.0,3.0,0.0,0.0,0.0,1.0,0.0,34.0,0.0,0.0,10.0,19.0,1.0,1.0,0.0,1.0,1.0,0.0,0.0,2.0,4.0,91.0,0.0,0.0,0.0,0.0,0.0,0.0,0.0,2.0,6.0,0.0,0.0,0.0,0.0,12.0,1.0,0.0,0.0,3.0,0.0,4.0,0.0,0.0,1.0,0.0,16.0,0.0,0.0,0.0,0.0,0.0,0.0,0.0,0.0
56,0.0,0.0,12.0,0.0,0.0,1.0,0.0,0.0,137.0,24.0,0.0,0.0,0.0,0.0,131.0,11.0,0.0,0.0,0.0,0.0,0.0,0.0,0.0,0.0,9.0,0.0,5.0,0.0,0.0,0.0,0.0,0.0,0.0,7.0,75.0,0.0,0.0,0.0,0.0,0.0,2.0,0.0,0.0,2.0,0.0,0.0,0.0,0.0,0.0,2.0,691.0,0.0,65.0,2.0,0.0,0.0,0,20.0,289.0,0.0,0.0,2.0,1.0,0.0,0.0,4.0,5.0,32.0,17.0,3.0,2.0,7.0,28.0,1.0,0.0,0.0,11.0,0.0,0.0,0.0,0.0,2.0,0.0,0.0,0.0,0.0,0.0,9.0,0.0,9.0,36.0,9.0,0.0,2.0,1.0,20.0,0.0,0.0,0.0,17.0,7.0,0.0,0.0,0.0,0.0,1.0,3.0,0.0,0.0,0.0,0.0,0.0,0.0,0.0,0.0
57,21.0,0.0,0.0,2.0,9.0,274.0,29.0,21.0,5555.0,1.0,0.0,0.0,0.0,13.0,7782.0,3604.0,24.0,0.0,46.0,189.0,1.0,1.0,20.0,93.0,160.0,2.0,1279.0,0.0,16.0,3.0,0.0,37.0,22.0,670.0,2131.0,15.0,200.0,32.0,134.0,27.0,88.0,189.0,0.0,275.0,583.0,10.0,47.0,10.0,34.0,16.0,0.0,1.0,0.0,6.0,2.0,4.0,20.0,0,14.0,20.0,0.0,6482.0,0.0,40.0,0.0,192.0,0.0,1619.0,2.0,14.0,34.0,1656.0,50.0,164.0,3.0,939.0,5677.0,0.0,0.0,16.0,386.0,169.0,0.0,3.0,0.0,0.0,25.0,55.0,0.0,86.0,626.0,0.0,0.0,2.0,8.0,787.0,9.0,36.0,27.0,371.0,0.0,593.0,5.0,44.0,0.0,1.0,1414.0,0.0,0.0,0.0,0.0,0.0,0.0,0.0,0.0
58,0.0,0.0,10.0,0.0,0.0,0.0,0.0,0.0,212.0,4.0,0.0,0.0,0.0,0.0,59.0,10.0,0.0,0.0,0.0,0.0,0.0,0.0,0.0,0.0,3.0,0.0,1.0,0.0,0.0,0.0,0.0,0.0,2.0,0.0,9.0,2.0,0.0,2.0,0.0,0.0,0.0,0.0,0.0,0.0,0.0,0.0,0.0,0.0,0.0,5.0,6.0,0.0,44.0,0.0,0.0,0.0,289.0,14.0,0,1.0,0.0,2.0,2.0,0.0,0.0,1.0,20.0,9.0,8.0,10.0,0.0,3.0,44.0,2.0,0.0,0.0,4.0,0.0,0.0,0.0,0.0,0.0,0.0,0.0,0.0,0.0,0.0,3.0,0.0,0.0,3.0,4.0,0.0,0.0,0.0,9.0,2.0,0.0,0.0,6.0,0.0,0.0,0.0,0.0,0.0,0.0,6.0,0.0,0.0,0.0,0.0,0.0,0.0,0.0,0.0
59,1.0,0.0,0.0,0.0,0.0,1.0,0.0,0.0,2533.0,0.0,0.0,0.0,0.0,0.0,335.0,6.0,0.0,1.0,0.0,0.0,1.0,0.0,0.0,0.0,2.0,0.0,11.0,0.0,0.0,1.0,1.0,0.0,0.0,0.0,33.0,0.0,14.0,0.0,6.0,3.0,0.0,2.0,0.0,2.0,0.0,0.0,0.0,1.0,2.0,247.0,0.0,0.0,0.0,0.0,0.0,0.0,0.0,20.0,1.0,0,0.0,0.0,24.0,0.0,0.0,0.0,0.0,25.0,0.0,298.0,6.0,18.0,432.0,3.0,0.0,2.0,1.0,0.0,0.0,0.0,20.0,4.0,0.0,0.0,0.0,0.0,0.0,12.0,0.0,3.0,9.0,0.0,0.0,8.0,1.0,52.0,0.0,0.0,0.0,93.0,0.0,1.0,0.0,2.0,0.0,0.0,2.0,0.0,0.0,0.0,0.0,0.0,0.0,0.0,0.0
60,0.0,0.0,0.0,0.0,0.0,1.0,0.0,3.0,39.0,0.0,0.0,0.0,1.0,0.0,25.0,0.0,0.0,0.0,0.0,0.0,0.0,0.0,0.0,0.0,0.0,0.0,0.0,0.0,0.0,0.0,0.0,0.0,0.0,0.0,12.0,0.0,0.0,0.0,0.0,2.0,6.0,5.0,0.0,0.0,0.0,0.0,0.0,1.0,1.0,2.0,0.0,0.0,0.0,0.0,0.0,1.0,0.0,0.0,0.0,0.0,0,0.0,0.0,0.0,0.0,3.0,0.0,1.0,0.0,1.0,80.0,18.0,1.0,0.0,0.0,0.0,2.0,1.0,0.0,0.0,0.0,0.0,0.0,0.0,0.0,0.0,0.0,18.0,0.0,0.0,1.0,0.0,0.0,17.0,0.0,7.0,0.0,0.0,0.0,0.0,0.0,0.0,23.0,0.0,0.0,0.0,0.0,0.0,0.0,0.0,0.0,0.0,0.0,0.0,0.0
61,1.0,0.0,0.0,0.0,0.0,41.0,0.0,2.0,1374.0,0.0,0.0,0.0,0.0,0.0,1635.0,96.0,2.0,0.0,9.0,7.0,0.0,0.0,1.0,0.0,41.0,34.0,201.0,0.0,1.0,0.0,0.0,0.0,1.0,28.0,92.0,5.0,13.0,1.0,0.0,20.0,8.0,2.0,0.0,14.0,19.0,1.0,17.0,0.0,24.0,4.0,0.0,0.0,0.0,7.0,0.0,3.0,2.0,6482.0,2.0,0.0,0.0,0,0.0,0.0,10.0,24.0,0.0,722.0,0.0,2.0,34.0,307.0,4.0,22.0,0.0,213.0,510.0,0.0,0.0,5.0,9.0,8.0,0.0,0.0,0.0,0.0,0.0,1.0,0.0,35.0,144.0,0.0,0.0,1.0,0.0,287.0,5.0,0.0,1.0,114.0,0.0,6.0,0.0,0.0,0.0,0.0,246.0,0.0,0.0,0.0,0.0,0.0,0.0,0.0,0.0
62,0.0,0.0,1.0,0.0,0.0,0.0,0.0,0.0,34.0,2.0,0.0,0.0,0.0,0.0,32.0,2.0,0.0,3.0,0.0,0.0,0.0,0.0,0.0,0.0,2.0,0.0,0.0,0.0,0.0,0.0,93.0,0.0,0.0,0.0,2.0,0.0,1.0,0.0,0.0,0.0,0.0,0.0,0.0,1.0,0.0,0.0,0.0,0.0,0.0,13.0,0.0,0.0,0.0,0.0,0.0,0.0,1.0,0.0,2.0,24.0,0.0,0.0,0,0.0,0.0,0.0,0.0,1.0,0.0,8.0,0.0,3.0,270.0,0.0,0.0,4.0,0.0,0.0,0.0,0.0,0.0,0.0,0.0,0.0,0.0,0.0,0.0,0.0,0.0,1.0,2.0,0.0,0.0,0.0,0.0,1.0,0.0,0.0,0.0,2.0,0.0,0.0,0.0,0.0,0.0,0.0,0.0,0.0,0.0,0.0,0.0,0.0,0.0,0.0,0.0
63,0.0,0.0,0.0,0.0,0.0,4.0,0.0,0.0,45.0,0.0,0.0,0.0,0.0,4.0,116.0,55.0,0.0,0.0,6.0,0.0,0.0,0.0,0.0,11.0,8.0,0.0,48.0,0.0,0.0,0.0,0.0,0.0,0.0,0.0,90.0,0.0,0.0,0.0,1.0,1.0,9.0,0.0,0.0,0.0,0.0,0.0,0.0,0.0,0.0,0.0,0.0,0.0,0.0,0.0,0.0,0.0,0.0,40.0,0.0,0.0,0.0,0.0,0.0,0,0.0,4.0,0.0,29.0,0.0,0.0,0.0,5.0,0.0,7.0,0.0,0.0,6.0,0.0,0.0,0.0,7.0,19.0,0.0,104.0,0.0,0.0,0.0,0.0,0.0,0.0,4.0,0.0,0.0,0.0,2.0,9.0,0.0,0.0,5.0,12.0,0.0,1.0,0.0,0.0,0.0,0.0,5.0,0.0,0.0,0.0,0.0,0.0,0.0,0.0,0.0
64,0.0,0.0,0.0,0.0,0.0,0.0,0.0,0.0,26.0,0.0,0.0,0.0,0.0,0.0,31.0,4.0,0.0,0.0,3.0,0.0,0.0,0.0,0.0,1.0,8.0,1.0,6.0,0.0,0.0,0.0,0.0,0.0,0.0,0.0,8.0,0.0,0.0,1.0,0.0,0.0,0.0,0.0,0.0,0.0,0.0,0.0,41.0,0.0,0.0,0.0,2.0,0.0,0.0,0.0,0.0,0.0,0.0,0.0,0.0,0.0,0.0,10.0,0.0,0.0,0,1.0,0.0,11.0,0.0,0.0,1.0,7.0,1.0,3.0,0.0,0.0,1.0,0.0,0.0,0.0,0.0,0.0,0.0,0.0,0.0,0.0,1.0,0.0,0.0,2.0,4.0,0.0,0.0,0.0,0.0,78.0,0.0,0.0,0.0,4.0,0.0,0.0,0.0,0.0,0.0,0.0,0.0,0.0,0.0,0.0,0.0,0.0,0.0,0.0,0.0
65,19.0,0.0,0.0,2.0,1.0,109.0,4.0,11.0,3556.0,0.0,0.0,0.0,0.0,9.0,5097.0,73.0,9.0,0.0,852.0,2.0,0.0,0.0,0.0,2.0,2349.0,5.0,64.0,0.0,7.0,1.0,0.0,30.0,26.0,27.0,496.0,8.0,18.0,16.0,4.0,8.0,163.0,50.0,0.0,1536.0,13.0,0.0,413.0,2.0,3.0,6.0,2.0,0.0,0.0,3.0,2.0,1.0,4.0,192.0,1.0,0.0,3.0,24.0,0.0,4.0,1.0,0,0.0,1983.0,4.0,3.0,409.0,733.0,59.0,612.0,17.0,6.0,80.0,0.0,0.0,1.0,20.0,5.0,0.0,48.0,0.0,0.0,15.0,242.0,0.0,477.0,480.0,0.0,0.0,2.0,53.0,474.0,49.0,26.0,38.0,238.0,0.0,5.0,8.0,4.0,2.0,4.0,76.0,3.0,0.0,0.0,0.0,0.0,0.0,0.0,0.0
66,0.0,0.0,2.0,0.0,0.0,0.0,0.0,0.0,2.0,0.0,0.0,0.0,0.0,0.0,8.0,0.0,0.0,0.0,0.0,0.0,0.0,0.0,0.0,0.0,0.0,0.0,0.0,0.0,0.0,0.0,0.0,0.0,0.0,0.0,1.0,0.0,0.0,0.0,0.0,0.0,0.0,0.0,0.0,0.0,0.0,0.0,0.0,0.0,0.0,5.0,0.0,0.0,0.0,0.0,0.0,0.0,5.0,0.0,20.0,0.0,0.0,0.0,0.0,0.0,0.0,0.0,0,2.0,0.0,6.0,0.0,0.0,3.0,0.0,0.0,0.0,0.0,0.0,0.0,0.0,0.0,0.0,0.0,0.0,0.0,0.0,0.0,9.0,0.0,0.0,0.0,0.0,0.0,0.0,0.0,0.0,0.0,0.0,0.0,1.0,0.0,0.0,0.0,0.0,0.0,0.0,0.0,0.0,0.0,0.0,0.0,0.0,0.0,0.0,0.0
67,73.0,0.0,0.0,4.0,5.0,748.0,5.0,81.0,33977.0,13.0,3.0,0.0,1.0,30.0,42675.0,1172.0,146.0,0.0,453.0,41.0,1.0,8.0,4.0,19.0,1820.0,74.0,475.0,0.0,46.0,5.0,19.0,189.0,100.0,68.0,6159.0,33.0,270.0,75.0,86.0,60.0,445.0,177.0,0.0,2052.0,64.0,12.0,1172.0,21.0,52.0,82.0,4.0,2.0,8.0,230.0,2.0,34.0,32.0,1619.0,9.0,25.0,1.0,722.0,1.0,29.0,11.0,1983.0,2.0,0,5.0,63.0,792.0,3259.0,503.0,1193.0,21.0,56.0,711.0,1.0,0.0,13.0,152.0,104.0,0.0,5.0,0.0,0.0,66.0,398.0,0.0,1303.0,3272.0,2.0,1.0,40.0,109.0,5493.0,111.0,150.0,320.0,3936.0,3.0,166.0,16.0,31.0,6.0,0.0,456.0,8.0,0.0,0.0,0.0,0.0,0.0,0.0,0.0
68,0.0,0.0,1.0,0.0,0.0,0.0,0.0,0.0,130.0,0.0,0.0,0.0,0.0,0.0,2.0,0.0,0.0,0.0,0.0,0.0,0.0,0.0,0.0,0.0,0.0,0.0,0.0,0.0,0.0,0.0,0.0,0.0,0.0,2.0,0.0,4.0,0.0,0.0,0.0,0.0,0.0,0.0,0.0,0.0,0.0,0.0,0.0,0.0,0.0,0.0,1.0,0.0,0.0,0.0,0.0,0.0,17.0,2.0,8.0,0.0,0.0,0.0,0.0,0.0,0.0,4.0,0.0,5.0,0,0.0,0.0,0.0,5.0,0.0,0.0,0.0,0.0,0.0,0.0,0.0,0.0,0.0,0.0,0.0,0.0,0.0,0.0,0.0,0.0,0.0,4.0,0.0,0.0,0.0,0.0,10.0,0.0,0.0,0.0,0.0,0.0,0.0,0.0,0.0,0.0,0.0,0.0,0.0,0.0,0.0,0.0,0.0,0.0,0.0,0.0
69,1.0,0.0,0.0,0.0,0.0,5.0,0.0,0.0,431.0,2.0,0.0,0.0,1.0,0.0,166.0,7.0,0.0,0.0,2.0,0.0,1.0,8.0,0.0,0.0,5.0,0.0,7.0,0.0,0.0,0.0,25.0,0.0,1.0,0.0,33.0,0.0,11.0,3.0,0.0,1.0,0.0,11.0,0.0,1.0,0.0,0.0,2.0,3.0,0.0,75.0,0.0,0.0,0.0,0.0,0.0,0.0,3.0,14.0,10.0,298.0,1.0,2.0,8.0,0.0,0.0,3.0,6.0,63.0,0.0,0,17.0,45.0,691.0,7.0,0.0,7.0,8.0,0.0,0.0,0.0,1.0,1.0,0.0,1.0,0.0,0.0,0.0,2.0,0.0,2.0,9.0,0.0,0.0,6.0,0.0,12.0,0.0,0.0,0.0,5.0,0.0,0.0,0.0,2.0,0.0,0.0,0.0,0.0,0.0,0.0,0.0,0.0,0.0,0.0,0.0
70,3.0,0.0,0.0,1.0,0.0,434.0,1.0,21.0,3440.0,1.0,1.0,0.0,10.0,0.0,2099.0,51.0,2.0,0.0,20.0,6.0,2.0,5.0,1.0,0.0,214.0,0.0,19.0,49.0,1.0,1.0,2.0,0.0,0.0,12.0,488.0,0.0,735.0,3.0,0.0,25.0,0.0,227.0,0.0,210.0,1.0,0.0,0.0,14.0,10.0,19.0,0.0,0.0,0.0,1.0,0.0,10.0,2.0,34.0,0.0,6.0,80.0,34.0,0.0,0.0,1.0,409.0,0.0,792.0,0.0,17.0,0,257.0,20.0,19.0,1.0,15.0,19.0,2.0,3.0,0.0,7.0,28.0,3.0,0.0,0.0,0.0,1.0,107.0,0.0,45.0,101.0,0.0,0.0,33.0,0.0,58.0,0.0,0.0,9.0,61.0,0.0,5.0,691.0,10.0,0.0,0.0,25.0,0.0,0.0,0.0,0.0,0.0,0.0,0.0,0.0
71,6.0,0.0,0.0,2.0,1.0,271.0,1.0,51.0,10357.0,4.0,0.0,0.0,0.0,10.0,17588.0,320.0,82.0,0.0,388.0,17.0,1.0,31.0,1.0,40.0,438.0,8.0,312.0,4.0,63.0,0.0,0.0,22.0,20.0,45.0,19175.0,42.0,103.0,20.0,24.0,14.0,436.0,83.0,0.0,1002.0,46.0,1.0,354.0,28.0,8.0,107.0,1.0,0.0,0.0,98.0,0.0,19.0,7.0,1656.0,3.0,18.0,18.0,307.0,3.0,5.0,7.0,733.0,0.0,3259.0,0.0,45.0,257.0,0,171.0,482.0,12.0,48.0,205.0,0.0,0.0,5.0,61.0,97.0,0.0,12.0,0.0,1.0,16.0,291.0,0.0,335.0,1479.0,0.0,0.0,2.0,26.0,1266.0,358.0,82.0,114.0,1148.0,0.0,73.0,8.0,12.0,0.0,0.0,176.0,3.0,0.0,0.0,0.0,0.0,0.0,0.0,0.0
72,141.0,0.0,6.0,0.0,0.0,52.0,0.0,2.0,2032.0,26.0,3.0,0.0,14.0,0.0,974.0,100.0,2.0,45.0,6.0,8.0,6.0,0.0,0.0,0.0,229.0,0.0,42.0,0.0,0.0,1.0,217.0,0.0,21.0,4.0,110.0,0.0,48.0,0.0,6.0,6.0,3.0,24.0,0.0,33.0,2.0,1.0,0.0,9.0,6.0,647.0,25.0,0.0,3.0,13.0,0.0,1.0,28.0,50.0,44.0,432.0,1.0,4.0,270.0,0.0,1.0,59.0,3.0,503.0,5.0,691.0,20.0,171.0,0,5.0,0.0,21.0,36.0,0.0,0.0,0.0,2.0,14.0,0.0,0.0,0.0,0.0,0.0,41.0,0.0,16.0,81.0,4.0,0.0,0.0,1.0,60.0,0.0,0.0,4.0,243.0,0.0,1.0,0.0,6.0,4.0,3.0,13.0,0.0,0.0,0.0,0.0,0.0,0.0,0.0,0.0
73,1.0,0.0,0.0,1.0,0.0,40.0,2.0,8.0,1719.0,4.0,0.0,0.0,0.0,14.0,1852.0,43.0,37.0,0.0,255.0,2.0,0.0,0.0,0.0,2.0,439.0,1.0,81.0,0.0,5.0,0.0,0.0,4.0,9.0,4.0,524.0,1.0,10.0,13.0,48.0,6.0,106.0,24.0,0.0,408.0,6.0,0.0,14.0,0.0,4.0,3.0,0.0,0.0,0.0,1.0,0.0,1.0,1.0,164.0,2.0,3.0,0.0,22.0,0.0,7.0,3.0,612.0,0.0,1193.0,0.0,7.0,19.0,482.0,5.0,0,18.0,2.0,50.0,0.0,0.0,2.0,79.0,8.0,0.0,47.0,0.0,0.0,15.0,132.0,0.0,197.0,102.0,0.0,0.0,5.0,4.0,370.0,42.0,20.0,6.0,63.0,1.0,3.0,2.0,2.0,0.0,0.0,57.0,0.0,0.0,0.0,0.0,0.0,0.0,0.0,0.0
74,0.0,0.0,0.0,0.0,0.0,0.0,0.0,0.0,43.0,1.0,1.0,0.0,0.0,0.0,86.0,1.0,1.0,0.0,27.0,0.0,0.0,0.0,0.0,35.0,9.0,0.0,94.0,0.0,1.0,0.0,0.0,0.0,0.0,1.0,19.0,0.0,0.0,5.0,6.0,0.0,6.0,3.0,0.0,3.0,0.0,0.0,0.0,0.0,0.0,0.0,0.0,0.0,0.0,0.0,0.0,0.0,0.0,3.0,0.0,0.0,0.0,0.0,0.0,0.0,0.0,17.0,0.0,21.0,0.0,0.0,1.0,12.0,0.0,18.0,0,0.0,0.0,0.0,0.0,0.0,1.0,2.0,0.0,0.0,0.0,0.0,2.0,9.0,0.0,4.0,11.0,0.0,0.0,0.0,0.0,3.0,0.0,0.0,1.0,6.0,0.0,0.0,0.0,0.0,0.0,0.0,2.0,0.0,0.0,0.0,0.0,0.0,0.0,0.0,0.0
75,0.0,0.0,0.0,1.0,0.0,11.0,28.0,0.0,938.0,0.0,0.0,0.0,1.0,0.0,534.0,53.0,4.0,0.0,5.0,10.0,0.0,1.0,0.0,0.0,11.0,0.0,57.0,0.0,0.0,5.0,0.0,0.0,0.0,20.0,59.0,6.0,7.0,1.0,8.0,59.0,2.0,4.0,0.0,3.0,14.0,1.0,2.0,0.0,3.0,30.0,0.0,0.0,0.0,2.0,0.0,1.0,0.0,939.0,0.0,2.0,0.0,213.0,4.0,0.0,0.0,6.0,0.0,56.0,0.0,7.0,15.0,48.0,21.0,2.0,0.0,0,338.0,1.0,0.0,0.0,6.0,27.0,0.0,0.0,0.0,0.0,8.0,9.0,0.0,7.0,24.0,0.0,0.0,0.0,1.0,32.0,0.0,3.0,1.0,22.0,0.0,83.0,0.0,0.0,0.0,0.0,42.0,0.0,0.0,0.0,0.0,0.0,0.0,0.0,0.0
76,7.0,0.0,0.0,1.0,0.0,82.0,4.0,6.0,3630.0,3.0,0.0,0.0,0.0,9.0,3203.0,7104.0,16.0,0.0,28.0,25.0,0.0,0.0,0.0,30.0,112.0,1.0,461.0,0.0,4.0,0.0,0.0,6.0,8.0,281.0,800.0,39.0,82.0,13.0,26.0,21.0,117.0,31.0,0.0,25.0,260.0,31.0,5.0,3.0,20.0,13.0,0.0,0.0,0.0,4.0,3.0,1.0,11.0,5677.0,4.0,1.0,2.0,510.0,0.0,6.0,1.0,80.0,0.0,711.0,0.0,8.0,19.0,205.0,36.0,50.0,0.0,338.0,0,0.0,0.0,9.0,56.0,128.0,0.0,2.0,0.0,0.0,18.0,93.0,1.0,105.0,340.0,0.0,0.0,8.0,25.0,397.0,11.0,16.0,11.0,156.0,0.0,222.0,0.0,9.0,0.0,0.0,896.0,0.0,0.0,0.0,0.0,0.0,0.0,0.0,0.0
77,0.0,0.0,0.0,0.0,0.0,1.0,0.0,0.0,13.0,0.0,9.0,0.0,2.0,0.0,6.0,0.0,0.0,0.0,0.0,0.0,0.0,0.0,0.0,0.0,1.0,0.0,3.0,0.0,0.0,0.0,0.0,0.0,0.0,0.0,7.0,0.0,0.0,0.0,0.0,0.0,0.0,0.0,0.0,0.0,0.0,0.0,0.0,5.0,0.0,0.0,0.0,0.0,1.0,0.0,0.0,0.0,0.0,0.0,0.0,0.0,1.0,0.0,0.0,0.0,0.0,0.0,0.0,1.0,0.0,0.0,2.0,0.0,0.0,0.0,0.0,1.0,0.0,0,0.0,0.0,0.0,0.0,0.0,0.0,0.0,0.0,0.0,7.0,0.0,0.0,0.0,3.0,1.0,0.0,0.0,2.0,0.0,0.0,0.0,3.0,0.0,0.0,0.0,0.0,0.0,0.0,1.0,0.0,0.0,0.0,0.0,0.0,0.0,0.0,0.0
78,0.0,0.0,0.0,0.0,0.0,0.0,0.0,1.0,1.0,0.0,5.0,0.0,0.0,0.0,0.0,0.0,0.0,0.0,0.0,0.0,0.0,0.0,0.0,0.0,0.0,0.0,0.0,0.0,0.0,0.0,0.0,0.0,0.0,0.0,0.0,0.0,2.0,0.0,0.0,0.0,0.0,1.0,0.0,0.0,0.0,0.0,0.0,1.0,0.0,0.0,0.0,0.0,0.0,0.0,0.0,0.0,0.0,0.0,0.0,0.0,0.0,0.0,0.0,0.0,0.0,0.0,0.0,0.0,0.0,0.0,3.0,0.0,0.0,0.0,0.0,0.0,0.0,0.0,0,0.0,0.0,0.0,0.0,0.0,0.0,0.0,0.0,1.0,0.0,0.0,0.0,0.0,0.0,0.0,0.0,0.0,0.0,0.0,0.0,0.0,0.0,0.0,0.0,0.0,0.0,0.0,0.0,0.0,0.0,0.0,0.0,0.0,0.0,0.0,0.0
79,0.0,0.0,0.0,0.0,0.0,4.0,0.0,0.0,169.0,0.0,0.0,0.0,0.0,0.0,33.0,3.0,1.0,0.0,1.0,16.0,0.0,0.0,0.0,0.0,1.0,0.0,1.0,0.0,0.0,0.0,0.0,0.0,0.0,5.0,13.0,1.0,6.0,0.0,4.0,1.0,1.0,1.0,0.0,1.0,2.0,1.0,0.0,0.0,0.0,0.0,0.0,0.0,0.0,0.0,0.0,2.0,0.0,16.0,0.0,0.0,0.0,5.0,0.0,0.0,0.0,1.0,0.0,13.0,0.0,0.0,0.0,5.0,0.0,2.0,0.0,0.0,9.0,0.0,0.0,0,2.0,1.0,0.0,0.0,0.0,0.0,1.0,1.0,0.0,0.0,3.0,0.0,0.0,0.0,0.0,3.0,0.0,0.0,0.0,3.0,0.0,2.0,0.0,0.0,0.0,0.0,26.0,0.0,0.0,0.0,0.0,0.0,0.0,0.0,0.0
80,4.0,0.0,0.0,0.0,0.0,6.0,0.0,4.0,633.0,0.0,5.0,0.0,0.0,3.0,403.0,34.0,20.0,0.0,12.0,17.0,0.0,0.0,0.0,4.0,35.0,2.0,14.0,0.0,1.0,0.0,0.0,0.0,6.0,57.0,135.0,16.0,28.0,3.0,177.0,4.0,38.0,5.0,0.0,8.0,33.0,0.0,3.0,0.0,5.0,20.0,0.0,0.0,0.0,2.0,0.0,4.0,0.0,386.0,0.0,20.0,0.0,9.0,0.0,7.0,0.0,20.0,0.0,152.0,0.0,1.0,7.0,61.0,2.0,79.0,1.0,6.0,56.0,0.0,0.0,2.0,0,79.0,0.0,0.0,0.0,0.0,2.0,16.0,0.0,7.0,42.0,0.0,0.0,0.0,0.0,86.0,1.0,1.0,10.0,38.0,0.0,7.0,0.0,15.0,1.0,0.0,24.0,0.0,0.0,0.0,0.0,0.0,0.0,0.0,0.0
81,0.0,0.0,0.0,0.0,1.0,145.0,0.0,1.0,701.0,1.0,0.0,0.0,0.0,2.0,543.0,123.0,1.0,0.0,23.0,5.0,1.0,0.0,2.0,0.0,16.0,1.0,52.0,0.0,10.0,0.0,0.0,1.0,3.0,9.0,376.0,0.0,68.0,0.0,59.0,3.0,15.0,1.0,0.0,6.0,3.0,0.0,0.0,0.0,2.0,28.0,7.0,0.0,0.0,12.0,0.0,91.0,2.0,169.0,0.0,4.0,0.0,8.0,0.0,19.0,0.0,5.0,0.0,104.0,0.0,1.0,28.0,97.0,14.0,8.0,2.0,27.0,128.0,0.0,0.0,1.0,79.0,0,0.0,60.0,0.0,0.0,1.0,8.0,1.0,21.0,285.0,0.0,0.0,1.0,3.0,88.0,0.0,3.0,2.0,43.0,0.0,7.0,1.0,0.0,0.0,1.0,57.0,0.0,0.0,0.0,0.0,0.0,0.0,0.0,0.0
82,0.0,0.0,0.0,0.0,0.0,0.0,0.0,3.0,2.0,0.0,0.0,0.0,0.0,0.0,0.0,0.0,1.0,0.0,0.0,0.0,0.0,0.0,0.0,0.0,0.0,0.0,0.0,0.0,0.0,0.0,0.0,0.0,0.0,0.0,0.0,0.0,0.0,0.0,0.0,0.0,0.0,0.0,0.0,0.0,0.0,0.0,0.0,0.0,0.0,0.0,0.0,0.0,0.0,0.0,0.0,0.0,0.0,0.0,0.0,0.0,0.0,0.0,0.0,0.0,0.0,0.0,0.0,0.0,0.0,0.0,3.0,0.0,0.0,0.0,0.0,0.0,0.0,0.0,0.0,0.0,0.0,0.0,0,0.0,0.0,0.0,0.0,0.0,0.0,0.0,0.0,0.0,0.0,0.0,0.0,0.0,0.0,0.0,0.0,0.0,0.0,0.0,0.0,0.0,0.0,0.0,0.0,0.0,0.0,0.0,0.0,0.0,0.0,0.0,0.0
83,0.0,0.0,0.0,0.0,0.0,0.0,0.0,2.0,40.0,0.0,0.0,0.0,0.0,26.0,49.0,1.0,0.0,0.0,2.0,0.0,0.0,0.0,0.0,0.0,26.0,0.0,2.0,0.0,23.0,0.0,0.0,0.0,0.0,0.0,26.0,0.0,0.0,0.0,1.0,0.0,1.0,0.0,0.0,64.0,0.0,0.0,0.0,0.0,2.0,0.0,0.0,0.0,0.0,0.0,0.0,0.0,0.0,3.0,0.0,0.0,0.0,0.0,0.0,104.0,0.0,48.0,0.0,5.0,0.0,1.0,0.0,12.0,0.0,47.0,0.0,0.0,2.0,0.0,0.0,0.0,0.0,60.0,0.0,0,0.0,0.0,0.0,0.0,0.0,0.0,1.0,0.0,0.0,0.0,0.0,0.0,0.0,0.0,28.0,2.0,0.0,0.0,0.0,0.0,0.0,0.0,2.0,0.0,0.0,0.0,0.0,0.0,0.0,0.0,0.0
84,0.0,1.0,0.0,0.0,0.0,0.0,0.0,0.0,4.0,0.0,0.0,0.0,0.0,0.0,1.0,0.0,0.0,0.0,0.0,0.0,0.0,0.0,0.0,0.0,0.0,0.0,0.0,0.0,0.0,0.0,0.0,0.0,0.0,0.0,1.0,0.0,0.0,0.0,0.0,0.0,0.0,0.0,0.0,0.0,0.0,0.0,0.0,0.0,0.0,0.0,0.0,0.0,0.0,0.0,0.0,0.0,0.0,0.0,0.0,0.0,0.0,0.0,0.0,0.0,0.0,0.0,0.0,0.0,0.0,0.0,0.0,0.0,0.0,0.0,0.0,0.0,0.0,0.0,0.0,0.0,0.0,0.0,0.0,0.0,0,0.0,0.0,1.0,0.0,2.0,0.0,0.0,0.0,0.0,0.0,0.0,0.0,0.0,0.0,0.0,0.0,0.0,0.0,0.0,0.0,0.0,0.0,0.0,0.0,0.0,0.0,0.0,0.0,0.0,0.0
85,0.0,0.0,0.0,0.0,0.0,0.0,0.0,0.0,2.0,0.0,0.0,0.0,0.0,0.0,0.0,0.0,0.0,0.0,0.0,0.0,0.0,0.0,0.0,0.0,0.0,0.0,0.0,0.0,0.0,0.0,0.0,0.0,0.0,0.0,0.0,0.0,0.0,0.0,0.0,0.0,0.0,0.0,0.0,0.0,0.0,0.0,0.0,0.0,0.0,0.0,0.0,0.0,0.0,0.0,0.0,0.0,0.0,0.0,0.0,0.0,0.0,0.0,0.0,0.0,0.0,0.0,0.0,0.0,0.0,0.0,0.0,1.0,0.0,0.0,0.0,0.0,0.0,0.0,0.0,0.0,0.0,0.0,0.0,0.0,0.0,0,0.0,0.0,0.0,0.0,0.0,0.0,0.0,0.0,0.0,0.0,0.0,0.0,0.0,0.0,0.0,0.0,0.0,0.0,0.0,0.0,0.0,0.0,0.0,0.0,0.0,0.0,0.0,0.0,0.0
86,0.0,0.0,0.0,0.0,0.0,7.0,0.0,0.0,122.0,0.0,0.0,0.0,0.0,0.0,217.0,103.0,3.0,0.0,59.0,1.0,0.0,0.0,0.0,0.0,8.0,0.0,11.0,0.0,1.0,0.0,1.0,1.0,1.0,4.0,53.0,4.0,1.0,4.0,2.0,0.0,7.0,9.0,0.0,22.0,3.0,0.0,1.0,11.0,0.0,3.0,0.0,0.0,0.0,16.0,0.0,0.0,0.0,25.0,0.0,0.0,0.0,0.0,0.0,0.0,1.0,15.0,0.0,66.0,0.0,0.0,1.0,16.0,0.0,15.0,2.0,8.0,18.0,0.0,0.0,1.0,2.0,1.0,0.0,0.0,0.0,0.0,0,18.0,0.0,2.0,26.0,0.0,0.0,0.0,0.0,38.0,2.0,5.0,0.0,6.0,0.0,9.0,0.0,0.0,0.0,0.0,1.0,0.0,0.0,0.0,0.0,0.0,0.0,0.0,0.0
87,12.0,0.0,0.0,7.0,11.0,58.0,0.0,349.0,1037.0,0.0,2.0,0.0,0.0,0.0,1178.0,47.0,2.0,0.0,101.0,0.0,0.0,9.0,1.0,2.0,184.0,10.0,61.0,6.0,11.0,10.0,0.0,1.0,0.0,3.0,188.0,0.0,39.0,0.0,4.0,2.0,56.0,132.0,0.0,177.0,3.0,0.0,14.0,8.0,3.0,13.0,4.0,0.0,2.0,0.0,2.0,0.0,9.0,55.0,3.0,12.0,18.0,1.0,0.0,0.0,0.0,242.0,9.0,398.0,0.0,2.0,107.0,291.0,41.0,132.0,9.0,9.0,93.0,7.0,1.0,1.0,16.0,8.0,0.0,0.0,1.0,0.0,18.0,0,0.0,583.0,29.0,0.0,0.0,85.0,2.0,68.0,3.0,8.0,0.0,26.0,0.0,6.0,23.0,4.0,0.0,0.0,51.0,0.0,0.0,0.0,0.0,0.0,0.0,0.0,0.0
88,0.0,0.0,0.0,0.0,0.0,0.0,0.0,0.0,4.0,0.0,0.0,0.0,0.0,0.0,13.0,0.0,0.0,0.0,0.0,1.0,0.0,0.0,0.0,0.0,0.0,0.0,2.0,0.0,0.0,0.0,0.0,0.0,0.0,0.0,0.0,0.0,0.0,0.0,0.0,0.0,0.0,0.0,0.0,0.0,0.0,0.0,0.0,0.0,0.0,0.0,0.0,0.0,0.0,0.0,0.0,0.0,0.0,0.0,0.0,0.0,0.0,0.0,0.0,0.0,0.0,0.0,0.0,0.0,0.0,0.0,0.0,0.0,0.0,0.0,0.0,0.0,1.0,0.0,0.0,0.0,0.0,1.0,0.0,0.0,0.0,0.0,0.0,0.0,0,0.0,0.0,0.0,0.0,0.0,0.0,2.0,0.0,0.0,0.0,0.0,0.0,0.0,0.0,0.0,0.0,0.0,0.0,0.0,0.0,0.0,0.0,0.0,0.0,0.0,0.0
89,19.0,0.0,0.0,99.0,4.0,132.0,1.0,5.0,2644.0,0.0,0.0,0.0,0.0,0.0,1773.0,128.0,6.0,2.0,386.0,6.0,1.0,1.0,6.0,0.0,414.0,16.0,18.0,0.0,8.0,31.0,0.0,40.0,13.0,8.0,455.0,2.0,12.0,17.0,2.0,5.0,76.0,39.0,0.0,121.0,13.0,0.0,17.0,0.0,9.0,1.0,0.0,0.0,0.0,4.0,2.0,2.0,9.0,86.0,0.0,3.0,0.0,35.0,1.0,0.0,2.0,477.0,0.0,1303.0,0.0,2.0,45.0,335.0,16.0,197.0,4.0,7.0,105.0,0.0,0.0,0.0,7.0,21.0,0.0,0.0,2.0,0.0,2.0,583.0,0.0,0,221.0,0.0,1.0,8.0,4.0,469.0,6.0,3.0,8.0,91.0,0.0,1.0,1.0,0.0,0.0,0.0,62.0,0.0,0.0,0.0,0.0,0.0,0.0,0.0,0.0
90,2.0,0.0,0.0,0.0,1.0,503.0,0.0,3.0,12526.0,0.0,1.0,0.0,0.0,6.0,18268.0,763.0,22.0,2.0,86.0,7.0,1.0,4.0,0.0,3.0,639.0,61.0,190.0,1.0,160.0,2.0,0.0,5.0,181.0,18.0,5614.0,24.0,1869.0,5033.0,14.0,20.0,74.0,52.0,0.0,242.0,51.0,3.0,1683.0,3.0,37.0,19.0,0.0,0.0,0.0,215.0,18.0,6.0,36.0,626.0,3.0,9.0,1.0,144.0,2.0,4.0,4.0,480.0,0.0,3272.0,4.0,9.0,101.0,1479.0,81.0,102.0,11.0,24.0,340.0,0.0,0.0,3.0,42.0,285.0,0.0,1.0,0.0,0.0,26.0,29.0,0.0,221.0,0,0.0,0.0,5.0,52.0,2814.0,16.0,22.0,64.0,1763.0,0.0,28.0,3.0,10.0,1.0,0.0,310.0,1.0,0.0,0.0,0.0,0.0,0.0,0.0,0.0
91,0.0,0.0,6.0,0.0,0.0,1.0,0.0,0.0,38.0,0.0,0.0,0.0,3.0,0.0,10.0,4.0,0.0,0.0,1.0,0.0,0.0,0.0,0.0,0.0,0.0,0.0,1.0,0.0,0.0,0.0,0.0,0.0,0.0,0.0,0.0,1.0,0.0,0.0,0.0,2.0,0.0,0.0,0.0,0.0,0.0,0.0,0.0,3.0,0.0,0.0,0.0,0.0,3.0,0.0,0.0,0.0,9.0,0.0,4.0,0.0,0.0,0.0,0.0,0.0,0.0,0.0,0.0,2.0,0.0,0.0,0.0,0.0,4.0,0.0,0.0,0.0,0.0,3.0,0.0,0.0,0.0,0.0,0.0,0.0,0.0,0.0,0.0,0.0,0.0,0.0,0.0,0,0.0,0.0,0.0,5.0,0.0,0.0,0.0,2.0,0.0,0.0,0.0,0.0,0.0,0.0,0.0,0.0,0.0,0.0,0.0,0.0,0.0,0.0,0.0
92,0.0,0.0,0.0,0.0,0.0,0.0,0.0,0.0,0.0,0.0,1.0,0.0,2.0,0.0,1.0,0.0,0.0,0.0,0.0,0.0,0.0,0.0,0.0,0.0,0.0,0.0,0.0,0.0,0.0,0.0,0.0,0.0,0.0,0.0,0.0,0.0,0.0,0.0,0.0,0.0,0.0,0.0,0.0,0.0,0.0,0.0,0.0,2.0,0.0,0.0,0.0,0.0,0.0,0.0,0.0,0.0,0.0,0.0,0.0,0.0,0.0,0.0,0.0,0.0,0.0,0.0,0.0,1.0,0.0,0.0,0.0,0.0,0.0,0.0,0.0,0.0,0.0,1.0,0.0,0.0,0.0,0.0,0.0,0.0,0.0,0.0,0.0,0.0,0.0,1.0,0.0,0.0,0,0.0,0.0,2.0,0.0,0.0,0.0,0.0,0.0,0.0,0.0,0.0,0.0,0.0,0.0,0.0,0.0,0.0,0.0,0.0,0.0,0.0,0.0
93,0.0,0.0,0.0,2.0,0.0,10.0,0.0,198.0,137.0,0.0,0.0,0.0,2.0,0.0,110.0,6.0,12.0,0.0,0.0,0.0,0.0,0.0,0.0,0.0,7.0,0.0,2.0,18.0,0.0,0.0,0.0,0.0,0.0,1.0,12.0,0.0,0.0,1.0,0.0,14.0,77.0,23.0,0.0,2.0,1.0,0.0,0.0,2.0,0.0,3.0,1.0,0.0,0.0,4.0,4.0,0.0,2.0,2.0,0.0,8.0,17.0,1.0,0.0,0.0,0.0,2.0,0.0,40.0,0.0,6.0,33.0,2.0,0.0,5.0,0.0,0.0,8.0,0.0,0.0,0.0,0.0,1.0,0.0,0.0,0.0,0.0,0.0,85.0,0.0,8.0,5.0,0.0,0.0,0,0.0,13.0,0.0,0.0,3.0,2.0,0.0,0.0,30.0,0.0,0.0,0.0,19.0,0.0,0.0,0.0,0.0,0.0,0.0,0.0,0.0
94,0.0,0.0,0.0,0.0,0.0,4.0,0.0,1.0,373.0,3.0,0.0,0.0,0.0,0.0,463.0,4.0,0.0,0.0,0.0,0.0,0.0,0.0,0.0,3.0,7.0,4.0,14.0,0.0,2.0,0.0,0.0,1.0,83.0,0.0,69.0,0.0,0.0,0.0,3.0,0.0,0.0,0.0,0.0,1.0,0.0,0.0,1.0,0.0,0.0,1.0,0.0,0.0,0.0,0.0,0.0,0.0,1.0,8.0,0.0,1.0,0.0,0.0,0.0,2.0,0.0,53.0,0.0,109.0,0.0,0.0,0.0,26.0,1.0,4.0,0.0,1.0,25.0,0.0,0.0,0.0,0.0,3.0,0.0,0.0,0.0,0.0,0.0,2.0,0.0,4.0,52.0,0.0,0.0,0.0,0,414.0,1.0,0.0,3.0,331.0,0.0,0.0,0.0,3.0,0.0,0.0,7.0,0.0,0.0,0.0,0.0,0.0,0.0,0.0,0.0
95,6.0,0.0,0.0,0.0,1.0,498.0,170.0,2.0,18160.0,0.0,11.0,0.0,2.0,12.0,20463.0,361.0,114.0,0.0,199.0,12.0,5.0,2.0,1.0,17.0,550.0,67.0,217.0,0.0,72.0,1.0,0.0,59.0,574.0,36.0,4761.0,18.0,167.0,186.0,71.0,42.0,119.0,55.0,0.0,152.0,37.0,0.0,4910.0,7.0,108.0,31.0,0.0,1.0,0.0,72.0,6.0,12.0,20.0,787.0,9.0,52.0,7.0,287.0,1.0,9.0,78.0,474.0,0.0,5493.0,10.0,12.0,58.0,1266.0,60.0,370.0,3.0,32.0,397.0,2.0,0.0,3.0,86.0,88.0,0.0,0.0,0.0,0.0,38.0,68.0,2.0,469.0,2814.0,5.0,2.0,13.0,414.0,0,12.0,29.0,60.0,6147.0,0.0,63.0,2.0,14.0,6.0,0.0,242.0,1.0,0.0,0.0,0.0,0.0,0.0,0.0,0.0
96,0.0,0.0,0.0,0.0,0.0,8.0,0.0,0.0,159.0,0.0,0.0,0.0,0.0,6.0,444.0,19.0,3.0,0.0,28.0,0.0,0.0,1.0,0.0,0.0,99.0,2.0,7.0,0.0,3.0,0.0,0.0,0.0,2.0,0.0,119.0,1.0,1.0,1.0,1.0,1.0,1.0,1.0,0.0,30.0,0.0,0.0,0.0,0.0,1.0,0.0,0.0,0.0,0.0,0.0,0.0,1.0,0.0,9.0,2.0,0.0,0.0,5.0,0.0,0.0,0.0,49.0,0.0,111.0,0.0,0.0,0.0,358.0,0.0,42.0,0.0,0.0,11.0,0.0,0.0,0.0,1.0,0.0,0.0,0.0,0.0,0.0,2.0,3.0,0.0,6.0,16.0,0.0,0.0,0.0,1.0,12.0,0,40.0,1.0,10.0,0.0,0.0,0.0,0.0,0.0,0.0,11.0,0.0,0.0,0.0,0.0,0.0,0.0,0.0,0.0
97,0.0,0.0,0.0,0.0,0.0,7.0,0.0,0.0,247.0,0.0,0.0,0.0,0.0,0.0,592.0,34.0,0.0,0.0,3.0,0.0,0.0,0.0,0.0,2.0,41.0,1.0,1.0,1.0,1.0,0.0,0.0,0.0,11.0,0.0,93.0,0.0,1.0,2.0,1.0,1.0,7.0,0.0,0.0,76.0,1.0,0.0,1.0,0.0,0.0,1.0,0.0,0.0,0.0,2.0,0.0,0.0,0.0,36.0,0.0,0.0,0.0,0.0,0.0,0.0,0.0,26.0,0.0,150.0,0.0,0.0,0.0,82.0,0.0,20.0,0.0,3.0,16.0,0.0,0.0,0.0,1.0,3.0,0.0,0.0,0.0,0.0,5.0,8.0,0.0,3.0,22.0,0.0,0.0,0.0,0.0,29.0,40.0,0,2.0,17.0,1.0,1.0,0.0,0.0,0.0,0.0,0.0,0.0,0.0,0.0,0.0,0.0,0.0,0.0,0.0
98,0.0,0.0,0.0,0.0,1.0,13.0,1.0,1.0,877.0,0.0,0.0,0.0,0.0,1.0,616.0,13.0,0.0,0.0,17.0,2.0,0.0,2.0,0.0,1.0,16.0,11.0,11.0,0.0,1.0,0.0,0.0,23.0,2.0,4.0,166.0,4.0,5.0,1.0,4.0,6.0,11.0,2.0,0.0,12.0,3.0,0.0,5.0,0.0,1.0,1.0,0.0,0.0,0.0,8.0,0.0,0.0,0.0,27.0,0.0,0.0,0.0,1.0,0.0,5.0,0.0,38.0,0.0,320.0,0.0,0.0,9.0,114.0,4.0,6.0,1.0,1.0,11.0,0.0,0.0,0.0,10.0,2.0,0.0,28.0,0.0,0.0,0.0,0.0,0.0,8.0,64.0,0.0,0.0,3.0,3.0,60.0,1.0,2.0,0,50.0,0.0,0.0,0.0,0.0,0.0,0.0,8.0,6.0,0.0,0.0,0.0,0.0,0.0,0.0,0.0
99,2.0,0.0,1.0,0.0,6.0,738.0,0.0,8.0,11440.0,1.0,0.0,0.0,0.0,12.0,14581.0,239.0,38.0,1.0,72.0,9.0,0.0,1.0,3.0,7.0,291.0,29.0,134.0,0.0,30.0,0.0,1.0,4.0,494.0,145.0,7170.0,22.0,975.0,33.0,31.0,14.0,82.0,62.0,0.0,124.0,23.0,0.0,573.0,5.0,18.0,31.0,3.0,0.0,0.0,24.0,5.0,3.0,17.0,371.0,6.0,93.0,0.0,114.0,2.0,12.0,4.0,238.0,1.0,3936.0,0.0,5.0,61.0,1148.0,243.0,63.0,6.0,22.0,156.0,3.0,0.0,3.0,38.0,43.0,0.0,2.0,0.0,0.0,6.0,26.0,0.0,91.0,1763.0,2.0,0.0,2.0,331.0,6147.0,10.0,17.0,50.0,0,2.0,50.0,0.0,26.0,3.0,0.0,196.0,1.0,0.0,0.0,0.0,0.0,0.0,0.0,0.0
100,0.0,0.0,0.0,0.0,0.0,0.0,0.0,0.0,3.0,10.0,0.0,0.0,0.0,0.0,3.0,0.0,0.0,0.0,1.0,0.0,1.0,0.0,0.0,0.0,0.0,0.0,0.0,0.0,0.0,0.0,0.0,0.0,0.0,0.0,0.0,0.0,0.0,0.0,0.0,0.0,0.0,0.0,0.0,0.0,0.0,0.0,0.0,0.0,0.0,0.0,0.0,0.0,0.0,0.0,0.0,0.0,7.0,0.0,0.0,0.0,0.0,0.0,0.0,0.0,0.0,0.0,0.0,3.0,0.0,0.0,0.0,0.0,0.0,1.0,0.0,0.0,0.0,0.0,0.0,0.0,0.0,0.0,0.0,0.0,0.0,0.0,0.0,0.0,0.0,0.0,0.0,0.0,0.0,0.0,0.0,0.0,0.0,1.0,0.0,2.0,0,0.0,0.0,0.0,0.0,0.0,0.0,0.0,0.0,0.0,0.0,0.0,0.0,0.0,0.0
101,2.0,0.0,0.0,0.0,0.0,7.0,3.0,8.0,378.0,0.0,0.0,0.0,0.0,5.0,499.0,105.0,16.0,0.0,19.0,16.0,0.0,0.0,0.0,5.0,16.0,1.0,24.0,0.0,0.0,0.0,0.0,0.0,1.0,345.0,152.0,1.0,4.0,9.0,15.0,3.0,0.0,23.0,0.0,1.0,12.0,0.0,1.0,19.0,5.0,2.0,0.0,0.0,1.0,1.0,1.0,4.0,0.0,593.0,0.0,1.0,0.0,6.0,0.0,1.0,0.0,5.0,0.0,166.0,0.0,0.0,5.0,73.0,1.0,3.0,0.0,83.0,222.0,0.0,0.0,2.0,7.0,7.0,0.0,0.0,0.0,0.0,9.0,6.0,0.0,1.0,28.0,0.0,0.0,0.0,0.0,63.0,0.0,1.0,0.0,50.0,0.0,0,0.0,15.0,0.0,0.0,100.0,0.0,0.0,0.0,0.0,0.0,0.0,0.0,0.0
102,0.0,0.0,0.0,0.0,0.0,1.0,0.0,3.0,38.0,0.0,0.0,0.0,0.0,0.0,41.0,0.0,0.0,0.0,1.0,0.0,0.0,0.0,0.0,1.0,3.0,0.0,0.0,0.0,0.0,0.0,0.0,0.0,0.0,0.0,14.0,0.0,3.0,0.0,1.0,0.0,4.0,8.0,0.0,3.0,0.0,0.0,0.0,0.0,1.0,0.0,0.0,0.0,0.0,0.0,0.0,0.0,0.0,5.0,0.0,0.0,23.0,0.0,0.0,0.0,0.0,8.0,0.0,16.0,0.0,0.0,691.0,8.0,0.0,2.0,0.0,0.0,0.0,0.0,0.0,0.0,0.0,1.0,0.0,0.0,0.0,0.0,0.0,23.0,0.0,1.0,3.0,0.0,0.0,30.0,0.0,2.0,0.0,0.0,0.0,0.0,0.0,0.0,0,0.0,0.0,0.0,0.0,0.0,0.0,0.0,0.0,0.0,0.0,0.0,0.0
103,1.0,0.0,0.0,0.0,1.0,9.0,0.0,3.0,460.0,0.0,0.0,0.0,0.0,3.0,208.0,19.0,0.0,0.0,2.0,1.0,0.0,0.0,0.0,3.0,6.0,5.0,6.0,0.0,1.0,0.0,0.0,0.0,0.0,93.0,37.0,4.0,7.0,3.0,6.0,4.0,12.0,1.0,0.0,5.0,0.0,0.0,0.0,0.0,3.0,1.0,0.0,0.0,0.0,0.0,0.0,0.0,0.0,44.0,0.0,2.0,0.0,0.0,0.0,0.0,0.0,4.0,0.0,31.0,0.0,2.0,10.0,12.0,6.0,2.0,0.0,0.0,9.0,0.0,0.0,0.0,15.0,0.0,0.0,0.0,0.0,0.0,0.0,4.0,0.0,0.0,10.0,0.0,0.0,0.0,3.0,14.0,0.0,0.0,0.0,26.0,0.0,15.0,0.0,0,0.0,0.0,53.0,0.0,0.0,0.0,0.0,0.0,0.0,0.0,0.0
104,0.0,0.0,0.0,0.0,0.0,0.0,1.0,0.0,21.0,0.0,0.0,0.0,0.0,0.0,23.0,0.0,0.0,0.0,8.0,0.0,0.0,10.0,0.0,0.0,0.0,0.0,2.0,0.0,0.0,0.0,0.0,0.0,0.0,0.0,2.0,0.0,2.0,0.0,0.0,0.0,0.0,0.0,0.0,0.0,0.0,0.0,0.0,0.0,0.0,0.0,0.0,0.0,0.0,0.0,0.0,1.0,0.0,0.0,0.0,0.0,0.0,0.0,0.0,0.0,0.0,2.0,0.0,6.0,0.0,0.0,0.0,0.0,4.0,0.0,0.0,0.0,0.0,0.0,0.0,0.0,1.0,0.0,0.0,0.0,0.0,0.0,0.0,0.0,0.0,0.0,1.0,0.0,0.0,0.0,0.0,6.0,0.0,0.0,0.0,3.0,0.0,0.0,0.0,0.0,0,0.0,5.0,0.0,0.0,0.0,0.0,0.0,0.0,0.0,0.0
105,0.0,0.0,0.0,0.0,0.0,0.0,0.0,0.0,0.0,0.0,0.0,0.0,0.0,0.0,0.0,0.0,0.0,0.0,0.0,0.0,0.0,0.0,0.0,0.0,0.0,0.0,0.0,0.0,0.0,0.0,0.0,0.0,0.0,0.0,0.0,0.0,0.0,0.0,0.0,0.0,0.0,0.0,0.0,0.0,0.0,0.0,0.0,0.0,0.0,0.0,9.0,0.0,0.0,0.0,0.0,0.0,1.0,1.0,0.0,0.0,0.0,0.0,0.0,0.0,0.0,4.0,0.0,0.0,0.0,0.0,0.0,0.0,3.0,0.0,0.0,0.0,0.0,0.0,0.0,0.0,0.0,1.0,0.0,0.0,0.0,0.0,0.0,0.0,0.0,0.0,0.0,0.0,0.0,0.0,0.0,0.0,0.0,0.0,0.0,0.0,0.0,0.0,0.0,0.0,0.0,0,0.0,0.0,0.0,0.0,0.0,0.0,0.0,0.0,0.0
106,0.0,0.0,0.0,2.0,0.0,111.0,8.0,33.0,3046.0,0.0,0.0,0.0,0.0,14.0,2138.0,2028.0,48.0,0.0,69.0,8.0,3.0,0.0,0.0,19.0,67.0,2.0,158.0,0.0,5.0,3.0,0.0,0.0,7.0,477.0,399.0,26.0,1031.0,24.0,36.0,3.0,9.0,41.0,0.0,186.0,26.0,9.0,1.0,4.0,9.0,10.0,0.0,0.0,0.0,8.0,1.0,16.0,3.0,1414.0,6.0,2.0,0.0,246.0,0.0,5.0,0.0,76.0,0.0,456.0,0.0,0.0,25.0,176.0,13.0,57.0,2.0,42.0,896.0,1.0,0.0,26.0,24.0,57.0,0.0,2.0,0.0,0.0,1.0,51.0,0.0,62.0,310.0,0.0,0.0,19.0,7.0,242.0,11.0,0.0,8.0,196.0,0.0,100.0,0.0,53.0,5.0,0.0,0,0.0,0.0,0.0,0.0,0.0,0.0,0.0,0.0
107,0.0,0.0,0.0,0.0,0.0,0.0,0.0,0.0,44.0,0.0,0.0,0.0,0.0,0.0,21.0,1.0,0.0,0.0,4.0,0.0,0.0,0.0,0.0,0.0,0.0,0.0,0.0,0.0,0.0,0.0,0.0,0.0,4.0,0.0,3.0,0.0,0.0,2.0,0.0,0.0,0.0,0.0,0.0,0.0,0.0,0.0,0.0,0.0,0.0,0.0,0.0,0.0,0.0,0.0,0.0,0.0,0.0,0.0,0.0,0.0,0.0,0.0,0.0,0.0,0.0,3.0,0.0,8.0,0.0,0.0,0.0,3.0,0.0,0.0,0.0,0.0,0.0,0.0,0.0,0.0,0.0,0.0,0.0,0.0,0.0,0.0,0.0,0.0,0.0,0.0,1.0,0.0,0.0,0.0,0.0,1.0,0.0,0.0,6.0,1.0,0.0,0.0,0.0,0.0,0.0,0.0,0.0,0,0.0,0.0,0.0,0.0,0.0,0.0,0.0
108,0.0,0.0,0.0,0.0,0.0,0.0,0.0,0.0,0.0,0.0,0.0,0.0,0.0,0.0,0.0,0.0,0.0,0.0,0.0,0.0,0.0,0.0,0.0,0.0,0.0,0.0,0.0,0.0,0.0,0.0,0.0,0.0,0.0,0.0,0.0,0.0,0.0,0.0,0.0,0.0,0.0,0.0,0.0,0.0,0.0,0.0,0.0,0.0,0.0,0.0,0.0,0.0,0.0,0.0,0.0,0.0,0.0,0.0,0.0,0.0,0.0,0.0,0.0,0.0,0.0,0.0,0.0,0.0,0.0,0.0,0.0,0.0,0.0,0.0,0.0,0.0,0.0,0.0,0.0,0.0,0.0,0.0,0.0,0.0,0.0,0.0,0.0,0.0,0.0,0.0,0.0,0.0,0.0,0.0,0.0,0.0,0.0,0.0,0.0,0.0,0.0,0.0,0.0,0.0,0.0,0.0,0.0,0.0,0,0.0,0.0,0.0,0.0,0.0,0.0
109,0.0,0.0,0.0,0.0,0.0,0.0,0.0,0.0,0.0,0.0,0.0,0.0,0.0,0.0,0.0,0.0,0.0,0.0,0.0,0.0,0.0,0.0,0.0,0.0,0.0,0.0,0.0,0.0,0.0,0.0,0.0,0.0,0.0,0.0,0.0,0.0,0.0,0.0,0.0,0.0,0.0,0.0,0.0,0.0,0.0,0.0,0.0,0.0,0.0,0.0,0.0,0.0,0.0,0.0,0.0,0.0,0.0,0.0,0.0,0.0,0.0,0.0,0.0,0.0,0.0,0.0,0.0,0.0,0.0,0.0,0.0,0.0,0.0,0.0,0.0,0.0,0.0,0.0,0.0,0.0,0.0,0.0,0.0,0.0,0.0,0.0,0.0,0.0,0.0,0.0,0.0,0.0,0.0,0.0,0.0,0.0,0.0,0.0,0.0,0.0,0.0,0.0,0.0,0.0,0.0,0.0,0.0,0.0,0.0,0,0.0,0.0,0.0,0.0,0.0
110,0.0,0.0,0.0,0.0,0.0,0.0,0.0,0.0,0.0,0.0,0.0,0.0,0.0,0.0,0.0,0.0,0.0,0.0,0.0,0.0,0.0,0.0,0.0,0.0,0.0,0.0,0.0,0.0,0.0,0.0,0.0,0.0,0.0,0.0,0.0,0.0,0.0,0.0,0.0,0.0,0.0,0.0,0.0,0.0,0.0,0.0,0.0,0.0,0.0,0.0,0.0,0.0,0.0,0.0,0.0,0.0,0.0,0.0,0.0,0.0,0.0,0.0,0.0,0.0,0.0,0.0,0.0,0.0,0.0,0.0,0.0,0.0,0.0,0.0,0.0,0.0,0.0,0.0,0.0,0.0,0.0,0.0,0.0,0.0,0.0,0.0,0.0,0.0,0.0,0.0,0.0,0.0,0.0,0.0,0.0,0.0,0.0,0.0,0.0,0.0,0.0,0.0,0.0,0.0,0.0,0.0,0.0,0.0,0.0,0.0,0,0.0,0.0,0.0,0.0
111,0.0,0.0,0.0,0.0,0.0,0.0,0.0,0.0,0.0,0.0,0.0,0.0,0.0,0.0,0.0,0.0,0.0,0.0,0.0,0.0,0.0,0.0,0.0,0.0,0.0,0.0,0.0,0.0,0.0,0.0,0.0,0.0,0.0,0.0,0.0,0.0,0.0,0.0,0.0,0.0,0.0,0.0,0.0,0.0,0.0,0.0,0.0,0.0,0.0,0.0,0.0,0.0,0.0,0.0,0.0,0.0,0.0,0.0,0.0,0.0,0.0,0.0,0.0,0.0,0.0,0.0,0.0,0.0,0.0,0.0,0.0,0.0,0.0,0.0,0.0,0.0,0.0,0.0,0.0,0.0,0.0,0.0,0.0,0.0,0.0,0.0,0.0,0.0,0.0,0.0,0.0,0.0,0.0,0.0,0.0,0.0,0.0,0.0,0.0,0.0,0.0,0.0,0.0,0.0,0.0,0.0,0.0,0.0,0.0,0.0,0.0,0,0.0,0.0,0.0
112,0.0,0.0,0.0,0.0,0.0,0.0,0.0,0.0,0.0,0.0,0.0,0.0,0.0,0.0,0.0,0.0,0.0,0.0,0.0,0.0,0.0,0.0,0.0,0.0,0.0,0.0,0.0,0.0,0.0,0.0,0.0,0.0,0.0,0.0,0.0,0.0,0.0,0.0,0.0,0.0,0.0,0.0,0.0,0.0,0.0,0.0,0.0,0.0,0.0,0.0,0.0,0.0,0.0,0.0,0.0,0.0,0.0,0.0,0.0,0.0,0.0,0.0,0.0,0.0,0.0,0.0,0.0,0.0,0.0,0.0,0.0,0.0,0.0,0.0,0.0,0.0,0.0,0.0,0.0,0.0,0.0,0.0,0.0,0.0,0.0,0.0,0.0,0.0,0.0,0.0,0.0,0.0,0.0,0.0,0.0,0.0,0.0,0.0,0.0,0.0,0.0,0.0,0.0,0.0,0.0,0.0,0.0,0.0,0.0,0.0,0.0,0.0,0,0.0,0.0
113,0.0,0.0,0.0,0.0,0.0,0.0,0.0,0.0,0.0,0.0,0.0,0.0,0.0,0.0,0.0,0.0,0.0,0.0,0.0,0.0,0.0,0.0,0.0,0.0,0.0,0.0,0.0,0.0,0.0,0.0,0.0,0.0,0.0,0.0,0.0,0.0,0.0,0.0,0.0,0.0,0.0,0.0,0.0,0.0,0.0,0.0,0.0,0.0,0.0,0.0,0.0,0.0,0.0,0.0,0.0,0.0,0.0,0.0,0.0,0.0,0.0,0.0,0.0,0.0,0.0,0.0,0.0,0.0,0.0,0.0,0.0,0.0,0.0,0.0,0.0,0.0,0.0,0.0,0.0,0.0,0.0,0.0,0.0,0.0,0.0,0.0,0.0,0.0,0.0,0.0,0.0,0.0,0.0,0.0,0.0,0.0,0.0,0.0,0.0,0.0,0.0,0.0,0.0,0.0,0.0,0.0,0.0,0.0,0.0,0.0,0.0,0.0,0.0,0,0.0
114,0.0,0.0,0.0,0.0,0.0,0.0,0.0,0.0,0.0,0.0,0.0,0.0,0.0,0.0,0.0,0.0,0.0,0.0,0.0,0.0,0.0,0.0,0.0,0.0,0.0,0.0,0.0,0.0,0.0,0.0,0.0,0.0,0.0,0.0,0.0,0.0,0.0,0.0,0.0,0.0,0.0,0.0,0.0,0.0,0.0,0.0,0.0,0.0,0.0,0.0,0.0,0.0,0.0,0.0,0.0,0.0,0.0,0.0,0.0,0.0,0.0,0.0,0.0,0.0,0.0,0.0,0.0,0.0,0.0,0.0,0.0,0.0,0.0,0.0,0.0,0.0,0.0,0.0,0.0,0.0,0.0,0.0,0.0,0.0,0.0,0.0,0.0,0.0,0.0,0.0,0.0,0.0,0.0,0.0,0.0,0.0,0.0,0.0,0.0,0.0,0.0,0.0,0.0,0.0,0.0,0.0,0.0,0.0,0.0,0.0,0.0,0.0,0.0,0.0,0
