graphID = 14

0000
0000
0000
1110


graphID = 28

0000
0000
0001
1100


graphID = 30

0000
0000
0001
1110


graphID = 74

0000
0000
0100
1010


graphID = 76

0000
0000
0100
1100


graphID = 78

0000
0000
0100
1110


graphID = 90

0000
0000
0101
1010


graphID = 92

0000
0000
0101
1100


graphID = 94

0000
0000
0101
1110


graphID = 204

0000
0000
1100
1100


graphID = 206

0000
0000
1100
1110


graphID = 222

0000
0000
1101
1110


graphID = 280

0000
0001
0001
1000


graphID = 282

0000
0001
0001
1010


graphID = 286

0000
0001
0001
1110


graphID = 328

0000
0001
0100
1000


graphID = 330

0000
0001
0100
1010


graphID = 332

0000
0001
0100
1100


graphID = 334

0000
0001
0100
1110


graphID = 344

0000
0001
0101
1000


graphID = 346

0000
0001
0101
1010


graphID = 348

0000
0001
0101
1100


graphID = 350

0000
0001
0101
1110


graphID = 390

0000
0001
1000
0110


graphID = 392

0000
0001
1000
1000


graphID = 394

0000
0001
1000
1010


graphID = 396

0000
0001
1000
1100


graphID = 398

0000
0001
1000
1110


graphID = 404

0000
0001
1001
0100


graphID = 406

0000
0001
1001
0110


graphID = 408

0000
0001
1001
1000


graphID = 410

0000
0001
1001
1010


graphID = 412

0000
0001
1001
1100


graphID = 414

0000
0001
1001
1110


graphID = 454

0000
0001
1100
0110


graphID = 456

0000
0001
1100
1000


graphID = 458

0000
0001
1100
1010


graphID = 460

0000
0001
1100
1100


graphID = 462

0000
0001
1100
1110


graphID = 468

0000
0001
1101
0100


graphID = 470

0000
0001
1101
0110


graphID = 472

0000
0001
1101
1000


graphID = 474

0000
0001
1101
1010


graphID = 476

0000
0001
1101
1100


graphID = 478

0000
0001
1101
1110


graphID = 856

0000
0011
0101
1000


graphID = 858

0000
0011
0101
1010


graphID = 862

0000
0011
0101
1110


graphID = 904

0000
0011
1000
1000


graphID = 906

0000
0011
1000
1010


graphID = 908

0000
0011
1000
1100


graphID = 910

0000
0011
1000
1110


graphID = 922

0000
0011
1001
1010


graphID = 924

0000
0011
1001
1100


graphID = 926

0000
0011
1001
1110


graphID = 972

0000
0011
1100
1100


graphID = 974

0000
0011
1100
1110


graphID = 990

0000
0011
1101
1110


graphID = 2184

0000
1000
1000
1000


graphID = 2186

0000
1000
1000
1010


graphID = 2190

0000
1000
1000
1110


graphID = 2202

0000
1000
1001
1010


graphID = 2204

0000
1000
1001
1100


graphID = 2206

0000
1000
1001
1110


graphID = 2252

0000
1000
1100
1100


graphID = 2254

0000
1000
1100
1110


graphID = 2270

0000
1000
1101
1110


graphID = 2458

0000
1001
1001
1010


graphID = 2462

0000
1001
1001
1110


graphID = 2506

0000
1001
1100
1010


graphID = 2510

0000
1001
1100
1110


graphID = 2524

0000
1001
1101
1100


graphID = 2526

0000
1001
1101
1110


graphID = 3038

0000
1011
1101
1110


graphID = 4370

0001
0001
0001
0010


graphID = 4374

0001
0001
0001
0110


graphID = 4382

0001
0001
0001
1110


graphID = 4418

0001
0001
0100
0010


graphID = 4420

0001
0001
0100
0100


graphID = 4422

0001
0001
0100
0110


graphID = 4424

0001
0001
0100
1000


graphID = 4426

0001
0001
0100
1010


graphID = 4428

0001
0001
0100
1100


graphID = 4430

0001
0001
0100
1110


graphID = 4434

0001
0001
0101
0010


graphID = 4436

0001
0001
0101
0100


graphID = 4438

0001
0001
0101
0110


graphID = 4440

0001
0001
0101
1000


graphID = 4442

0001
0001
0101
1010


graphID = 4444

0001
0001
0101
1100


graphID = 4446

0001
0001
0101
1110


graphID = 4546

0001
0001
1100
0010


graphID = 4548

0001
0001
1100
0100


graphID = 4550

0001
0001
1100
0110


graphID = 4556

0001
0001
1100
1100


graphID = 4558

0001
0001
1100
1110


graphID = 4562

0001
0001
1101
0010


graphID = 4564

0001
0001
1101
0100


graphID = 4566

0001
0001
1101
0110


graphID = 4572

0001
0001
1101
1100


graphID = 4574

0001
0001
1101
1110


graphID = 4678

0001
0010
0100
0110


graphID = 4682

0001
0010
0100
1010


graphID = 4686

0001
0010
0100
1110


graphID = 4692

0001
0010
0101
0100


graphID = 4694

0001
0010
0101
0110


graphID = 4698

0001
0010
0101
1010


graphID = 4700

0001
0010
0101
1100


graphID = 4702

0001
0010
0101
1110


graphID = 4740

0001
0010
1000
0100


graphID = 4742

0001
0010
1000
0110


graphID = 4748

0001
0010
1000
1100


graphID = 4750

0001
0010
1000
1110


graphID = 4758

0001
0010
1001
0110


graphID = 4764

0001
0010
1001
1100


graphID = 4766

0001
0010
1001
1110


graphID = 4812

0001
0010
1100
1100


graphID = 4814

0001
0010
1100
1110


graphID = 4830

0001
0010
1101
1110


graphID = 4946

0001
0011
0101
0010


graphID = 4950

0001
0011
0101
0110


graphID = 4952

0001
0011
0101
1000


graphID = 4954

0001
0011
0101
1010


graphID = 4958

0001
0011
0101
1110


graphID = 4994

0001
0011
1000
0010


graphID = 4998

0001
0011
1000
0110


graphID = 5002

0001
0011
1000
1010


graphID = 5004

0001
0011
1000
1100


graphID = 5006

0001
0011
1000
1110


graphID = 5010

0001
0011
1001
0010


graphID = 5012

0001
0011
1001
0100


graphID = 5014

0001
0011
1001
0110


graphID = 5016

0001
0011
1001
1000


graphID = 5018

0001
0011
1001
1010


graphID = 5020

0001
0011
1001
1100


graphID = 5022

0001
0011
1001
1110


graphID = 5058

0001
0011
1100
0010


graphID = 5062

0001
0011
1100
0110


graphID = 5064

0001
0011
1100
1000


graphID = 5066

0001
0011
1100
1010


graphID = 5068

0001
0011
1100
1100


graphID = 5070

0001
0011
1100
1110


graphID = 5074

0001
0011
1101
0010


graphID = 5076

0001
0011
1101
0100


graphID = 5078

0001
0011
1101
0110


graphID = 5080

0001
0011
1101
1000


graphID = 5082

0001
0011
1101
1010


graphID = 5084

0001
0011
1101
1100


graphID = 5086

0001
0011
1101
1110


graphID = 6342

0001
1000
1100
0110


graphID = 6348

0001
1000
1100
1100


graphID = 6350

0001
1000
1100
1110


graphID = 6356

0001
1000
1101
0100


graphID = 6358

0001
1000
1101
0110


graphID = 6364

0001
1000
1101
1100


graphID = 6366

0001
1000
1101
1110


graphID = 6550

0001
1001
1001
0110


graphID = 6552

0001
1001
1001
1000


graphID = 6554

0001
1001
1001
1010


graphID = 6558

0001
1001
1001
1110


graphID = 6598

0001
1001
1100
0110


graphID = 6602

0001
1001
1100
1010


graphID = 6604

0001
1001
1100
1100


graphID = 6606

0001
1001
1100
1110


graphID = 6614

0001
1001
1101
0110


graphID = 6616

0001
1001
1101
1000


graphID = 6618

0001
1001
1101
1010


graphID = 6620

0001
1001
1101
1100


graphID = 6622

0001
1001
1101
1110


graphID = 6854

0001
1010
1100
0110


graphID = 6858

0001
1010
1100
1010


graphID = 6862

0001
1010
1100
1110


graphID = 6870

0001
1010
1101
0110


graphID = 6874

0001
1010
1101
1010


graphID = 6876

0001
1010
1101
1100


graphID = 6878

0001
1010
1101
1110


graphID = 7126

0001
1011
1101
0110


graphID = 7128

0001
1011
1101
1000


graphID = 7130

0001
1011
1101
1010


graphID = 7134

0001
1011
1101
1110


graphID = 13142

0011
0011
0101
0110


graphID = 13146

0011
0011
0101
1010


graphID = 13148

0011
0011
0101
1100


graphID = 13150

0011
0011
0101
1110


graphID = 13260

0011
0011
1100
1100


graphID = 13262

0011
0011
1100
1110


graphID = 13278

0011
0011
1101
1110


graphID = 14678

0011
1001
0101
0110


graphID = 14686

0011
1001
0101
1110


graphID = 14790

0011
1001
1100
0110


graphID = 14798

0011
1001
1100
1110


graphID = 14810

0011
1001
1101
1010


graphID = 14812

0011
1001
1101
1100


graphID = 14814

0011
1001
1101
1110


graphID = 15258

0011
1011
1001
1010


graphID = 15262

0011
1011
1001
1110


graphID = 15310

0011
1011
1100
1110


graphID = 15326

0011
1011
1101
1110


graphID = 31710

0111
1011
1101
1110


